143
61
82
152.12
142.95
147.49
145.5
139.45
155.25
142.47
145.12
128
134.24
142.1
144.74
146.73
128
139.83
135.85
132.92
134.05
121.57
132.35
130.55
133.01
139.26
124.4
127.05
131.31
120.24
143.8
121.28
129.51
136.61
123.46
139.45
118.44
122.23
127.15
130.18
129.7
124.78
119.86
135.76
137.37
144.84
128.09
140.3
122.8
139.54
130.93
151.27
126.49
139.54
141.53
145.22
133.68
135
132.92
161.77
157.33
171.52
149.76
141.34
147.58
150.8
530.16
834.6
833.28
0.69
3.47
1.47
1.65
0.87
2.43
4.07
1.73
2.43
4.77
3.47
1.99
-116.22
-130.09
-117.52
-145.52
-157.65
-130.61
-145.43
-133.73
-136.07
-136.42
-135.21
-135.64
-135.03
-132.26
-145.95
-132
-128.18
-120.64
-125.84
-141.62
-140.75
-136.94
-128.88
-136.85
-133.3
-118.82
-124.46
-118.39
-132.6
-130.78
-52
-132.95
-123.85
-133.13
-135.12
-125.24
-126.8
-116.14
-127.75
-129.83
-123.07
-136.25
-124.72
-126.71
-134.17
-127.58
-136.77
-125.15
-127.92
-130.87
-123.76
-146.3
-134.25
-127.58
-131.82
-134.43
-141.88
-116.05
-144.65
-138.33
-137.37
-139.19
-128.36
-116.92
-126.88
59.02
56.38
53.86
51.32
48.82
46.25
43.73
41.18
38.62
36.35
33.82
31.16
28.84
26.15
23.65
21.17
18.59
16.12
13.62
11.04
7.95
4.41
0.98
-2.59
-5.89
-9.54
-12
-14.56
-17.23
-19.75
-22.23
-24.84
-27.33
-29.94
-32.36
-34.85
-37.16
-39.77
-42.24
-44.82
-47.46
-50.04
-52.48
-54.98
-57.56
-60.13
-62.54
-65.23
-67.68
-70.29
-72.73
-75.34
-77.54
-80.13
-82.7
-85.28
-87.8
-90.36
-92.85
-95.43
-97.87
-100.47
-102.73
-105.08
-105.9
-105.88
-105.9
-105.88
-105.9
-105.92
-105.66
-103.41
-100.61
-98.23
-95.59
-93.02
-90.78
-88.3
-85.74
-83.16
-80.57
-78.08
-75.55
-73
-70.43
-67.89
-65.62
-63.1
-60.5
-57.93
-55.45
-52.91
-50.38
-47.84
-45.24
-42.66
-40.24
-37.66
-35.09
-32.67
-30.15
-27.88
-25.29
-22.7
-20.13
-17.57
-15.04
-12.49
-10.09
-6.61
-2.97
0.45
3.97
7.5
10.69
13.26
15.82
18.22
20.81
23.38
25.89
28.4
30.84
33.35
35.69
38.35
40.89
43.42
45.95
48.48
51.06
53.51
55.9
58.4
61.06
63.53
66.05
68.66
71.11
73.67
76.15
78.79
81.24
