144
62
82
147.11
156.67
154.39
150.04
141.91
145.5
147.68
155.34
133.01
141.81
146.92
157.42
148.81
146.54
141.62
130.55
142.85
138.31
135.57
144.56
131.22
141.24
150.89
133.49
139.54
134.91
135.28
150.89
140.3
152.6
139.64
134.05
147.49
132.82
139.16
136.33
140.2
147.2
136.8
140.49
138.12
140.87
149.95
141.53
148.15
125.26
137.27
131.78
150.99
130.84
141.15
142.85
143.33
139.64
140.01
136.23
164.8
157.8
180.69
155.62
136.14
147.39
153.64
732.9
859.58
856.93
-0.78
0.43
0.09
-0.09
1.99
1.04
0.69
0.35
0.95
2.43
1.65
1.21
-157.39
-131.04
-113.8
-137.63
-158.52
-131.56
-142.83
-139.19
-136.07
-145.69
-137.63
-138.33
-137.98
-134.86
-144.65
-141.1
-128.01
-135.9
-134.08
-150.29
-148.47
-145.87
-137.29
-142.31
-138.07
-128.27
-61.62
-132.34
-139.19
-142.83
-130.7
-139.63
-132.78
-138.07
-147.25
-131.13
-134.77
-125.41
-138.5
-144.65
-128.27
-144.22
-124.02
-136.16
-147.51
-132.43
-139.89
-131.3
-136.85
-148.03
-129.57
-147.95
-138.15
-134.25
-135.99
-137.2
-142.83
-140.49
-147.77
-147.69
-140.93
-137.46
-129.31
-120.73
-130.09
-138.5
64.19
61.69
59.18
56.6
54.08
51.56
49.07
46.51
44.18
41.6
39.09
36.58
34.12
31.49
29
26.41
23.94
21.3
19.09
16.51
13.92
11.31
8.55
4.86
1.41
-2.12
-5.72
-9.22
-11.93
-14.56
-16.97
-19.56
-22.12
-24.66
-26.83
-29.43
-31.94
-34.48
-37.12
-39.64
-42.17
-44.71
-46.97
-49.56
-52.2
-54.73
-57.17
-59.77
-62.28
-64.87
-67.39
-69.91
-72.37
-74.99
-77.44
-80.01
-82.45
-84.99
-87.52
-90.18
-92.65
-94.88
-97.53
-99.49
-99.93
-99.93
-99.93
-99.94
-99.93
-99.95
-99.9
-98.59
-95.16
-92.66
-90.16
-87.65
-85.02
-82.62
-80.01
-77.52
-74.97
-72.48
-69.93
-67.46
-64.8
-62.46
-59.76
-57.57
-54.87
-52.4
-49.83
-47.33
-44.75
-42.26
-39.62
-37.14
-34.58
-32.39
-29.72
-27.2
-24.61
-22.22
-19.57
-17.04
-14.53
-11.99
-9.32
-5.79
-2.12
1.3
4.79
8.21
11.08
13.58
16.19
18.71
21.32
23.84
26.39
28.86
31.47
33.96
36.28
38.72
41.42
43.8
46.45
48.89
51.46
53.9
56.57
59.01
61.73
64.26
66.73
69.24
71.78
74.03
76.68
79.2
81.73
84.32
86.9
89.36
