144
61
82
153.45
147.39
147.58
147.68
136.23
153.83
146.35
144.65
128.19
139.16
141.06
144.08
138.78
125.92
132.35
127.53
126.58
130.55
117.5
126.68
126.49
133.49
137.08
125.16
123.65
127.72
118.54
134.91
116.93
124.31
126.2
114.19
129.04
108.98
111.92
120.15
119.67
125.45
122.23
114.66
132.16
137.93
144.46
127.81
139.92
126.49
138.78
135.66
155.25
128.57
140.68
144.27
150.8
141.24
145.6
133.39
165.27
160.45
174.36
151.46
137.84
149
158.27
610.29
871.12
864.31
1.04
0
0.61
1.13
1.56
3.99
2.25
3.55
2.77
2.95
3.64
2.43
-118.3
-129.83
-116.14
-137.46
-156.09
-128.18
-141.79
-139.11
-136.07
-143.7
-135.99
-136.59
-135.99
-134.69
-141.45
-135.38
-126.71
-129.57
-126.88
-138.67
-135.03
-133.47
-99.15
-130.44
-126.62
-113.19
-119.26
-115.79
-122.81
-124.72
-113.36
-123.85
-114.06
-123.68
-132.86
-115.88
-120.99
-113.71
-124.28
-128.53
-120.47
-126.88
-117.18
-125.32
-136.25
-125.76
-128.7
-122.46
-126.8
-138.67
-121.94
-140.23
-133.65
-131.56
-130
-132.78
-141.45
-139.11
-148.03
-145.78
-138.15
-138.41
-129.48
-118.82
-132.52
-133.39
58.77
56.23
53.73
51.13
48.57
46.04
43.8
41.26
38.72
36.13
33.63
31.14
28.64
26.08
23.58
21.22
18.69
16.19
13.52
10.98
7.95
4.41
1
-2.59
-6.03
-9.65
-12.23
-14.83
-17.39
-19.88
-22.36
-24.78
-27.36
-29.88
-32.38
-34.95
-37.44
-40.02
-42.5
-45.15
-47.37
-49.93
-52.54
-55.09
-57.62
-60.14
-62.67
-65.17
-67.73
-70.37
-72.83
-75.37
-77.81
-80.37
-82.92
-85.54
-87.78
-90.36
-92.82
-95.41
-97.97
-100.54
-102.96
-105.24
-105.99
-106.03
-106.02
-106.03
-106.03
-106.02
-105.9
-103.97
-100.99
-98.48
-95.95
-93.43
-90.89
-88.42
-85.92
-83.33
-80.76
-78.58
-76.02
-73.37
-70.83
-68.34
-65.75
-63.23
-60.89
-58.43
-55.88
-53.37
-50.69
-48.26
-45.64
-43.12
-40.6
-38.13
-35.52
-33.03
-30.46
-28.03
-25.47
-22.93
-20.42
-17.86
-15.4
-12.89
-10.2
-6.82
-3.44
0.06
3.62
6.81
10.23
12.73
15.45
17.88
20.48
23
25.47
28.06
30.5
32.97
35.52
38.04
40.63
43.02
45.64
48.2
50.54
53.12
55.7
58.23
60.75
63.27
65.86
68.36
70.93
73.23
75.74
78.39
80.86
83.4
