143
62
82
150.23
149.95
149.57
146.73
140.77
155.06
143.89
154.02
132.54
142.57
148.91
160.64
149.1
142.66
139.92
138.97
143.61
143.61
136.51
141.06
134.81
142.76
150.89
133.58
136.7
138.97
132.64
151.75
137.65
147.77
146.64
138.03
151.46
127.05
133.01
134.91
134.34
140.2
135.95
125.92
138.97
144.74
149.48
137.74
146.83
124.12
138.88
133.87
148.72
128.19
141.43
139.07
144.84
136.7
140.01
131.78
161.4
157.8
172.27
150.14
138.97
145.5
152.5
608.02
854.85
855.04
1.04
-0.35
0.87
3.99
1.56
3.55
1.04
-0.61
-0.26
-0.09
0.95
0.26
-121.16
-128.79
-115.1
-141.36
-157.22
-129.05
-146.47
-137.03
-136.07
-143.09
-137.89
-135.03
-138.76
-131.65
-147.69
-136.85
-131.13
-129.57
-130.96
-147.34
-147.34
-142.49
-134.25
-142.75
-137.03
-125.76
-130.96
-131.74
-137.63
-139.19
-135.12
-136.59
-130.61
-142.4
-138.07
-106.17
-134.25
-127.49
-137.63
-136.68
-128.79
-142.31
-131.04
-133.99
-137.89
-134.17
-139.8
-124.63
-129.22
-130.52
-127.75
-149.25
-137.63
-131.39
-131.48
-136.51
-145.87
-142.49
-145.35
-143.18
-138.24
-144.65
-133.56
-121.51
-130.26
64.47
62.02
59.39
56.98
54.35
51.9
49.27
46.78
44.21
41.96
39.43
36.85
34.4
31.81
29.33
26.68
24.19
21.63
19.24
16.66
14.22
11.65
8.75
5.31
1.78
-1.7
-5.29
-8.87
-11.65
-14.26
-16.47
-19.1
-21.57
-24.25
-26.68
-29.28
-31.71
-34.31
-36.89
-39.19
-41.68
-44.35
-46.77
-49.49
-52.03
-54.5
-57.01
-59.55
-62.13
-64.7
-67.09
-69.72
-72.21
-74.5
-77.07
-79.71
-82.15
-84.72
-87.2
-89.86
-92.35
-94.64
-97.1
-99.29
-99.94
-99.93
-99.93
-99.93
-99.93
-99.91
-99.82
-97.73
-94.76
-92.31
-89.72
-87.23
-84.7
-82.23
-79.91
-77.38
-74.73
-72.23
-69.68
-67.08
-64.57
-62.07
-59.52
-56.98
-54.65
-52.18
-49.48
-46.93
-44.46
-41.97
-39.36
-36.87
-34.39
-31.82
-29.22
-26.72
-24.27
-21.76
-19.19
-16.61
-14.36
-11.83
-8.9
-5.37
-1.69
1.75
5.21
8.68
11.66
13.92
16.61
19.12
21.65
24.21
26.67
29.23
31.73
34.25
36.79
39.17
41.81
44.27
46.78
49.33
51.66
54.24
56.86
59.35
61.89
64.49
67.01
69.53
72.09
74.59
77.02
79.58
82.11
84.66
87.21
