144
62
82
153.35
139.35
149.19
146.92
147.39
154.68
138.22
143.89
125.16
135.57
144.27
137.18
147.2
128.95
139.83
130.08
129.8
132.45
121
132.26
127.24
130.74
133.77
121.19
130.74
129.8
120.9
140.58
122.51
124.97
135.38
112.2
136.99
112.2
120.62
127.91
122.89
121.95
118.26
120.05
135.28
136.89
142.19
127.34
138.97
133.96
134.91
131.5
146.16
128.47
143.42
140.2
147.3
137.08
138.69
132.82
165.18
157.89
168.02
155.06
144.37
138.88
151.65
484.66
866.01
857.87
1.04
1.99
1.73
2.08
2.17
1.3
2.43
0.43
0.95
2.86
2.25
3.47
-115.36
-130.52
-122.29
-145.87
-158.52
-132.86
-145.61
-136.16
-127.66
-141.62
-127.23
-136.51
-136.85
-132.6
-123.5
-132.52
-126.19
-128.88
-129.4
-144.05
-140.58
-134.95
-126.88
-131.3
-128.1
-118.39
-122.2
-117.52
-128.7
-128.36
-118.13
-130.78
-118.65
-131.13
-133.56
-121.94
-124.63
-117.35
-128.1
-131.22
-122.03
-134.25
-121.42
-126.71
-131.04
-124.2
-130.61
-120.82
-123.24
-126.1
-119.95
-143.7
-133.65
-127.92
-132.17
-134.6
-143.35
-141.79
-143.61
-141.1
-134.69
-142.05
-132
-118.22
-126.8
-136.25
59.15
56.68
54.12
51.53
49.02
46.46
43.97
41.36
38.89
36.41
33.87
31.56
29.13
26.49
23.91
21.45
18.91
16.33
13.79
11.27
8.25
4.73
1.58
-2
-5.51
-8.98
-11.84
-14.52
-17.02
-19.52
-22
-24.64
-27.12
-29.71
-31.87
-34.45
-36.99
-39.6
-42.13
-44.68
-47.22
-49.79
-52.3
-54.86
-57.15
-59.72
-62.19
-64.78
-67.39
-70.07
-72.37
-75.05
-77.51
-80.13
-82.57
-85.19
-87.59
-89.95
-92.55
-95.09
-97.62
-100.18
-102.6
-105.03
-105.96
-105.98
-105.96
-105.98
-105.99
-106
-105.73
-103.36
-100.68
-98.16
-95.58
-93.12
-90.54
-88.05
-85.63
-83.07
-80.5
-77.95
-75.41
-73.16
-70.51
-68.01
-65.49
-62.91
-60.37
-57.85
-55.29
-52.74
-50.48
-47.93
-45.28
-42.78
-40.3
-37.73
-35.15
-32.64
-30.15
-27.68
-25.15
-22.6
-20.02
-17.57
-15.04
-12.47
-10.08
-6.49
-2.98
0.53
4.05
7.51
10.75
13.29
15.82
18.15
20.69
23.34
25.84
28.34
30.87
33.31
35.92
38.36
40.89
43.46
46.04
48.47
51.06
53.59
55.93
58.43
61.04
63.56
66.11
68.71
71.23
73.78
76.28
78.84
81.13
83.66
