143
62
82
153.73
153.92
155.44
150.42
142.1
156
148.91
152.22
133.39
152.6
144.08
156.29
148.62
146.07
140.96
133.39
144.08
143.7
135.85
138.6
134.43
144.08
151.37
137.18
135.95
140.68
134.72
151.93
138.6
144.46
140.49
133.58
150.99
125.82
140.68
135.85
139.35
145.03
138.31
135.38
137.37
145.41
153.45
138.5
150.42
123.55
138.78
132.92
146.07
129.32
139.64
137.55
141.53
140.11
141.53
133.11
163.57
158.65
172.75
147.49
136.61
153.07
154.77
709.72
852.39
850.68
0.95
-0.61
-0.17
0.78
1.13
1.82
0.09
2.43
1.65
-1.21
0.69
0.26
-119.78
-132.34
-113.62
-137.55
-155.83
-126.19
-144.39
-135.64
-138.76
-146.13
-138.15
-136.42
-138.59
-134.34
-147.86
-139.02
-127.58
-134.51
-134.34
-150.03
-145.69
-142.83
-134.95
-142.4
-138.15
-126.97
-132.95
-130.44
-140.06
-142.4
-129.92
-136.68
-131.91
-141.1
-145.26
-125.15
-134.25
-125.24
-141.45
-141.27
-128.18
-137.03
-129.66
-136.51
-141.79
-134.51
-137.29
-131.3
-125.5
-139.8
-130
-146.82
-137.55
-128.53
-135.81
-137.89
-142.66
-143.18
-149.33
-144.13
-140.06
-135.81
-135.21
-117.44
-134.51
64.58
61.93
59.36
56.85
54.34
51.88
49.24
46.81
44.21
41.7
39.12
36.72
34.2
31.59
29.19
26.59
24.05
21.66
19.21
16.57
14.09
11.55
8.73
5.09
1.67
-1.6
-5.11
-8.83
-11.68
-14.19
-16.71
-19.32
-21.74
-24.36
-26.86
-29.33
-31.84
-34.36
-36.92
-39.53
-41.73
-44.33
-46.89
-49.47
-52
-54.61
-57.1
-59.66
-62.15
-64.5
-66.97
-69.65
-72.13
-74.78
-77.17
-79.79
-82.24
-84.82
-87.3
-89.89
-92.4
-94.85
-97.42
-99.49
-99.9
-99.9
-99.92
-99.91
-99.92
-99.9
-99.88
-98.19
-94.95
-92.47
-89.87
-87.64
-84.87
-82.52
-79.89
-77.43
-74.86
-72.36
-69.8
-67.27
-64.74
-62.26
-59.63
-57.44
-54.81
-52.29
-49.69
-47.18
-44.65
-42.05
-39.56
-37.09
-34.46
-32.23
-29.61
-26.99
-24.59
-22.09
-19.41
-16.96
-14.39
-11.92
-9.13
-5.57
-2.08
1.48
5.05
8.48
11.41
13.71
16.26
18.85
21.51
23.91
26.48
28.96
31.64
34.12
36.57
39.06
41.38
43.86
46.54
49.12
51.6
54.16
56.73
59.23
61.72
64.3
66.81
69.29
71.84
74.49
76.75
79.27
81.87
84.43
86.96
