143
62
82
154.02
152.5
148.62
144.37
139.92
154.49
142.19
152.6
151.65
145.03
150.14
151.93
152.03
142.38
141.62
137.74
144.93
143.7
134.34
139.07
134.43
142.47
149.29
135.28
132.82
139.07
133.01
154.49
135.19
142.47
145.03
135.95
147.02
128.19
132.16
144.08
136.04
140.68
132.45
127.43
132.16
141.24
147.77
133.58
143.89
125.54
136.23
133.77
147.96
128.95
138.41
144.93
144.93
137.18
142.66
129.42
158.84
155.34
173.32
146.54
140.49
147.58
151.75
663.46
864.12
864.97
35.36
0.09
1.21
1.3
1.21
1.39
3.29
2.08
1.99
-3.47
-0.35
0.78
-147.86
-132.69
-115.44
-138.85
-158.87
-127.75
-143.7
-137.89
-138.24
-144.39
-136.94
-137.89
-135.03
-133.47
-140.93
-138.5
-129.14
-133.13
-128.79
-148.73
-144.83
-141.01
-131.82
-135.99
-137.2
-123.68
-134.34
-128.1
-136.25
-141.71
-124.02
-139.63
-128.18
-134.69
-147.86
-127.84
-132.86
-124.54
-139.37
-144.57
-127.4
-137.37
-131.91
-134.77
-145.26
-134.86
-135.55
-133.65
-132.34
-149.77
-129.4
-147.17
-137.2
-134.95
-135.73
-134.95
-141.1
-140.49
-155.31
-152.89
-141.53
-135.81
-130.96
-121.51
-130.96
64.5
61.99
59.65
57
54.46
52
49.46
46.85
44.39
41.87
39.29
36.87
34.34
31.74
29.28
26.72
24.18
21.74
19.16
16.87
14.23
11.76
8.88
5.29
1.93
-1.68
-5.2
-8.48
-11.42
-14.13
-16.53
-19.18
-21.62
-24.23
-26.63
-29.19
-31.69
-34.25
-36.86
-39.32
-41.83
-44.2
-46.68
-49.32
-51.83
-54.47
-56.94
-59.5
-62
-64.61
-67.07
-69.41
-71.92
-74.63
-77.17
-79.67
-82.04
-84.73
-87.2
-89.77
-92.24
-94.76
-97.31
-99.46
-99.99
-99.99
-100
-100
-100.01
-99.99
-99.93
-98.13
-95.17
-92.89
-90.3
-87.84
-85.29
-82.69
-80.18
-77.68
-75.05
-72.63
-70.09
-67.48
-65
-62.55
-59.91
-57.44
-54.88
-52.41
-49.78
-47.55
-44.88
-42.37
-39.81
-37.34
-34.75
-32.29
-29.64
-27.13
-24.55
-22.39
-19.8
-17.14
-14.7
-12.12
-9.44
-6.05
-2.4
1.18
4.66
8.1
11.12
13.51
16.16
18.67
21.17
23.74
26.31
28.76
31.38
33.9
36.4
38.62
41.21
43.8
46.34
48.81
51.45
53.93
56.56
59.05
61.55
64.07
66.62
68.91
71.49
74.05
76.63
79.16
81.7
84.26
86.81
