143
62
82
145.22
158.37
155.53
151.56
146.83
145.6
140.77
154.68
133.77
142
142.29
155.34
151.08
143.23
139.64
132.73
142.85
139.92
135
141.62
129.14
140.39
149.38
131.41
133.3
133.58
136.04
151.93
133.39
153.73
142.66
136.04
144.37
131.78
144.65
135.85
135.1
144.08
135.38
137.18
136.7
184.19
143.52
142.19
142.19
126.11
138.69
134.05
147.2
134.91
143.89
138.03
145.5
136.23
139.73
136.04
163.19
159.12
182.11
154.02
136.42
153.54
155.34
691.18
850.78
850.78
0.61
1.73
0.78
1.73
0.35
0.78
-1.47
1.39
1.65
3.47
1.13
1.65
-157.31
-132.08
-117.78
-140.58
-156.79
-131.48
-143.18
-139.02
-133.82
-143.01
-137.89
-138.33
-136.07
-135.99
-149.94
-138.59
-127.92
-134.69
-131.65
-150.81
-149.25
-142.14
-134.86
-143.61
-137.37
-126.97
-133.56
-133.13
-140.84
-143.09
-131.13
-138.76
-129.92
-137.72
-142.57
-135.29
-132
-122.9
-143.79
-138.67
-127.32
-136.77
-129.74
-134.34
-147.51
-133.99
-134.86
-129.74
-132.43
-147.77
-129.66
-148.55
-139.8
-131.56
-136.77
-137.29
-142.66
-143.44
-148.03
-148.81
-141.19
-137.55
-132.95
-122.03
-133.3
64.21
61.65
59.11
56.59
54.03
51.5
48.98
46.41
43.91
41.47
38.94
36.44
34.02
31.38
28.87
26.58
23.98
21.35
18.86
16.33
13.82
11.26
8.3
4.71
1.67
-2.05
-5.54
-9.23
-11.92
-14.55
-17.02
-19.56
-22.05
-24.64
-27.06
-29.64
-31.88
-34.53
-37.09
-39.63
-42.21
-44.71
-47.22
-49.83
-52.36
-54.89
-57.15
-59.82
-62.32
-64.9
-67.38
-69.88
-72.41
-74.98
-77.54
-80.05
-82.52
-85.13
-87.58
-90.16
-92.73
-95.21
-97.46
-99.41
-99.86
-99.87
-99.87
-99.89
-99.86
-99.87
-99.84
-98.15
-95.13
-92.56
-89.94
-87.5
-84.96
-82.55
-79.95
-77.41
-74.79
-72.41
-69.89
-67.33
-64.79
-62.38
-59.7
-57.49
-54.78
-52.32
-49.8
-47.26
-44.66
-42.17
-39.58
-37.12
-34.7
-32.21
-29.54
-27.1
-24.54
-22.07
-19.58
-16.95
-14.43
-12.02
-9.13
-5.72
-2
1.44
5.01
8.28
11.4
13.9
16.2
18.73
21.39
23.83
26.43
28.93
31.54
33.98
36.48
38.98
41.31
43.82
46.47
48.94
51.52
54.05
56.66
59.12
61.69
64.23
66.69
69.27
71.84
74.1
76.73
79.27
81.86
84.38
86.89
