143
62
82
159.31
136.42
152.41
153.83
161.58
166.79
146.45
128.19
140.49
134.43
142.47
133.96
135.28
121.76
139.92
127.72
119.39
119.3
122.7
129.8
131.12
119.3
126.11
123.55
133.49
139.16
118.07
130.93
127.53
121.76
131.88
103.88
116.46
105.01
112.2
124.4
111.73
105.39
114.57
122.23
135.95
128.85
134.34
126.68
138.22
131.5
129.23
134.81
149.38
142.1
146.07
147.11
138.97
143.23
147.77
143.33
156.38
168.21
167.64
180.98
140.58
136.7
151.46
315.13
834.32
821.83
-0.43
2.43
1.82
1.73
-0.35
1.65
1.73
7.02
1.21
4.07
1.73
2.43
-120.9
-127.4
-132.69
-149.59
-146.82
-133.56
-150.72
-136.25
-138.93
-141.1
-135.73
-136.51
-139.28
-131.91
-140.32
-128.36
-137.72
-128.36
-139.28
-135.55
-138.67
-134.17
-124.2
-123.16
-115.36
-108.86
-117.78
-109.98
-114.75
-107.99
-115.88
-121.86
-111.63
-130.87
-122.03
-123.42
-121.77
-109.38
-132
-121.16
-119.52
-132.17
-115.88
-132.08
-122.9
-125.58
-134.95
-115.53
-122.46
-120.38
-125.5
-143.01
-128.36
-129.74
-129.83
-145
-147.77
-147.17
-145.87
-146.39
-135.99
-148.21
-142.83
-127.75
-125.41
59.76
57.19
54.71
52.1
49.56
47.09
44.51
42.01
39.66
37.04
34.5
32
29.52
27
24.42
21.96
19.34
17.1
14.43
11.96
9.13
5.6
2.15
-1.37
-4.82
-8.37
-11.45
-13.97
-16.26
-18.76
-21.4
-24.02
-26.5
-28.99
-31.51
-34.01
-36.51
-39.18
-41.41
-44.07
-46.54
-49.12
-51.67
-54.11
-56.69
-59.25
-61.76
-64.28
-66.95
-69.51
-71.68
-74.24
-76.86
-79.42
-81.92
-84.49
-86.98
-89.53
-92.03
-94.61
-96.9
-99.44
-101.92
-104.59
-105.93
-105.94
-105.96
-105.96
-105.94
-105.96
-105.08
-102.57
-99.93
-97.43
-94.87
-92.56
-89.96
-87.46
-84.99
-82.37
-79.81
-77.28
-74.77
-72.22
-69.75
-67.42
-64.9
-62.24
-59.67
-57.2
-54.71
-52.05
-49.58
-47.03
-44.58
-41.95
-39.5
-36.83
-34.34
-31.79
-29.39
-27.11
-24.55
-21.97
-19.38
-16.86
-14.33
-11.77
-8.88
-5.31
-1.86
1.31
4.82
8.44
11.42
14.02
16.52
19.1
21.53
24.13
26.57
29.2
31.63
34.09
36.65
38.95
41.43
44.12
46.64
49.23
51.76
54.34
56.77
59.39
61.69
64.23
66.86
69.39
71.96
74.45
76.91
79.53
82.03
