154
66
89
173.98
173.32
155.34
170.67
177.76
147.11
183.82
175.4
142.47
159.69
168.49
155.06
149.1
157.23
172.46
159.88
171.9
165.46
137.08
158.56
160.26
139.83
150.99
156.76
159.98
135
162.34
180.6
158.37
164.61
171.33
158.65
173.69
186.65
144.56
165.84
179.09
157.04
146.26
157.71
176.63
142.76
143.89
160.54
131.03
139.92
148.43
140.3
144.37
158.18
140.96
139.16
167.73
138.5
133.96
144.08
164.23
129.8
148.53
152.5
134.15
143.7
152.6
158.27
142.47
165.46
151.37
116.93
141.81
140.01
118.26
634.42
791.65
771.97
1.39
6.33
4.94
2.08
7.02
6.15
7.71
5.98
1.99
2.6
-178.63
-183.39
-185.13
-192.58
-203.24
-204.71
-181.23
-200.29
-195.53
-166.67
-177.93
-203.67
-177.59
-171.43
-172.73
-185.73
-161.29
-180.19
-179.15
-179.67
-176.03
-181.4
-162.59
-171.52
-176.11
-151.76
-167.88
-193.71
-173.25
-174.9
-192.84
-209.65
-185.3
-204.45
-220.23
-198.39
-203.07
-218.58
-204.89
-197.95
-185.99
-173.17
-173.77
-177.07
-179.23
-173.51
-183.39
-185.04
-163.29
-176.03
-203.41
-189.03
-202.46
-218.06
-202.72
-195.18
-182.44
-178.89
-175.68
-189.2
-196.13
-193.62
-188.25
-193.36
-191.28
-188.94
-192.06
-188.68
-191.54
-192.84
63.18
61.33
59.6
57.59
55.83
53.81
51.94
50.18
48.11
46.25
44.51
42.45
40.71
38.68
36.83
35.09
33.09
31.16
29.47
27.54
25.74
23.71
21.83
20.05
18.05
16.15
14.42
12.4
10.65
8.11
5.48
2.98
0.31
-2.36
-4.79
-7.53
-10.02
-12.06
-13.98
-15.78
-17.76
-19.66
-21.56
-23.44
-25.25
-27.23
-29.11
-30.94
-32.85
-34.73
-36.62
-38.51
-40.34
-42.29
-44.21
-45.98
-47.96
-49.9
-51.76
-53.62
-55.48
-57.43
-59.32
-61.15
-63.1
-64.99
-66.91
-68.78
-70.61
-72.54
-74.43
-75.36
-75.47
-75.48
-75.46
-75.5
-75.37
-75.5
-75.49
-75.41
-75.48
-75.47
-75.24
-73.64
-71.75
-69.8
-67.85
-65.96
-64.16
-62.22
-60.3
-58.5
-56.54
-54.67
-52.84
-50.86
-49.04
-47.15
-45.29
-43.4
-41.42
-39.66
-37.72
-35.77
-33.96
-32.08
-30.24
-28.37
-26.36
-24.56
-22.65
-20.74
-18.88
-17
-15.16
-13.17
-11.21
-9.16
-6.5
-3.81
-1.33
1.33
3.92
6.51
9.3
11.26
13.16
15.14
16.93
18.83
20.82
22.59
24.6
26.39
28.25
30.21
31.93
33.84
35.72
37.63
39.62
41.39
43.29
45.26
47.02
48.96
50.86
52.78
54.78
56.53
58.43
60.45
62.22
64.11
