154
66
89
174.92
213.05
180.41
163.29
206.05
174.26
173.6
196.68
169.25
176.06
178.99
163.57
180.32
171.9
180.98
164.61
164.14
186.56
162.34
164.8
175.02
167.36
173.69
181.36
162.15
165.75
178.99
183.53
169.91
174.17
172.09
176.25
182.4
178.14
161.49
171.99
169.06
163.76
167.36
169.82
156
155.44
169.82
155.25
163.57
154.11
159.31
150.14
162.15
153.73
147.3
161.87
165.65
142.38
162.81
170.86
147.77
160.83
163.1
152.98
151.08
165.84
164.8
156.67
161.3
164.71
144.84
163.29
163.19
153.35
158.94
869.13
808.21
803.29
1.13
-0.35
3.21
0.78
0.09
1.56
2.6
2.6
0.52
3.47
2.43
-196.39
-186.86
-187.73
-187.55
-190.76
-186.17
-191.8
-182.44
-182.53
-180.1
-179.06
-193.71
-193.53
-199.34
-197.09
-202.89
-196.13
-200.38
-195.87
-210
-199.95
-189.46
-201.16
-179.23
-169.01
-184.26
-190.5
-175.33
-182.01
-203.5
-193.19
-190.15
-211.91
-202.2
-173.43
-196.13
-198.56
-203.15
-193.97
-215.29
-192.06
-187.9
-202.2
-205.32
-182.44
-210.26
-220.92
-195.01
-206.97
-213.9
-214.51
-210.61
-231.93
-214.68
-212.34
-231.41
-217.74
-222.74
-214.97
-221.57
-227.16
-219.02
-219.49
-232.02
-226.64
-216.96
-216.74
-212.86
-231.32
63.09
61.38
59.27
57.45
55.72
53.65
51.73
50.03
47.96
46.03
44.16
42.25
40.52
38.51
36.59
34.84
32.82
31
29.13
27.27
25.51
23.5
21.61
19.86
17.8
15.92
14.07
12.13
10.38
7.77
5.2
2.7
-0.07
-2.72
-5.26
-7.87
-10.29
-12.3
-14.23
-16.03
-18.01
-19.89
-21.81
-23.68
-25.5
-27.48
-29.37
-31.16
-33.13
-34.89
-36.84
-38.75
-40.6
-42.53
-44.43
-46.21
-48.22
-50.07
-52
-53.89
-55.68
-57.65
-59.59
-61.35
-63.39
-65.24
-67.11
-69.02
-70.9
-72.8
-74.66
-75.2
-75.29
-75.29
-75.28
-75.31
-75.2
-75.28
-75.31
-75.19
-75.31
-75.3
-75.08
-73.78
-71.84
-69.91
-67.95
-66.02
-64.22
-62.31
-60.43
-58.61
-56.63
-54.8
-52.92
-50.98
-49.15
-47.25
-45.39
-43.49
-41.51
-39.75
-37.8
-35.85
-34.04
-32.16
-30.33
-28.46
-26.45
-24.64
-22.73
-20.81
-18.97
-17.09
-15.21
-13.29
-11.29
-9.29
-6.59
-3.92
-1.44
1.31
3.81
6.4
9.15
11.17
13.09
15.07
16.83
18.83
20.63
22.48
24.56
26.3
28.19
30.14
31.82
33.88
35.64
37.53
39.53
41.29
43.25
45.18
46.93
49.02
50.75
52.69
54.74
56.43
58.35
60.4
62.15
64.16
