154
66
89
219.54
217.9
214.78
218.64
224.93
215.97
232.73
220.72
209.93
212.48
223.83
204.53
191.76
205.76
199.33
184.48
185.8
192.43
176.44
193.09
200.28
183.53
199.52
212.48
222.98
215.32
215.61
216.75
215.02
232.54
217.79
210.78
208.13
226.58
188.64
192.05
217.78
176.34
185.71
190.63
206.62
187.51
207.56
224.78
212.2
222.51
231.69
223.65
223.55
227.24
191.01
193.84
201.41
192.99
177.38
191.95
203.12
179.46
173.98
182.49
165.94
180.32
195.07
173.13
191.1
203.87
182.78
173.03
191.1
192.61
175.11
898.65
828.92
831.29
5.03
5.03
7.45
8.49
4.25
5.98
5.55
5.37
2.08
7.37
-168.05
-181.14
-159.3
-165.71
-168.66
-158.61
-160.43
-163.72
-160.17
-159.04
-157.13
-169.87
-155.66
-161.73
-175.51
-161.9
-155.23
-160.34
-176.46
-170.48
-179.84
-203.67
-199.77
-200.29
-200.29
-177.67
-178.28
-188.25
-161.9
-171.43
-176.55
-156.87
-167.62
-163.37
-180.79
-183.31
-169.09
-196.65
-191.71
-200.9
-190.71
-196.13
-207.57
-197
-170.22
-183.48
-187.38
-170.83
-160.08
-164.24
-170.65
-163.46
-166.23
-166.49
-166.32
-167.79
-170.31
-164.76
-189.72
-194.4
-198.04
-195.7
-199.17
-192.07
-206.27
-207.49
-190.75
-195.09
-188.94
-192.84
63.17
61.26
59.34
57.54
55.86
53.73
51.85
49.98
48.07
46.14
44.28
42.42
40.47
38.61
36.77
34.86
33
31.13
29.27
27.45
25.69
23.64
21.75
19.88
18
16.11
14.25
12.32
10.42
7.99
5.4
2.74
0.14
-2.47
-5.09
-7.63
-10.11
-12.16
-14.06
-15.97
-17.81
-19.74
-21.58
-23.47
-25.34
-27.3
-29.19
-30.97
-32.94
-34.82
-36.69
-38.57
-40.51
-42.35
-44.27
-46.1
-48.03
-49.98
-51.83
-53.72
-55.56
-57.52
-59.38
-61.25
-63.18
-65.07
-66.97
-68.86
-70.69
-72.62
-74.53
-75.64
-75.75
-75.73
-75.73
-75.72
-75.61
-75.73
-75.71
-75.65
-75.71
-75.71
-75.43
-73.71
-71.83
-69.86
-67.92
-66
-64.16
-62.23
-60.35
-58.48
-56.53
-54.67
-52.78
-50.85
-48.97
-47.09
-45.26
-43.34
-41.43
-39.58
-37.65
-35.8
-33.87
-32.04
-30.19
-28.3
-26.37
-24.45
-22.57
-20.73
-18.79
-16.93
-15.04
-13.11
-11.13
-9.02
-6.37
-3.68
-1.22
1.44
4.03
6.64
9.24
11.35
13.22
15.11
17.02
18.93
20.8
22.71
24.59
26.49
28.37
30.32
32.04
33.94
35.8
37.71
39.7
41.49
43.39
45.36
47.12
49.03
50.94
52.87
54.91
56.6
58.52
60.57
62.31
64.2
