154
66
89
218.44
187.62
186.74
189.32
193.75
190.27
190.39
190.39
208.51
211.82
198.01
167.36
171.9
171.71
188.83
186.09
184.1
179.46
145.22
152.03
149.29
140.77
160.83
154.21
151.93
159.79
162.06
167.45
157.14
176.72
172.75
159.79
168.87
161.49
147.77
163.85
164.33
135.85
161.87
160.54
166.69
160.92
176.34
179.75
172.37
180.88
187.13
196.68
198.48
203.4
168.49
182.78
175.3
151.46
153.54
150.23
150.52
154.77
150.33
148.34
147.96
158.18
156.38
139.16
152.5
169.44
142
155.91
157.52
152.03
146.83
867.33
795.81
788.91
1.47
4.51
2.08
8.67
6.59
7.71
5.72
3.12
6.15
6.59
-200.81
-207.83
-207.66
-210.17
-207.83
-186.95
-194.83
-195.44
-192.32
-183.74
-189.29
-197.09
-194.14
-200.47
-206.45
-205.49
-220.14
-227.43
-229.27
-229.38
-231.61
-235.38
-232.58
-232.73
-231.41
-234.79
-226.78
-226.64
-204.37
-210.43
-210.69
-189.98
-190.93
-190.07
-205.32
-191.02
-175.25
-201.94
-216.76
-219.1
-234.88
-188.94
-192.15
-192.93
-191.97
-196.31
-207.4
-202.81
-200.81
-198.13
-201.42
-197
-196.13
-224.91
-231.93
-226.56
-209.83
-212.6
-230.8
-227.4
-235.18
-232.19
-231.67
-241.1
-235.05
-235.25
-239.02
-232.04
-233.82
-232.39
63.18
61.32
59.41
57.56
55.66
53.76
51.86
50.12
48.07
46.2
44.29
42.44
40.51
38.63
36.8
35.02
33.04
31.11
29.41
27.47
25.57
23.68
21.81
20.02
18
16.14
14.36
12.34
10.47
8.04
5.44
2.91
0.26
-2.43
-4.87
-7.66
-10.19
-12.1
-14.04
-15.84
-17.85
-19.7
-21.61
-23.5
-25.42
-27.26
-29.16
-30.95
-32.89
-34.82
-36.66
-38.56
-40.5
-42.34
-44.24
-46.04
-48
-49.93
-51.71
-53.69
-55.59
-57.46
-59.38
-61.23
-63.15
-65.03
-66.94
-68.8
-70.74
-72.58
-74.49
-75.63
-75.73
-75.75
-75.73
-75.73
-75.74
-75.71
-75.75
-75.61
-75.74
-75.73
-75.43
-73.71
-71.85
-69.84
-67.85
-65.96
-64.12
-62.24
-60.33
-58.45
-56.56
-54.65
-52.76
-50.81
-48.97
-47.11
-45.25
-43.32
-41.42
-39.58
-37.64
-35.69
-33.87
-32.02
-30.17
-28.27
-26.35
-24.4
-22.56
-20.6
-18.76
-16.9
-15
-13.06
-11.16
-8.97
-6.32
-3.67
-1.16
1.48
4.03
6.64
9.28
11.38
13.27
15.28
17.07
18.93
20.93
22.73
24.62
26.5
28.4
30.32
32.08
33.94
35.96
37.73
39.59
41.51
43.4
45.37
47.12
49.06
50.98
52.83
54.75
56.63
58.52
60.58
62.35
64.22
