154
66
89
196.87
178.14
178.8
189.97
176.25
169.34
175.21
167.36
170.19
168.87
181.55
171.61
174.92
181.07
178.71
161.02
173.88
168.11
171.33
169.82
171.33
166.13
171.61
176.25
166.79
174.26
171.61
170.19
162.91
185.42
156.76
161.58
153.54
160.26
173.79
184.29
189.11
167.17
172.18
185.61
171.99
184.19
188.07
173.03
165.08
179.56
167.26
169.34
160.45
162.63
145.22
151.46
142.38
139.54
157.04
160.45
150.42
156.1
162.81
158.65
159.03
169.63
165.84
168.59
165.08
154.02
153.35
154.87
154.96
159.31
162.91
800.64
782.28
777.55
5.98
3.12
3.03
4.16
2.86
5.98
4.42
0
5.11
1.65
-175.16
-170.05
-181.83
-163.81
-178.8
-187.12
-190.59
-192.67
-176.89
-160.08
-166.75
-164.67
-141.97
-154.62
-156.53
-144.39
-158.69
-144.83
-162.77
-163.98
-167.97
-181.92
-179.23
-192.84
-195.79
-167.53
-190.5
-200.99
-173.43
-184.09
-190.93
-177.93
-174.12
-181.92
-187.99
-166.93
-172.13
-165.71
-144.13
-164.41
-178.11
-166.06
-176.63
-179.67
-177.5
-182.53
-194.75
-182.44
-167.36
-178.11
-181.23
-166.41
-178.45
-171.17
-170.91
-171.43
-182.44
-170.57
-168.92
-186.34
-186.17
-160.77
-177.24
-181.66
-166.58
-181.14
-187.55
-175.59
-183.05
-183.05
63.14
61.23
59.32
57.5
55.54
53.65
51.76
50.03
47.98
46.06
44.2
42.31
40.4
38.55
36.64
34.88
32.88
30.99
29.15
27.33
25.43
23.53
21.65
19.74
17.85
15.99
14.06
12.19
10.3
7.81
5.16
2.74
-0.02
-2.65
-5.21
-7.79
-10.35
-12.26
-14.21
-15.99
-17.98
-19.87
-21.75
-23.64
-25.58
-27.42
-29.35
-31.13
-33.09
-34.99
-36.81
-38.73
-40.63
-42.47
-44.41
-46.21
-48.18
-50.1
-51.96
-53.83
-55.76
-57.64
-59.61
-61.38
-63.32
-65.23
-67.09
-69
-70.9
-72.75
-74.66
-75.27
-75.28
-75.27
-75.17
-75.27
-75.26
-75.25
-75.27
-75.19
-75.26
-75.25
-75.07
-73.78
-71.9
-69.85
-67.91
-66
-64.17
-62.3
-60.44
-58.54
-56.63
-54.76
-52.86
-50.93
-49.15
-47.19
-45.35
-43.46
-41.55
-39.7
-37.78
-35.84
-34.04
-32.13
-30.32
-28.4
-26.52
-24.61
-22.73
-20.89
-18.92
-17.06
-15.17
-13.25
-11.34
-9.2
-6.55
-4.01
-1.4
1.29
3.85
6.44
9.07
11.2
13.11
15.09
16.86
18.76
20.63
22.5
24.45
26.33
28.22
30.18
31.86
33.8
35.82
37.56
39.39
41.36
43.26
45.21
46.98
48.92
50.92
52.71
54.62
56.48
58.37
60.41
62.16
64.06
