154
66
89
215.41
178.9
168.68
190.72
166.6
158.56
182.11
183.82
149.85
175.78
167.83
158.08
158.37
177.19
167.64
160.83
181.45
171.23
148.06
169.91
175.87
159.5
166.98
170.29
173.32
164.52
182.68
167.92
163.76
187.88
172.65
162.72
170.1
170.86
153.73
191.67
209.93
191.2
198.29
196.59
164.14
170.95
187.6
175.3
152.79
166.69
174.92
157.8
168.3
167.07
159.31
166.69
159.88
170.76
166.13
158.94
166.41
161.21
170.29
164.71
152.88
176.53
175.49
146.45
161.96
170.57
171.8
156.48
163
153.73
152.6
799.03
818.52
815.11
11.7
8.75
4.42
10.31
9.45
3.73
5.2
5.29
3.12
4.77
-155.49
-209.05
-214.33
-209.83
-203.85
-221.01
-205.67
-195.96
-224.3
-231.41
-210.17
-211.3
-207.66
-204.89
-186.77
-197.52
-182.01
-179.67
-203.15
-182.44
-197.26
-218.93
-200.03
-190.33
-229.59
-233.4
-213.73
-221.92
-223.5
-222.5
-216.41
-225.67
-226.19
-224.47
-231
-223.65
-227.16
-228.55
-211.56
-222.57
-214.07
-223.46
-234.53
-184.35
-235.31
-230.72
-221.88
-219.79
-212.51
-218.49
-226.21
-203.76
-205.75
-204.8
-210.78
-205.67
-188.07
-210.78
-197
-177.15
-201.16
-200.47
-193.27
-212.34
-221.09
-209.65
-206.36
-228.98
-220.92
-209.57
63.14
61.18
59.27
57.43
55.67
53.66
51.76
50.01
47.96
46.07
44.16
42.28
40.55
38.51
36.62
34.89
32.86
30.99
29.14
27.27
25.56
23.5
21.64
19.7
17.83
15.98
14.2
12.17
10.4
7.81
5.14
2.74
-0.03
-2.69
-5.08
-7.79
-10.25
-12.31
-14.2
-16.01
-18.02
-19.88
-21.77
-23.64
-25.5
-27.44
-29.37
-31.15
-33.09
-34.98
-36.77
-38.71
-40.55
-42.49
-44.41
-46.22
-48.22
-50.1
-51.9
-53.85
-55.68
-57.64
-59.55
-61.38
-63.31
-65.21
-67.07
-69.04
-70.91
-72.8
-74.67
-75.46
-75.58
-75.56
-75.46
-75.58
-75.45
-75.56
-75.57
-75.48
-75.59
-75.56
-75.25
-73.72
-71.87
-69.88
-67.92
-65.99
-64.14
-62.2
-60.3
-58.47
-56.54
-54.67
-52.74
-50.85
-48.99
-47.09
-45.17
-43.32
-41.34
-39.58
-37.64
-35.69
-33.85
-32.03
-30.18
-28.3
-26.28
-24.48
-22.31
-20.63
-18.79
-16.9
-14.99
-13.14
-11.17
-8.97
-6.35
-3.68
-1.13
1.47
4.14
6.67
9.38
11.34
13.26
15.26
17.03
18.92
20.93
22.72
24.72
26.52
28.39
30.3
32.07
33.98
35.81
37.76
39.58
41.46
43.41
45.39
47.13
49.07
50.97
52.86
54.91
56.66
58.52
60.57
62.33
64.19
