156
67
90
168.68
171.14
144.74
156.85
160.17
162.72
165.94
182.59
196.87
175.3
193.28
194.13
177.57
201.79
189.21
189.21
196.59
206.24
178.71
175.68
189.68
166.5
141.72
157.04
157.99
141.91
144.65
168.96
156.29
171.71
187.79
182.21
173.79
186.56
189.02
168.68
201.7
191.57
177.76
200.66
210.87
179.28
172.56
185.52
160.92
140.68
159.6
159.69
143.7
148.81
159.69
161.58
171.52
176.63
173.22
177.1
204.53
186.65
192.71
206.43
180.32
179.28
192.9
159.69
159.69
173.03
147.11
130.08
129.14
141.53
145.5
125.73
833.47
783.33
765.07
5.81
3.38
-0.09
4.25
3.81
9.88
8.06
3.38
7.89
4.25
6.24
-155.75
-172.56
-178.02
-173.51
-169.09
-163.72
-194.75
-163.46
-162.77
-206.1
-162.94
-191.71
-196.13
-196.48
-167.01
-167.79
-175.94
-170.57
-132.34
-145.35
-152.89
-151.24
-152.11
-152.54
-172.13
-178.28
-183.13
-186.77
-183.83
-189.37
-202.03
-178.28
-188.85
-185.82
-161.03
-173.86
-160.43
-161.12
-152.19
-151.85
-155.14
-144.48
-136.68
-137.2
-131.74
-145.43
-156.53
-177.5
-174.73
-181.83
-181.14
-191.28
-171.87
-188.85
-189.89
-176.2
-169.35
-171.43
-185.91
-179.58
-165.28
-155.4
-152.8
-139.54
-133.99
-129.48
-144.65
-132.69
-136.77
-139.28
65.04
63.2
61.32
59.55
57.55
55.68
53.94
51.9
50
48.07
46.14
44.48
42.44
40.55
38.78
36.78
35.05
33.03
31.13
29.43
27.47
25.57
23.79
21.82
20.01
18.01
16.12
14.39
12.34
10.48
8.21
5.43
2.97
0.21
-2.46
-4.88
-7.59
-10.19
-12
-14.05
-15.81
-17.83
-19.7
-21.51
-23.46
-25.39
-27.27
-29.16
-30.99
-32.87
-34.79
-36.66
-38.55
-40.44
-42.31
-44.21
-46.06
-48.02
-49.9
-51.72
-53.68
-55.55
-57.47
-59.38
-61.2
-63.12
-65.04
-66.88
-68.83
-70.75
-72.55
-74.48
-75.27
-75.35
-75.35
-75.24
-75.34
-75.35
-75.27
-75.34
-75.27
-75.35
-75.38
-75.09
-73.81
-71.95
-69.97
-68.07
-66.16
-64.29
-62.39
-60.47
-58.63
-56.7
-54.76
-52.95
-50.98
-49.15
-47.25
-45.3
-43.49
-41.56
-39.64
-37.79
-35.83
-34.02
-32.14
-30.25
-28.42
-26.58
-24.55
-22.7
-20.85
-18.93
-17.07
-15.09
-13.27
-11.34
-9.05
-6.56
-4.03
-1.39
1.27
3.99
6.47
9.08
11.3
13.11
15.1
16.9
18.76
20.77
22.55
24.45
26.45
28.23
30.08
31.89
33.84
35.82
37.55
39.46
41.46
43.25
45.11
46.98
48.91
51
52.76
54.64
56.64
58.4
60.39
62.22
64.08
66.1
