154
66
89
198.95
173.6
172.75
186.18
182.59
180.98
197.63
193.18
172.84
177.76
178.33
172.65
182.78
188.07
146.07
161.4
167.73
157.42
147.3
158.46
172.18
158.94
183.72
168.02
170.19
180.6
185.8
137.65
166.79
178.33
163.19
174.64
179.94
175.68
182.3
191.57
180.13
169.72
177.57
161.87
146.83
171.14
158.18
148.34
169.63
174.64
153.16
165.46
163.95
163.48
154.49
168.4
170.1
170.67
191.1
189.87
186.84
188.26
189.02
159.79
161.68
167.07
155.34
142.95
154.58
147.96
144.27
162.53
144.08
148.15
163.48
829.68
822.11
819.94
5.63
2.34
5.11
2.34
4.94
4.07
5.37
6.24
3.29
3.81
-167.01
-158.87
-147.95
-146.47
-154.45
-150.03
-155.05
-166.32
-164.85
-154.36
-174.38
-175.94
-178.19
-183.31
-182.44
-171.43
-169.7
-168.49
-153.75
-145.52
-143.7
-153.75
-142.83
-145.43
-157.48
-148.99
-158.52
-139.8
-137.03
-157.83
-157.05
-157.05
-166.49
-188.85
-163.29
-173.34
-174.99
-167.36
-162.94
-165.71
-156.18
-154.79
-150.37
-149.42
-166.23
-165.71
-169.96
-159.91
-160.43
-164.24
-143.27
-150.37
-148.29
-162.94
-151.85
-166.49
-167.1
-175.25
-174.64
-173.25
-170.83
-169.53
-174.03
-194.49
-173.95
-162.16
-166.75
-155.4
-161.9
-169.61
63.18
61.26
59.34
57.5
55.7
53.7
51.79
50.05
48
46.11
44.22
42.33
40.62
38.57
36.67
34.92
32.9
31.02
29.18
27.39
25.59
23.57
21.68
19.89
17.88
16.03
14.13
12.19
10.36
7.88
5.23
2.6
0.03
-2.6
-5.21
-7.7
-10.23
-12.23
-14.16
-16.07
-17.94
-19.81
-21.75
-23.59
-25.53
-27.39
-29.3
-31.09
-33.04
-34.92
-36.78
-38.7
-40.52
-42.43
-44.38
-46.18
-48.13
-50.03
-51.94
-53.83
-55.71
-57.63
-59.52
-61.41
-63.28
-65.18
-67.06
-68.98
-70.88
-72.7
-74.63
-75.51
-75.52
-75.5
-75.51
-75.51
-75.41
-75.54
-75.51
-75.52
-75.52
-75.5
-75.24
-73.68
-71.79
-69.77
-67.84
-65.95
-64.08
-62.17
-60.29
-58.44
-56.44
-54.64
-52.73
-50.81
-48.95
-47.05
-45.19
-43.25
-41.34
-39.53
-37.55
-35.64
-33.82
-31.96
-30.1
-28.25
-26.25
-24.4
-22.52
-20.57
-18.74
-16.87
-15.03
-13.05
-11.04
-8.93
-6.27
-3.61
-1.14
1.55
4.11
6.74
9.52
11.4
13.32
15.34
17.04
18.93
20.85
22.76
24.75
26.52
28.45
30.35
32.11
33.99
35.89
37.78
39.62
41.54
43.46
45.42
47.23
49.12
51.01
52.92
54.97
56.67
58.6
60.64
62.36
64.26
