154
66
89
192.72
189.63
181.83
202.17
218.06
181.36
196.87
194.32
177.48
175.11
182.59
177.86
169.44
196.21
177.86
154.3
186.28
172.84
165.75
185.71
171.52
164.99
185.71
182.78
183.06
177.1
179.84
165.46
160.17
184.01
164.14
130.46
160.64
159.41
164.61
177.67
173.69
173.13
156.48
169.72
170.67
183.72
197.06
181.07
191.48
217.68
204.63
186.84
196.12
194.41
176.91
174.45
173.41
171.9
146.26
177.01
165.65
153.73
170.95
162.81
141.91
170.1
184.48
151.56
181.74
179.65
172.46
155.44
175.02
163.95
172.37
854.94
812.46
806.12
0.78
6.15
5.81
5.81
3.29
4.42
5.63
3.64
3.73
4.42
-151.41
-178.37
-193.45
-184.87
-184
-195.87
-184.35
-190.41
-182.35
-174.81
-178.37
-173.77
-171.52
-178.11
-178.8
-184.26
-175.33
-184.17
-208.79
-199.17
-208.01
-221.35
-209.74
-216.24
-206.54
-197.87
-215.55
-201.33
-183.83
-191.11
-191.97
-168.75
-172.04
-171.61
-185.65
-176.55
-161.21
-176.98
-175.16
-174.12
-192.67
-188.68
-194.23
-189.81
-200.38
-199.69
-224.13
-208.27
-198.56
-197.78
-195.87
-176.37
-187.47
-184.69
-174.55
-175.68
-185.65
-202.2
-195.35
-198.21
-214.51
-211.91
-208.44
-206.02
-208.27
-204.09
-208.96
-227.77
-203.98
-210.33
63.11
61.17
59.43
57.39
55.72
53.62
51.76
49.99
47.93
46.05
44.34
42.24
40.5
38.5
36.62
34.9
32.86
30.96
29.27
27.29
25.52
23.48
21.61
19.83
17.79
15.92
14.18
12.12
10.4
7.79
5.12
2.63
-0.04
-2.68
-5.2
-7.8
-10.28
-12.31
-14.22
-16.02
-17.98
-19.89
-21.8
-23.67
-25.47
-27.44
-29.37
-31.16
-33.1
-35
-36.78
-38.76
-40.58
-42.54
-44.47
-46.24
-48.21
-50.14
-52
-53.87
-55.7
-57.65
-59.56
-61.42
-63.33
-65.24
-67.09
-69.04
-70.88
-72.8
-74.69
-75.45
-75.53
-75.54
-75.52
-75.55
-75.43
-75.53
-75.51
-75.45
-75.51
-75.52
-75.24
-73.75
-71.83
-69.9
-67.95
-66
-64.15
-62.23
-60.3
-58.47
-56.52
-54.7
-52.78
-50.84
-49.02
-47.12
-45.21
-43.37
-41.37
-39.6
-37.65
-35.7
-33.89
-32.05
-30.11
-28.35
-26.32
-24.46
-22.59
-20.63
-18.8
-16.9
-14.93
-13.12
-11.2
-9
-6.37
-3.73
-1.2
1.45
4.16
6.63
9.38
11.33
13.24
15.22
17.04
18.89
20.9
22.7
24.6
26.47
28.38
30.32
32.02
33.94
35.97
37.72
39.57
41.46
43.39
45.38
47.12
49.02
51.07
52.86
54.91
56.6
58.52
60.54
62.3
64.13
