154
66
89
184.67
179.84
175.02
177.1
191.76
186.18
189.3
203.12
180.79
191.76
196.12
190.72
185.71
184.01
176.53
168.96
180.32
172.84
157.04
167.92
167.73
159.03
170.86
168.87
159.22
167.83
173.79
178.33
170.48
180.03
178.52
167.26
185.71
166.98
166.31
184.76
189.11
160.83
171.9
168.77
167.07
163.19
171.9
181.74
171.8
176.91
166.22
162.63
171.04
169.34
151.84
175.87
171.9
158.75
176.72
173.88
183.82
161.87
170.57
165.18
154.3
177.48
181.26
157.23
165.94
166.22
139.73
149.29
165.65
154.3
152.41
842.55
799.41
789.47
6.15
5.63
6.67
6.59
7.02
6.41
6.76
8.75
5.11
4.16
-171.87
-173.34
-181.92
-191.45
-190.5
-192.49
-209.57
-215.72
-200.12
-203.15
-215.89
-210.17
-194.49
-218.15
-225.43
-209.39
-224.3
-200.99
-210.43
-203.93
-208.87
-228.03
-204.37
-226.82
-215.46
-189.55
-226.21
-212.95
-180.53
-214.59
-203.67
-192.41
-206.62
-214.77
-220.14
-213.73
-205.15
-204.45
-197.52
-218.41
-198.99
-187.9
-198.47
-200.21
-180.45
-190.93
-211.99
-191.28
-194.4
-208.7
-213.29
-202.63
-221.96
-234.79
-220.05
-219.83
-221.87
-233.23
-220.46
-222.91
-225.07
-231.93
-221.67
-223.43
-230.2
-220.2
-220.2
-204.45
-223.09
-218.41
63.12
61.23
59.31
57.47
55.77
53.74
51.83
50.1
48.03
46.14
44.25
42.39
40.61
38.62
36.72
34.96
33
31.14
29.26
27.45
25.66
23.62
21.75
19.99
17.95
16.09
14.21
12.32
10.41
7.98
5.33
2.88
0.15
-2.49
-5.05
-7.64
-10.24
-12.17
-14.09
-15.86
-17.86
-19.75
-21.64
-23.51
-25.44
-27.3
-29.22
-31.01
-32.95
-34.82
-36.72
-38.58
-40.52
-42.36
-44.29
-46.08
-48.04
-49.97
-51.83
-53.71
-55.66
-57.51
-59.41
-61.24
-63.2
-65.07
-66.97
-68.86
-70.79
-72.66
-74.49
-75.48
-75.61
-75.58
-75.58
-75.58
-75.6
-75.61
-75.61
-75.6
-75.61
-75.58
-75.33
-73.76
-71.92
-69.88
-67.94
-66.02
-64.19
-62.27
-60.4
-58.49
-56.6
-54.7
-52.83
-50.88
-49.02
-47.15
-45.29
-43.36
-41.46
-39.6
-37.67
-35.74
-33.93
-32.04
-30.19
-28.32
-26.34
-24.49
-22.61
-20.76
-18.8
-16.94
-15.07
-13.11
-11.14
-9.03
-6.38
-3.68
-1.23
1.42
4
6.62
9.4
11.35
13.23
15.21
17.01
18.93
20.75
22.66
24.69
26.42
28.34
30.28
32.02
33.94
35.8
37.7
39.65
41.46
43.39
45.32
47.11
49.02
50.9
52.84
54.88
56.6
58.5
60.53
62.28
64.19
