154
66
89
225.35
218.91
208.98
201.33
202.37
210.12
217.4
222.79
189.4
194.22
197.06
187.22
180.88
202.74
166.41
160.83
165.75
179.28
164.71
169.72
178.05
165.37
180.41
196.97
189.97
189.97
197.63
183.53
190.34
202.64
188.74
181.83
190.53
186.09
174.73
204.82
223.27
200.18
184.19
172.37
170.48
200.09
212.39
190.82
203.4
201.32
204.63
184.29
184.1
208.89
171.8
185.42
176.63
162.72
176.34
190.91
181.36
184.29
198.95
183.82
175.11
188.64
205.67
171.61
194.51
193.47
172.75
171.33
186.09
178.14
195.45
827.98
808.68
794.49
8.84
8.58
3.9
7.11
3.47
6.67
5.89
3.9
5.2
1.65
-179.06
-173.51
-171.69
-157.57
-174.03
-178.37
-175.16
-178.97
-182.27
-169.09
-164.93
-180.88
-179.15
-165.19
-179.67
-172.65
-164.15
-164.41
-176.2
-168.31
-184.87
-196.05
-178.45
-181.75
-203.41
-191.28
-189.46
-195.61
-187.99
-179.49
-169.96
-162.51
-175.42
-194.4
-211.82
-184.87
-172.56
-192.58
-179.58
-181.23
-202.72
-188.42
-181.23
-177.93
-177.07
-181.4
-188.25
-166.06
-161.73
-161.21
-170.48
-161.73
-159.65
-169.7
-165.45
-168.05
-175.94
-180.71
-187.81
-191.11
-207.4
-193.53
-190.59
-215.81
-210.69
-200.12
-209.57
-200.12
-192.15
-201.77
63.16
61.28
59.38
57.53
55.62
53.73
51.83
50.1
48
46.12
44.25
42.37
40.45
38.58
36.71
34.96
32.93
31.04
29.23
27.37
25.47
23.55
21.7
19.94
17.93
16.03
14.14
12.24
10.39
7.92
5.27
2.8
0.06
-2.59
-5.18
-7.7
-10.18
-12.22
-14.19
-15.94
-17.94
-19.78
-21.68
-23.57
-25.48
-27.37
-29.27
-31.09
-33.02
-34.88
-36.75
-38.67
-40.51
-42.44
-44.35
-46.13
-48.12
-50.01
-51.9
-53.81
-55.67
-57.59
-59.48
-61.3
-63.27
-65.14
-67.04
-68.95
-70.83
-72.69
-74.55
-75.26
-75.37
-75.39
-75.36
-75.37
-75.37
-75.35
-75.37
-75.22
-75.36
-75.37
-75.13
-73.66
-71.82
-69.77
-67.84
-65.92
-64.06
-62.16
-60.26
-58.4
-56.5
-54.58
-52.68
-50.77
-48.91
-46.99
-45.2
-43.25
-41.34
-39.5
-37.57
-35.6
-33.8
-31.92
-30.11
-28.19
-26.28
-24.39
-22.5
-20.56
-18.72
-16.81
-14.94
-13.01
-11.13
-8.89
-6.24
-3.52
-1.09
1.58
4.16
6.78
9.54
11.41
13.34
15.34
17.1
19
20.88
22.79
24.66
26.55
28.45
30.4
32.14
34.02
35.89
37.81
39.66
41.55
43.48
45.45
47.22
49.14
51.03
52.94
54.81
56.69
58.6
60.66
62.41
64.31
