154
66
89
152.98
151.03
151.84
146.83
150.96
150.61
151.08
151.03
147.44
150.25
148.53
148.62
147.68
156.48
157.71
159.41
157.04
156.38
146.16
155.44
156.48
148.62
155.81
155.5
150.52
147.02
155.44
149.71
151.13
150.52
152.98
152.88
156.85
150.8
153.92
155.98
159.31
148.06
159.22
160.92
151.03
151.18
157.99
155.15
150.23
154.87
146.73
152.31
149.66
148.6
150.65
147.77
148.81
149.76
155.5
162.15
148.53
157.63
156.95
160.64
147.68
156.47
158.41
149.1
158.27
155.6
158.84
153.35
159.98
157.61
171.33
719.94
836.3
833.47
1.82
-0.26
4.85
5.72
3.47
2.77
-1.56
-2.17
0.52
0.35
-155.92
-177.85
-169.44
-156.53
-150.5
-148.4
-151.59
-148.94
-149.59
-150.81
-149.42
-148.86
-148.16
-149.46
-152.45
-143.12
-143.16
-141.27
-141.34
-140.49
-142.29
-142.75
-143.01
-153.84
-144.39
-151.67
-154.36
-148.81
-148.42
-146.13
-149.25
-147.99
-150.29
-151.67
-142.44
-139.37
-140.58
-142.16
-139
-142.68
-143.03
-140.97
-141.19
-141.04
-149.25
-141.01
-148.73
-141.19
-149.51
-148.1
-147.43
-145.78
-151.59
-152.71
-144.39
-148.4
-144.13
-145.52
-142.75
-143.48
-138.85
-140.93
-140.32
-144.39
-142.75
-140.15
-139.97
-139.28
-148.47
-150.11
63.15
61.26
59.34
57.5
55.75
53.69
51.83
50.07
47.98
46.24
44.23
42.31
40.57
38.55
36.65
34.93
32.89
31.14
29.21
27.3
25.56
23.53
21.67
19.88
17.84
16.13
14.09
12.2
10.46
7.85
5.24
2.73
0.04
-2.51
-5.16
-7.75
-10.24
-12.22
-14.19
-15.97
-17.98
-19.73
-21.74
-23.62
-25.44
-27.42
-29.27
-31.09
-33.05
-34.88
-36.78
-38.69
-40.52
-42.45
-44.37
-46.17
-48.15
-49.97
-51.92
-53.83
-55.66
-57.58
-59.52
-61.35
-63.28
-65.13
-67.07
-68.97
-70.82
-72.73
-74.61
-75.5
-75.61
-75.61
-75.6
-75.61
-75.51
-75.6
-75.61
-75.5
-75.6
-75.62
-75.38
-73.68
-71.78
-69.78
-67.84
-65.94
-64.07
-62.16
-60.3
-58.44
-56.49
-54.62
-52.71
-50.8
-48.96
-47.02
-45.19
-43.27
-41.33
-39.55
-37.57
-35.66
-33.84
-31.9
-30.15
-28.23
-26.25
-24.42
-22.55
-20.59
-18.73
-16.77
-14.98
-13.05
-11.06
-8.89
-6.22
-3.62
-1.14
1.69
4.13
6.7
9.52
11.39
13.27
15.29
17.08
19.05
20.85
22.76
24.76
26.51
28.43
30.32
32.1
34.16
35.88
37.77
39.73
41.53
43.46
45.42
47.22
49.3
51.02
52.94
54.95
56.67
58.6
60.64
62.36
64.4
