154
66
89
186.09
180.88
164.99
167.36
161.58
150.23
152.69
158.65
135.57
151.75
154.77
142.85
150.14
163.48
162.15
151.27
159.6
174.07
155.25
162.72
179.94
150.89
163.48
168.49
157.61
155.15
167.45
147.58
162.72
170.19
172.37
139.92
161.68
154.39
148.53
173.79
176.72
159.5
173.32
168.4
162.91
155.53
174.36
174.73
151.18
171.71
170.67
133.96
150.61
143.52
129.51
128.66
137.65
154.02
146.16
152.22
165.75
161.58
166.41
166.98
154.49
177.29
182.49
154.68
175.49
171.9
178.52
148.25
149.85
154.58
141.06
682.1
816.25
806.88
3.21
1.3
4.77
0.17
3.29
5.29
2.86
3.55
2.6
6.5
-119.69
-161.21
-193.36
-170.48
-192.41
-199.51
-193.01
-190.5
-195.53
-181.57
-185.82
-166.84
-158.69
-162.94
-149.68
-132.78
-124.98
-125.76
-163.89
-128.18
-151.07
-166.15
-144.57
-159.39
-182.79
-164.93
-170.91
-177.76
-188.59
-169.01
-179.41
-174.03
-157.57
-178.02
-172.65
-151.15
-140.06
-157.39
-125.06
-142.66
-136.33
-148.29
-139.19
-142.4
-187.21
-178.02
-178.19
-195.35
-149.16
-170.74
-200.73
-142.23
-156.01
-164.24
-162.77
-147.51
-135.55
-150.37
-128.62
-124.98
-140.58
-130
-135.47
-143.7
-139.02
-143.87
-145.52
-172.99
-178.28
-181.4
63.28
61.52
59.45
57.6
55.86
53.82
51.94
50.2
48.14
46.35
44.31
42.44
40.68
38.68
36.76
34.9
33.03
31.3
29.3
27.45
25.72
23.68
21.8
19.87
17.99
16.25
14.23
12.29
10.56
8.04
5.4
2.76
0.2
-2.29
-5.04
-7.56
-10.1
-12.12
-14.05
-15.85
-17.86
-19.61
-21.62
-23.49
-25.34
-27.27
-29.2
-31
-32.94
-34.8
-36.66
-38.58
-40.41
-42.34
-44.25
-46.06
-48.03
-49.86
-51.82
-53.69
-55.52
-57.5
-59.38
-61.23
-63.18
-65.06
-66.94
-68.87
-70.69
-72.59
-74.53
-75.42
-75.56
-75.54
-75.53
-75.54
-75.46
-75.54
-75.54
-75.49
-75.54
-75.46
-75.3
-73.85
-71.98
-70.02
-68.08
-66.16
-64.32
-62.4
-60.53
-58.65
-56.67
-54.85
-52.95
-50.98
-49.18
-47.2
-45.42
-43.49
-41.53
-39.75
-37.8
-35.82
-34.05
-32.21
-30.33
-28.46
-26.49
-24.62
-22.7
-20.83
-18.97
-17.07
-15.22
-13.28
-11.26
-9.25
-6.54
-3.85
-1.41
1.15
3.86
6.4
9.18
11.17
13.11
15.07
16.84
18.75
20.6
22.49
24.57
26.32
28.16
30.11
31.89
33.89
35.67
37.56
39.56
41.31
43.27
45.09
46.98
49.04
50.84
52.72
54.75
56.48
58.37
60.21
62.15
64.17
