154
66
89
226.29
193.37
217.68
204.66
225.44
206.99
224.69
199.8
188.93
212.86
199.9
185.14
206.52
202.26
179.65
181.36
198.2
180.69
184.57
204.72
195.83
179.37
190.34
185.24
162.34
175.02
177.95
162.44
182.4
185.05
168.11
162.91
196.49
180.6
172.27
188.74
199.71
189.4
203.21
210.31
189.02
197.91
191.2
182.4
198.67
196.02
195.36
196.78
208.13
197.72
198.1
227.15
211.91
187.51
208.7
207.18
194.79
190.82
198.86
183.15
180.51
190.82
188.55
178.61
180.79
180.79
169.06
177.01
194.13
182.78
193.84
871.12
826.56
829.11
0
8.58
5.46
6.07
4.68
7.02
1.56
8.15
7.97
0.78
-188.94
-207.23
-199.17
-193.62
-204.37
-191.54
-178.8
-205.93
-191.54
-187.21
-204.71
-196.39
-196.57
-205.23
-203.76
-203.93
-216.67
-219.53
-210.35
-210.52
-216.33
-193.19
-180.62
-205.23
-177.93
-173.34
-201.16
-186.6
-168.57
-200.38
-209.91
-205.49
-199.69
-208.01
-195.35
-172.65
-181.66
-177.33
-169.96
-166.84
-185.3
-175.59
-170.83
-181.05
-183.83
-179.32
-181.83
-197.43
-184.61
-195.53
-191.11
-190.07
-192.58
-194.92
-189.29
-186.86
-196.57
-221.7
-201.59
-202.72
-210.09
-192.93
-204.11
-210.26
-205.58
-223
-204.3
-215.2
-207.14
-217.28
63.09
61.22
59.37
57.52
55.61
53.72
51.83
50.09
48.07
46.19
44.25
42.41
40.51
38.62
36.75
34.99
33.02
31.1
29.42
27.42
25.51
23.67
21.75
19.98
17.96
16.11
14.35
12.27
10.43
7.97
5.34
2.89
0.21
-2.51
-4.9
-7.6
-10.21
-12.15
-14.05
-15.87
-17.83
-19.75
-21.64
-23.5
-25.41
-27.3
-29.21
-30.99
-32.92
-34.81
-36.67
-38.54
-40.51
-42.35
-44.27
-46.09
-48.03
-49.93
-51.81
-53.73
-55.59
-57.52
-59.41
-61.21
-63.18
-65.07
-66.95
-68.85
-70.74
-72.61
-74.52
-75.41
-75.5
-75.5
-75.55
-75.52
-75.5
-75.52
-75.53
-75.52
-75.5
-75.52
-75.28
-73.77
-71.93
-69.88
-67.95
-66.02
-64.23
-62.3
-60.46
-58.59
-56.68
-54.8
-52.93
-50.98
-49.13
-47.23
-45.33
-43.51
-41.6
-39.74
-37.8
-35.87
-34.05
-32.14
-30.35
-28.46
-26.52
-24.62
-22.74
-20.79
-18.95
-17.09
-15.17
-13.31
-11.35
-9.25
-6.56
-3.89
-1.43
1.25
3.81
6.39
9
11.17
13.08
15.08
16.84
18.72
20.73
22.5
24.43
26.3
28.21
30.15
31.85
33.77
35.74
37.53
39.37
41.32
43.22
45.21
46.96
48.88
50.91
52.7
54.54
56.44
58.34
60.36
62.14
64.04
