154
66
89
189.59
216.08
181.36
167.64
207.56
186.37
185.61
200.47
187.41
192.9
201.13
184.67
189.49
193.37
204.25
184.95
183.34
208.51
194.41
188.83
185.05
176.15
187.6
188.93
178.8
183.63
192.05
197.06
181.17
185.8
180.79
185.52
183.91
187.22
173.6
180.41
188.45
185.8
192.99
197.34
186.56
180.51
202.36
183.72
189.3
189.59
197.16
190.16
197.91
202.93
186.84
193.37
205.67
179.65
189.97
200.47
175.4
183.34
192.24
171.23
173.22
177.76
182.68
175.59
185.24
183.63
161.21
172.18
173.13
165.84
161.3
876.13
843.59
842.36
0.26
4.16
2.6
3.99
-0.61
-1.3
2.77
4.94
1.73
0.52
-120.9
-192.75
-192.23
-197.35
-198.47
-205.75
-196.05
-210.87
-194.14
-207.83
-200.81
-200.9
-218.41
-224.65
-218.58
-223.52
-219.45
-212.25
-218.75
-213.55
-226.38
-209.65
-201.07
-205.15
-193.27
-176.03
-201.85
-201.59
-189.46
-195.09
-213.55
-202.46
-201.94
-221.53
-195.79
-174.47
-191.8
-191.37
-190.93
-199.34
-214.94
-187.99
-190.85
-202.72
-198.3
-190.33
-208.27
-215.55
-185.3
-209.57
-214.94
-199.95
-200.47
-222.57
-224.39
-200.81
-229.76
-235.48
-214.07
-235.48
-256.54
-221.27
-241.64
-247.18
-209.13
-221.53
-235.66
-227.51
-210.35
-231.93
63.18
61.48
59.35
57.49
55.79
53.7
51.81
50.1
48.03
46.25
44.17
42.31
40.56
38.55
36.69
34.96
32.94
31.2
29.19
27.35
25.59
23.57
21.65
19.77
17.86
16.15
14.12
12.21
10.46
7.9
5.24
2.63
0.06
-2.47
-5.17
-7.75
-10.19
-12.2
-14.16
-16.06
-17.94
-19.72
-21.71
-23.63
-25.42
-27.41
-29.3
-31.15
-33.01
-34.81
-36.79
-38.65
-40.51
-42.44
-44.4
-46.23
-48.14
-50.05
-51.93
-53.81
-55.62
-57.59
-59.49
-61.38
-63.28
-65.1
-67.06
-68.95
-70.82
-72.72
-74.6
-75.37
-75.39
-75.31
-75.39
-75.37
-75.29
-75.37
-75.38
-75.32
-75.38
-75.3
-75.14
-73.69
-71.8
-69.81
-67.87
-66
-64.12
-62.19
-60.38
-58.48
-56.54
-54.7
-52.83
-50.98
-49.1
-47.09
-45.31
-43.39
-41.44
-39.67
-37.7
-35.79
-33.99
-32
-30.27
-28.38
-26.38
-24.58
-22.69
-20.73
-18.89
-16.99
-15.15
-13.22
-11.21
-9.15
-6.45
-3.92
-1.33
1.46
3.92
6.43
9.27
11.23
13.14
15
16.93
18.82
20.67
22.56
24.61
26.37
28.25
30.11
31.91
33.94
35.72
37.62
39.58
41.37
43.28
45.12
47.04
48.97
50.84
52.76
54.81
56.5
58.4
60.33
62.21
64.23
