154
66
89
218.28
217.33
221.19
228.19
217.66
217.02
212.95
227.9
226.01
208.22
212.91
216.76
224.78
230.83
213.62
203.31
229.23
205.01
190.34
202.45
203.78
192.14
201.6
197.06
193.94
188.17
195.36
200.37
185.52
207.85
210.87
195.83
203.31
206.62
182.87
206.33
222.89
201.51
205.39
210.4
209.93
208.04
219.1
210.78
203.97
205.58
203.12
194.13
206.62
199.8
199.14
185.24
192.9
191.38
192.71
190.72
196.12
172.84
180.41
186.65
172.18
191.95
196.87
174.45
174.45
175.96
163
153.92
156.57
150.99
147.68
556.09
806.41
796
3.99
3.03
5.72
9.27
4.16
5.72
9.53
4.07
12.22
-0.78
-151.24
-169.96
-166.93
-170.13
-174.81
-168.75
-168.75
-175.33
-174.03
-152.8
-166.23
-163.89
-147.43
-161.81
-173.25
-168.92
-163.89
-162.33
-170.39
-162.42
-171
-179.06
-173.86
-180.19
-173.08
-154.1
-168.83
-177.76
-158.69
-165.97
-180.88
-160.25
-161.99
-175.85
-173.25
-155.05
-160.43
-176.29
-156.27
-163.81
-174.21
-156.96
-152.8
-165.54
-167.19
-156.87
-174.73
-161.55
-146.73
-168.49
-173.77
-161.29
-180.36
-187.29
-189.81
-190.33
-212.08
-189.6
-203.93
-189.3
-193.13
-194.14
-209.57
-217.11
-201.33
-203.33
-189.1
-208.87
-209.65
-190.68
63.2
61.31
59.57
57.58
55.88
53.79
51.9
50.18
48.13
46.22
44.48
42.48
40.7
38.67
36.8
35.05
33.06
31.17
29.33
27.47
25.73
23.69
21.83
20.04
18.06
16.16
14.26
12.36
10.61
8.05
5.5
3
0.23
-2.37
-4.98
-7.51
-10.07
-12.09
-13.99
-15.82
-17.78
-19.66
-21.57
-23.44
-25.25
-27.25
-29.12
-30.93
-32.88
-34.74
-36.64
-38.54
-40.35
-42.27
-44.21
-46.03
-48
-49.9
-51.76
-53.65
-55.46
-57.45
-59.36
-61.17
-63.13
-64.97
-66.89
-68.78
-70.68
-72.57
-74.45
-75.46
-75.55
-75.55
-75.55
-75.55
-75.44
-75.58
-75.54
-75.47
-75.56
-75.55
-75.28
-73.65
-71.78
-69.85
-67.88
-65.98
-64.14
-62.22
-60.35
-58.49
-56.55
-54.74
-52.84
-50.92
-49.05
-47.19
-45.25
-43.42
-41.45
-39.67
-37.74
-35.8
-33.96
-32.14
-30.21
-28.4
-26.39
-24.56
-22.68
-20.73
-18.89
-17.01
-15.17
-13.21
-11.24
-9.18
-6.53
-3.8
-1.33
1.29
3.9
6.5
9.29
11.26
13.14
15.1
16.91
18.82
20.76
22.59
24.61
26.34
28.27
30.21
31.92
33.85
35.67
37.6
39.57
41.36
43.29
45.25
46.98
48.96
50.83
52.76
54.8
56.51
58.39
60.44
62.19
64.09
