154
66
89
194.98
186.37
201.98
191.1
188.17
184.19
185.71
177.95
164.99
170.67
166.5
154.68
165.08
175.4
163.29
151.46
171.8
161.3
156.48
177.1
174.55
173.6
173.6
172.46
164.23
169.15
173.32
159.03
164.33
170.1
162.63
169.06
159.41
154.87
150.14
163.29
170.29
181.74
184.19
196.49
172.09
166.98
163.1
137.93
171.14
167.07
168.87
161.21
178.8
182.3
149.29
182.11
187.13
151.27
159.98
165.37
125.92
141.34
169.25
133.96
138.22
148.06
156.29
135.38
143.14
147.96
139.54
149.85
164.99
144.08
158.65
823.72
810.76
804.52
3.73
7.19
1.21
4.07
2.77
2.43
6.24
3.81
1.3
5.03
-198.56
-151.07
-143.79
-141.45
-143.44
-145.61
-136.07
-150.29
-132.52
-135.29
-146.56
-133.99
-141.62
-141.19
-131.82
-139.71
-143.09
-149.07
-155.31
-137.46
-142.75
-139.63
-138.85
-154.36
-145.52
-135.03
-155.05
-145.17
-129.83
-158.52
-162.68
-147.69
-144.91
-151.24
-142.23
-124.8
-145.26
-137.98
-133.04
-149.33
-141.45
-136.42
-143.27
-152.97
-135.55
-136.42
-143.79
-145
-132.08
-148.81
-146.13
-129.92
-141.62
-146.47
-134.77
-136.68
-137.98
-142.57
-129.05
-141.19
-140.32
-142.05
-154.19
-138.93
-142.92
-146.13
-152.02
-139.19
-157.74
-163.46
63.19
61.44
59.39
57.52
55.78
53.74
51.8
49.93
48.03
46.27
44.25
42.36
40.61
38.61
36.69
34.84
32.93
31.16
29.22
27.39
25.61
23.58
21.7
19.84
17.91
16.15
14.13
12.24
10.46
7.94
5.26
2.83
0.07
-2.49
-5.16
-7.77
-10.19
-12.19
-14.13
-15.92
-17.93
-19.71
-21.7
-23.59
-25.4
-27.37
-29.3
-31.08
-33
-34.82
-36.77
-38.65
-40.56
-42.45
-44.35
-46.24
-48.12
-49.96
-51.88
-53.82
-55.62
-57.57
-59.48
-61.32
-63.26
-65.09
-67.02
-68.93
-70.79
-72.72
-74.56
-75.44
-75.46
-75.35
-75.46
-75.45
-75.35
-75.46
-75.44
-75.46
-75.47
-75.37
-75.2
-73.66
-71.74
-69.76
-67.83
-65.95
-64.03
-62.09
-60.26
-58.38
-56.43
-54.61
-52.7
-50.8
-48.92
-46.95
-45.15
-43.22
-41.3
-39.47
-37.55
-35.69
-33.79
-31.87
-30.09
-28.22
-26.23
-24.39
-22.52
-20.56
-18.7
-16.75
-14.97
-13.02
-11.04
-8.87
-6.21
-3.54
-1.09
1.72
4.14
6.71
9.41
11.42
13.32
15.33
17.14
19.12
20.87
22.79
24.82
26.54
28.47
30.38
32.11
34.13
35.92
37.82
39.78
41.58
43.48
45.46
47.25
49.28
51.04
52.96
55.01
56.69
58.64
60.5
62.37
64.47
