154
66
89
190.06
189.4
180.6
201.6
208.32
183.72
196.3
192.05
178.9
174.36
166.41
159.5
140.49
157.71
183.15
164.52
159.31
171.52
136.99
137.65
155.25
142.29
150.89
160.92
161.96
155.25
159.41
159.41
158.08
166.03
166.6
148.06
160.07
166.6
145.03
153.73
163.95
153.16
153.16
156.85
158.94
160.26
163.19
167.83
168.4
171.14
175.4
161.4
182.97
179.94
148.62
168.11
163
156.1
148.81
151.08
152.98
153.45
152.88
154.02
140.68
153.26
162.63
146.35
153.26
167.92
154.87
150.7
166.79
162.72
151.18
864.78
817.67
811.14
6.33
7.71
4.59
5.37
3.29
6.41
6.5
7.63
-0.95
9.1
-180.01
-202.89
-203.24
-203.67
-197.69
-194.4
-186.43
-190.24
-194.92
-177.07
-171
-184
-175.25
-182.27
-178.37
-194.4
-195.01
-208.27
-224.91
-223.7
-209.43
-214.63
-211.29
-211.7
-209.88
-197.69
-202.81
-203.15
-170.91
-176.98
-176.11
-182.53
-169.01
-174.73
-189.81
-180.01
-161.64
-174.73
-182.09
-196.05
-204.63
-178.28
-175.77
-176.63
-183.65
-181.14
-186.17
-185.13
-178.11
-172.3
-175.16
-173.95
-180.27
-195.79
-205.41
-206.88
-204.97
-197.35
-211.13
-214.94
-216.51
-210.66
-213.18
-217.86
-213.09
-215.39
-215.63
-214.33
-212.59
-214.69
63.13
61.26
59.35
57.51
55.78
53.71
51.85
50.08
48.04
46.14
44.39
42.37
40.61
38.62
36.75
35
32.99
31.09
29.4
27.41
25.66
23.63
21.74
19.98
17.99
16.06
14.2
12.29
10.52
7.99
5.36
2.87
0.16
-2.51
-5.07
-7.65
-10.11
-12.16
-14.07
-15.86
-17.84
-19.76
-21.64
-23.48
-25.37
-27.32
-29.2
-31
-32.93
-34.82
-36.69
-38.58
-40.44
-42.39
-44.31
-46.08
-48.06
-49.96
-51.85
-53.72
-55.55
-57.52
-59.39
-61.25
-63.2
-65.07
-66.94
-68.87
-70.73
-72.63
-74.54
-75.64
-75.77
-75.76
-75.76
-75.75
-75.68
-75.78
-75.77
-75.68
-75.76
-75.76
-75.45
-73.73
-71.85
-69.88
-67.95
-66.02
-64.16
-62.22
-60.4
-58.5
-56.54
-54.67
-52.81
-50.89
-49.03
-47.13
-45.29
-43.37
-41.42
-39.59
-37.67
-35.75
-33.91
-32.04
-30.19
-28.33
-26.32
-24.47
-22.6
-20.66
-18.8
-16.93
-15.07
-13.12
-11.14
-8.98
-6.35
-3.68
-1.24
1.42
4.13
6.6
9.36
11.33
13.24
15.22
16.99
18.87
20.89
22.67
24.69
26.45
28.33
30.27
31.99
33.92
35.9
37.7
39.67
41.48
43.36
45.33
47.09
49.03
51.08
52.81
54.85
56.62
58.49
60.55
62.29
64.19
