154
66
89
198.86
219.86
198.29
184.86
217.02
209.93
190.06
210.78
198.76
196.87
207.47
202.45
189.21
211.25
204.35
176.44
180.51
192.9
173.03
165.84
195.45
169.15
163.95
184.95
185.14
179.84
173.98
187.13
179.84
191.86
199.33
188.17
177.67
197.06
191.2
194.22
224.97
197.06
194.41
191.29
209.27
196.87
207.37
218.25
190.44
196.21
194.22
185.9
174.64
191.67
178.05
167.26
181.07
190.72
185.61
200.94
211.91
195.17
199.14
206.14
195.74
204.82
212.95
193.28
199.24
199.24
174.92
157.14
177.29
180.98
167.54
811.61
804.71
790.89
7.54
5.29
6.76
3.12
3.99
2.86
7.54
6.5
12.74
3.47
-185.65
-170.22
-152.45
-162.85
-163.03
-159.73
-159.82
-167.1
-158.35
-146.47
-163.46
-159.91
-142.92
-163.11
-172.99
-136.68
-147.34
-156.61
-157.57
-141.53
-149.68
-164.07
-148.81
-156.96
-179.67
-153.75
-173.69
-183.83
-142.92
-161.64
-180.36
-147.08
-157.57
-181.66
-165.37
-148.29
-152.63
-168.92
-146.04
-153.49
-169.27
-132.08
-157.65
-156.18
-146.91
-154.71
-166.75
-158.43
-131.48
-150.29
-170.31
-136.51
-148.99
-165.8
-148.64
-152.97
-171.69
-156.27
-150.72
-164.33
-178.19
-160.69
-163.37
-177.5
-162.59
-168.23
-176.37
-137.81
-150.72
-163.81
63.11
61.25
59.28
57.42
55.72
53.64
51.75
50
47.94
46.03
44.18
42.28
40.52
38.52
36.62
34.85
32.85
30.99
29.14
27.27
25.52
23.49
21.63
19.83
17.85
15.95
14.07
12.16
10.42
7.82
5.17
2.69
-0.03
-2.69
-5.25
-7.85
-10.25
-12.28
-14.25
-16.01
-17.99
-19.91
-21.78
-23.62
-25.47
-27.46
-29.37
-31.16
-33.09
-34.96
-36.83
-38.76
-40.55
-42.48
-44.44
-46.2
-48.17
-50.13
-51.99
-53.83
-55.77
-57.64
-59.55
-61.37
-63.35
-65.22
-67.11
-69.04
-70.93
-72.79
-74.66
-75.44
-75.54
-75.57
-75.54
-75.57
-75.54
-75.56
-75.61
-75.46
-75.54
-75.54
-75.28
-73.73
-71.88
-69.86
-67.89
-65.98
-64.16
-62.23
-60.34
-58.47
-56.56
-54.66
-52.76
-50.86
-48.98
-47.09
-45.25
-43.29
-41.36
-39.57
-37.61
-35.69
-33.88
-32.04
-30.16
-28.28
-26.3
-24.46
-22.59
-20.65
-18.8
-16.88
-15.04
-13.11
-11.2
-9.03
-6.34
-3.64
-1.17
1.44
4.05
6.62
9.28
11.37
13.26
15.25
17.08
18.93
20.79
22.72
24.6
26.49
28.39
30.34
32.04
33.96
35.81
37.72
39.71
41.5
43.4
45.37
47.15
49.08
50.98
52.86
54.87
56.67
58.54
60.6
62.33
64.23
