154
66
89
181.79
210.78
192.05
199.71
193.47
167.83
169.91
178.8
147.49
154.39
162.91
164.99
159.69
171.99
158.46
163.85
166.5
171.14
158.84
165.08
173.22
160.26
168.21
172.09
175.59
182.4
162.34
182.59
185.05
185.71
178.23
161.87
170.76
152.5
152.98
175.87
196.97
156.1
165.08
163.38
172.75
170.48
179.37
173.88
165.46
164.23
155.34
154.02
152.12
169.91
133.77
146.73
158.08
145.79
140.01
162.44
155.44
142.85
164.14
166.5
165.75
170.19
172.09
168.4
170.67
169.63
149.1
156.29
174.26
155.44
159.98
825.9
822.59
811.23
4.77
4.33
6.76
7.89
8.23
3.38
6.59
1.21
4.16
12.13
-175.77
-172.82
-156.27
-167.88
-174.47
-161.81
-164.76
-167.97
-152.54
-147.34
-163.03
-157.05
-130.96
-150.89
-160.51
-137.63
-146.56
-146.91
-146.65
-151.33
-151.33
-167.53
-150.29
-170.83
-168.57
-148.73
-173.51
-187.55
-153.23
-166.15
-184.09
-150.29
-167.62
-171.69
-183.05
-154.97
-154.27
-163.46
-152.89
-166.32
-169.53
-151.93
-174.9
-183.57
-146.73
-167.19
-189.98
-150.89
-159.47
-168.92
-166.15
-148.9
-165.11
-158.78
-148.21
-154.1
-164.33
-144.83
-149.07
-157.39
-150.98
-136.85
-151.67
-168.83
-148.99
-172.21
-197.87
-180.36
-185.65
-203.07
63.19
61.25
59.33
57.52
55.62
53.69
51.81
50.08
48
46.12
44.25
42.36
40.45
38.6
36.68
34.95
32.93
31.08
29.23
27.37
25.48
23.59
21.67
19.8
17.94
16.05
14.13
12.23
10.35
7.94
5.25
2.67
0.06
-2.58
-5.11
-7.72
-10.29
-12.21
-14.14
-15.94
-17.9
-19.76
-21.72
-23.56
-25.49
-27.36
-29.28
-31.08
-33.01
-34.88
-36.78
-38.63
-40.59
-42.4
-44.37
-46.12
-48.12
-50.03
-51.9
-53.76
-55.61
-57.57
-59.5
-61.31
-63.24
-65.12
-67.04
-68.92
-70.77
-72.7
-74.57
-75.27
-75.37
-75.37
-75.34
-75.36
-75.27
-75.33
-75.34
-75.26
-75.35
-75.35
-75.14
-73.66
-71.79
-69.78
-67.84
-65.91
-64.08
-62.16
-60.26
-58.38
-56.43
-54.59
-52.7
-50.75
-48.89
-47.02
-45.19
-43.23
-41.31
-39.48
-37.53
-35.6
-33.8
-31.94
-30.1
-28.21
-26.22
-24.35
-22.48
-20.56
-18.7
-16.83
-14.96
-13
-11.11
-8.86
-6.24
-3.52
-1.02
1.55
4.17
6.77
9.39
11.41
13.32
15.34
17.12
19.03
20.86
22.82
24.68
26.55
28.46
30.39
32.11
34.04
35.91
37.82
39.63
41.62
43.48
45.31
47.19
49.19
51.03
52.95
54.99
56.71
58.6
60.67
62.4
64.29
