154
66
89
216.75
215.88
221.94
227.52
217.11
220.81
223.36
217.58
230.36
216.4
219.17
218.12
215.57
218.2
219.35
230.08
223.65
224.12
199.99
200.28
218.54
187.13
186.84
190.91
193.37
202.83
193.47
185.05
193.18
210.02
207.75
204.25
209.55
220.24
205.2
221.66
230.74
201.89
208.22
205.01
217.87
206.99
201.32
210.68
195.64
201.79
195.55
185.61
201.03
191.2
169.44
193.37
194.13
181.26
196.87
213.43
211.63
199.05
205.67
208.79
199.24
203.31
201.13
195.36
177.86
173.5
156.29
154.96
167.83
167.73
164.61
893.44
826.65
825.8
8.58
4.94
5.63
2.6
0.17
3.12
2.43
4.16
2.86
3.64
-132.08
-165.11
-156.44
-155.05
-159.56
-164.33
-150.29
-165.02
-167.62
-142.23
-167.88
-177.76
-146.91
-152.8
-176.37
-172.47
-172.13
-176.29
-161.21
-158.78
-160.25
-163.2
-150.98
-166.67
-165.28
-161.81
-160.6
-179.41
-141.53
-158.09
-180.97
-163.11
-144.31
-165.45
-169.79
-148.64
-167.01
-157.57
-155.31
-164.41
-162.16
-151.85
-151.24
-153.93
-156.61
-153.58
-165.89
-147.69
-136.94
-154.1
-169.09
-158.69
-169.01
-183.83
-188.51
-185.99
-200.47
-207.75
-192.15
-181.65
-211.65
-184.87
-195.44
-195.27
-183.83
-177.5
-177.07
-196.48
-166.41
-172.21
63.08
61.35
59.28
57.42
55.69
53.63
51.73
50.01
47.93
46.16
44.14
42.27
40.5
38.48
36.58
34.85
32.81
30.94
29.11
27.27
25.51
23.46
21.59
19.81
17.83
15.92
14.04
12.12
10.38
7.76
5.12
2.66
-0.07
-2.59
-5.31
-7.88
-10.3
-12.34
-14.22
-16.05
-18.02
-19.93
-21.81
-23.7
-25.5
-27.49
-29.4
-31.21
-33.11
-35
-36.87
-38.81
-40.6
-42.53
-44.46
-46.25
-48.24
-50.13
-51.94
-53.87
-55.72
-57.67
-59.6
-61.41
-63.38
-65.27
-67.1
-69.03
-70.9
-72.8
-74.67
-75.35
-75.42
-75.45
-75.48
-75.44
-75.35
-75.46
-75.43
-75.35
-75.42
-75.46
-75.2
-73.8
-71.89
-69.88
-67.94
-66.01
-64.25
-62.32
-60.46
-58.53
-56.63
-54.8
-52.92
-50.95
-49.14
-47.23
-45.4
-43.49
-41.54
-39.75
-37.78
-35.87
-34.08
-32.18
-30.35
-28.51
-26.46
-24.64
-22.75
-20.85
-18.97
-17.12
-15.25
-13.31
-11.28
-9.24
-6.62
-3.94
-1.45
1.32
3.8
6.38
9.16
11.15
13.07
14.92
16.83
18.73
20.59
22.51
24.54
26.29
28.17
30.15
31.84
33.9
35.61
37.5
39.53
41.21
43.22
45.18
46.98
48.91
50.74
52.68
54.73
56.43
58.33
60.36
62.15
64.02
