154
66
89
161.21
166.22
152.69
165.37
158.18
152.69
171.9
163.76
162.34
169.82
165.84
144.37
160.92
148.34
134.62
133.39
154.77
147.58
128.09
149.38
149.95
131.97
138.88
148.06
125.35
144.56
149.38
144.18
141.53
160.83
154.96
148.81
171.52
162.91
151.75
155.81
168.87
158.46
153.73
176.06
148.62
158.46
181.55
163.67
156.57
162.06
158.75
151.84
171.23
174.64
153.92
186.94
189.49
155.25
168.02
174.07
149
150.33
157.71
142.95
127.43
147.39
153.64
133.11
140.87
152.41
140.87
141.24
158.18
170.86
150.89
831.29
832.99
829.87
1.3
3.03
7.89
7.54
2.86
5.29
5.89
6.07
7.54
4.42
-108.25
-170.31
-175.07
-163.63
-163.63
-165.97
-165.54
-161.03
-177.59
-158.43
-154.71
-167.36
-172.82
-180.27
-192.75
-177.15
-183.83
-187.64
-181.92
-176.98
-175.85
-171.52
-167.36
-174.64
-159.82
-158.17
-161.29
-173.86
-165.63
-163.37
-169.7
-170.91
-169.96
-176.29
-174.21
-152.54
-161.99
-156.79
-141.45
-148.38
-148.12
-138.76
-140.15
-142.83
-153.32
-142.4
-138.15
-153.58
-146.99
-147.34
-155.49
-153.15
-153.93
-165.02
-164.76
-160.43
-162.68
-169.18
-176.46
-177.85
-181.49
-182.01
-171.09
-172.04
-150.55
-157.65
-155.31
-148.64
-153.49
-152.02
63.13
61.38
59.31
57.46
55.68
53.67
51.76
49.87
47.97
46.24
44.17
42.29
40.54
38.52
36.61
34.75
32.86
31.09
29.15
27.32
25.54
23.49
21.65
19.73
17.83
15.97
14.06
12.14
10.43
7.86
5.13
2.59
0.01
-2.54
-5.25
-7.82
-10.25
-12.27
-14.21
-16.12
-18.01
-19.74
-21.72
-23.65
-25.49
-27.46
-29.33
-31.2
-33.06
-34.88
-36.81
-38.68
-40.55
-42.51
-44.41
-46.24
-48.2
-50.03
-51.95
-53.85
-55.68
-57.63
-59.53
-61.44
-63.31
-65.15
-67.11
-69
-70.83
-72.77
-74.65
-75.5
-75.55
-75.42
-75.49
-75.49
-75.37
-75.51
-75.52
-75.51
-75.5
-75.41
-75.21
-73.73
-71.82
-69.85
-67.89
-66.03
-64.13
-62.16
-60.33
-58.48
-56.52
-54.64
-52.78
-50.9
-48.98
-47
-45.27
-43.33
-41.39
-39.57
-37.63
-35.68
-33.87
-31.94
-30.15
-28.26
-26.3
-24.45
-22.58
-20.62
-18.76
-16.82
-15.04
-13.12
-11.11
-8.98
-6.31
-3.78
-1.21
1.62
4.1
6.66
9.45
11.34
13.3
15.26
17.06
19.02
20.84
22.69
24.72
26.51
28.42
30.18
32.04
34.07
35.83
37.74
39.7
41.5
43.42
45.42
47.12
49.22
50.95
52.88
54.91
56.65
58.57
60.61
62.32
64.37
