154
66
89
222.32
195.12
201.22
206.62
193.58
194.32
181.74
191.29
157.61
157.33
182.78
195.83
169.25
185.8
208.6
175.3
177.01
190.44
166.69
164.61
187.6
172.75
165.18
183.34
189.21
172.65
174.64
198.86
186.94
191.76
201.32
182.4
180.88
190.63
179.37
183.53
193.06
195.64
175.49
184.76
194.22
167.73
168.77
177.76
172.37
163.29
182.59
165.65
155.81
178.33
157.14
144.84
168.4
169.53
162.81
173.69
187.41
165.46
172.27
176.44
162.44
167.36
190.53
186.37
178.8
177.19
175.3
145.31
176.15
168.49
161.96
882.38
799.03
802.81
4.85
8.06
7.63
8.23
2.86
4.68
5.72
4.16
0.78
-2.17
-188.94
-185.73
-190.07
-187.9
-189.89
-185.82
-187.12
-205.75
-181.57
-167.45
-185.73
-193.19
-159.65
-181.66
-182.53
-159.21
-177.67
-170.57
-167.01
-164.67
-172.47
-179.93
-180.36
-195.44
-193.19
-175.51
-202.98
-212.69
-174.12
-207.92
-218.75
-186.86
-213.21
-225.26
-204.68
-211.21
-200.73
-214.85
-199.69
-212.95
-218.23
-195.01
-219.62
-211.04
-169.7
-189.46
-204.37
-180.01
-175.33
-184.43
-201.94
-170.13
-184.95
-197.87
-180.27
-196.05
-204.54
-179.58
-185.13
-194.23
-183.74
-158.69
-176.63
-202.11
-203.59
-215.72
-202.77
-209.74
-206.71
-201.99
63.12
61.3
59.35
57.49
55.63
53.7
51.79
50.11
48.02
46.17
44.28
42.41
40.47
38.61
36.75
35.02
32.96
31.13
29.25
27.44
25.54
23.65
21.74
19.99
18.01
16.09
14.18
12.29
10.41
7.98
5.35
2.86
0.16
-2.48
-5.06
-7.65
-10.22
-12.16
-14.11
-15.88
-17.84
-19.73
-21.64
-23.5
-25.46
-27.32
-29.2
-31.02
-32.96
-34.82
-36.62
-38.59
-40.55
-42.37
-44.29
-46.07
-48.03
-49.98
-51.77
-53.71
-55.62
-57.53
-59.37
-61.22
-63.2
-65.05
-66.89
-68.88
-70.77
-72.61
-74.52
-75.57
-75.65
-75.65
-75.6
-75.65
-75.67
-75.64
-75.69
-75.61
-75.7
-75.64
-75.35
-73.75
-71.92
-69.85
-67.92
-66.04
-64.2
-62.28
-60.4
-58.56
-56.65
-54.78
-52.91
-50.99
-49.13
-47.22
-45.39
-43.48
-41.6
-39.73
-37.78
-35.84
-34.04
-32.18
-30.35
-28.49
-26.54
-24.64
-22.76
-20.82
-18.95
-17.11
-15.23
-13.28
-11.38
-9.27
-6.59
-3.94
-1.42
1.25
3.8
6.34
9.01
11.17
13.04
14.94
16.87
18.69
20.58
22.52
24.42
26.27
28.17
30.14
31.84
33.75
35.65
37.52
39.39
41.31
43.22
45.18
46.95
48.9
50.78
52.67
54.53
56.4
58.33
60.36
62.14
64.03
