154
66
89
188.36
175.21
167.83
186.65
195.74
171.14
173.98
180.41
159.98
164.14
172.75
171.52
161.49
168.68
167.64
154.39
158.65
162.81
148.81
156.67
169.82
153.35
156.19
172.75
154.49
170.48
168.4
166.13
170.48
179.75
171.71
160.17
177.86
172.56
158.37
169.91
182.3
148.72
158.94
164.23
152.98
159.03
164.8
159.79
155.44
163.38
163.67
156.85
158.37
168.02
131.22
153.83
161.58
145.22
153.45
164.9
156.1
148.62
157.04
147.3
145.22
152.41
162.72
142.95
156.19
165.94
135.76
135.76
155.15
145.88
143.52
803.29
806.6
801.21
2.95
3.9
5.72
6.85
3.55
2.34
4.25
7.37
4.25
3.99
-197.95
-160.17
-161.29
-161.99
-164.15
-166.75
-154.88
-162.25
-175.16
-156.87
-152.8
-160.08
-157.05
-166.32
-160.43
-168.05
-161.38
-168.49
-166.84
-163.2
-157.65
-174.03
-164.07
-177.41
-178.11
-157.65
-167.53
-184.09
-166.23
-173.6
-176.72
-182.61
-175.68
-179.41
-208.27
-192.67
-177.93
-175.59
-185.65
-186.43
-192.32
-180.45
-178.11
-169.53
-167.27
-165.11
-172.65
-173.43
-158.52
-160.95
-167.36
-162.16
-174.47
-175.85
-184.26
-177.24
-189.2
-194.66
-191.63
-204.11
-216.59
-197.95
-195.35
-197.43
-189.81
-191.45
-204.19
-187.99
-178.71
-186.17
63.14
61.39
59.35
57.47
55.74
53.68
51.76
49.97
48
46.23
44.19
42.27
40.55
38.54
36.65
34.76
32.89
31.16
29.15
27.36
25.57
23.53
21.66
19.73
17.85
16
14.09
12.18
10.43
7.8
5.2
2.59
0.03
-2.49
-5.21
-7.76
-10.22
-12.28
-14.2
-16.07
-17.99
-19.78
-21.77
-23.62
-25.47
-27.45
-29.35
-31.12
-33.06
-34.88
-36.82
-38.69
-40.55
-42.48
-44.41
-46.17
-48.16
-50
-51.94
-53.8
-55.68
-57.62
-59.52
-61.35
-63.27
-65.14
-67.11
-69
-70.84
-72.75
-74.65
-75.2
-75.24
-75.16
-75.26
-75.24
-75.18
-75.25
-75.26
-75.17
-75.23
-75.16
-75.05
-73.78
-71.82
-69.85
-67.92
-65.96
-64.1
-62.15
-60.31
-58.43
-56.5
-54.64
-52.72
-50.86
-48.98
-46.98
-45.24
-43.31
-41.36
-39.55
-37.6
-35.73
-33.82
-31.91
-30.15
-28.25
-26.28
-24.42
-22.56
-20.69
-18.75
-16.78
-15.02
-13.08
-11.09
-8.93
-6.31
-3.75
-1.13
1.63
4.09
6.7
9.45
11.37
13.29
15.19
17.09
19.08
20.83
22.76
24.74
26.52
28.37
30.36
32.07
33.98
35.86
37.77
39.71
41.52
43.44
45.41
47.15
49.08
50.99
52.9
54.94
56.67
58.57
60.63
62.35
64.38
