154
66
89
201.79
206.99
183.34
186.09
201.03
171.61
177.38
207.94
180.98
174.55
198.39
200.94
177.67
195.74
198.48
163.29
190.91
193.56
156.29
166.79
179.46
164.04
157.42
162.06
191.95
159.31
169.44
180.32
160.54
175.59
188.07
153.54
176.72
188.36
155.06
177.19
198.2
183.44
180.51
182.49
180.13
167.07
185.24
188.26
169.06
170.67
190.82
170.57
165.46
173.41
169.25
146.54
166.6
174.55
160.26
182.3
182.97
161.87
186.37
177.29
175.96
190.53
201.03
173.22
171.23
180.98
171.8
147.2
164.61
164.04
143.33
310.49
801.39
782.66
1.21
2.69
6.93
3.9
2.86
7.11
4.25
-0.43
5.98
3.47
-169.61
-172.3
-176.46
-165.02
-179.32
-180.71
-171.52
-191.97
-185.39
-158.69
-161.64
-166.67
-150.2
-152.97
-159.39
-158.95
-155.57
-154.36
-161.38
-146.04
-152.71
-179.84
-160.86
-173.69
-180.79
-159.39
-175.77
-187.81
-159.82
-166.84
-184.69
-178.97
-172.91
-177.93
-181.83
-168.23
-159.91
-180.62
-169.09
-161.81
-170.48
-152.8
-159.39
-170.05
-164.93
-157.48
-171.17
-183.22
-144.74
-168.83
-186.17
-149.77
-172.39
-169.79
-171
-166.67
-172.21
-193.53
-173.77
-178.37
-187.81
-164.93
-168.92
-184.35
-161.55
-175.85
-182.96
-175.42
-163.55
-183.39
63.31
61.39
59.62
57.63
55.73
53.83
51.97
50.17
48.14
46.28
44.54
42.51
40.75
38.72
36.87
35.1
33.1
31.23
29.53
27.56
25.81
23.76
21.89
20.13
18.09
16.2
14.42
12.45
10.67
8.18
5.55
3.04
0.34
-2.29
-4.79
-7.44
-9.95
-12.08
-13.97
-15.76
-17.73
-19.63
-21.4
-23.4
-25.25
-27.17
-29.06
-30.93
-32.86
-34.69
-36.59
-38.47
-40.29
-42.24
-44.16
-46.1
-47.93
-49.85
-51.63
-53.63
-55.42
-57.38
-59.28
-61.16
-63.08
-64.94
-66.8
-68.75
-70.61
-72.51
-74.4
-75.58
-75.66
-75.65
-75.56
-75.68
-75.61
-75.66
-75.69
-75.58
-75.67
-75.64
-75.33
-73.61
-71.73
-69.71
-67.78
-65.89
-64.03
-62.14
-60.2
-58.37
-56.47
-54.55
-52.67
-50.73
-48.89
-47
-45.09
-43.22
-41.34
-39.5
-37.53
-35.59
-33.8
-31.93
-29.98
-28.19
-26.25
-24.35
-22.51
-20.53
-18.68
-16.82
-14.86
-13.02
-11.11
-8.85
-6.19
-3.52
-1.05
1.61
4.36
6.78
9.38
11.45
13.34
15.24
17.13
19
21.01
22.81
24.69
26.57
28.47
30.42
32.14
34.03
36.05
37.85
39.67
41.59
43.49
45.46
47.25
49.18
51.22
52.95
54.85
56.71
58.64
60.64
62.43
64.31
