154
66
89
187.22
191.1
182.3
168.96
204.82
181.74
176.53
204.44
194.03
185.33
192.14
174.83
185.05
182.68
195.64
179.84
178.9
198.48
181.45
192.05
197.44
172.84
188.83
192.05
173.22
178.52
178.9
182.97
176.72
181.92
180.98
184.95
188.36
178.14
166.03
176.15
182.97
175.4
178.14
186.47
168.3
179.09
197.34
180.88
187.22
185.05
194.6
189.11
198.67
180.41
185.99
191.95
193.56
173.98
195.55
208.7
177.48
181.64
194.03
167.92
172.94
179.94
180.51
176.44
173.13
181.45
163.76
170.67
172.27
159.22
171.8
838.39
835.83
828.17
0.87
1.13
3.55
0.61
1.3
3.73
0.35
2.17
7.45
-1.65
-150.11
-186.08
-187.12
-198.56
-194.83
-206.19
-192.67
-205.41
-201.07
-208.27
-200.47
-204.71
-219.36
-224.39
-212.08
-218.75
-221.96
-214.07
-217.89
-214.77
-210.61
-207.49
-195.09
-199.77
-205.49
-173.95
-205.67
-196.13
-176.81
-198.73
-206.36
-194.31
-201.25
-208.09
-184.87
-171.95
-193.62
-200.03
-179.75
-206.79
-205.93
-172.73
-195.35
-198.65
-188.94
-191.19
-208.7
-215.55
-186.43
-207.92
-214.77
-192.93
-217.28
-221.35
-205.32
-216.41
-214.43
-215.08
-217.19
-214.28
-218.57
-214.51
-217.81
-217.03
-202.63
-228.64
-217.27
-199.95
-211.99
-231.58
63.16
61.25
59.31
57.51
55.66
53.76
51.83
50.14
48.06
46.15
44.28
42.39
40.48
38.6
36.78
35
33.01
31.13
29.26
27.42
25.51
23.62
21.74
20.02
17.95
16.11
14.22
12.29
10.55
8.05
5.39
2.96
0.18
-2.49
-5.11
-7.61
-10.11
-12.15
-14.06
-15.85
-17.85
-19.69
-21.62
-23.49
-25.4
-27.32
-29.19
-30.97
-32.92
-34.82
-36.69
-38.6
-40.43
-42.34
-44.28
-46.04
-48.05
-49.94
-51.79
-53.73
-55.53
-57.49
-59.42
-61.23
-63.17
-65.07
-66.93
-68.87
-70.78
-72.63
-74.52
-75.3
-75.39
-75.39
-75.39
-75.4
-75.41
-75.41
-75.4
-75.33
-75.41
-75.39
-75.18
-73.92
-72.05
-70.06
-68.07
-66.16
-64.29
-62.4
-60.5
-58.64
-56.73
-54.87
-52.96
-51.02
-49.19
-47.27
-45.43
-43.55
-41.61
-39.74
-37.79
-35.9
-34.06
-32.17
-30.35
-28.49
-26.55
-24.62
-22.77
-20.82
-18.98
-17.09
-15.17
-13.31
-11.31
-9.25
-6.61
-3.85
-1.43
1.17
3.8
6.38
9.17
11.21
13.08
15.05
16.86
18.72
20.61
22.52
24.52
26.3
28.17
30.08
31.85
33.75
35.65
37.53
39.36
41.29
43.22
45.18
46.93
48.91
50.79
52.69
54.6
56.45
58.33
60.25
62.15
64.02
