154
66
89
146.54
148.15
148.72
151.18
148.25
149.85
153.45
148.25
132.45
148.81
151.84
152.12
148.25
157.61
148.72
154.58
155.15
154.21
144.18
154.39
158.75
157.61
163.38
170.67
134.62
150.14
157.33
140.49
143.8
152.12
150.61
148.72
140.77
160.07
151.75
165.37
158.84
144.93
155.06
161.68
147.02
143.42
159.22
155.34
152.41
156.76
140.49
148.62
142
139.54
142.29
135.95
143.61
140.68
158.56
160.35
164.8
164.61
168.02
165.37
148.72
159.12
170.76
160.17
155.81
167.17
157.52
149
161.4
159.31
173.22
702.15
831.57
827.6
1.39
0.78
0.95
0.09
3.47
-1.91
3.99
1.82
-1.65
0
-184.78
-174.47
-150.89
-168.75
-161.03
-154.62
-152.28
-163.55
-157.13
-142.31
-158.61
-156.96
-160.17
-165.11
-146.21
-128.7
-139.45
-132.26
-124.11
-126.19
-134.34
-127.92
-148.64
-143.7
-143.18
-148.21
-156.01
-163.03
-153.67
-156.18
-160.08
-148.55
-149.07
-149.59
-139.97
-145.78
-141.1
-134.69
-131.39
-138.93
-140.32
-135.12
-133.13
-147.34
-145.35
-147.69
-150.03
-140.41
-155.23
-147.43
-135.64
-145.78
-150.46
-156.09
-150.2
-149.94
-145.09
-140.15
-137.98
-140.67
-126.71
-129.22
-144.83
-138.59
-137.98
-145.43
-137.29
-145.87
-150.46
-149.25
63.65
61.78
59.82
58
56.09
54.38
52.32
50.44
48.47
46.61
44.7
42.84
40.97
39.19
37.19
35.28
33.43
31.53
29.67
27.87
25.98
24.18
22.18
20.28
18.48
16.49
14.61
12.72
10.84
8.73
5.92
3.31
0.88
-1.9
-4.54
-7.02
-9.76
-11.62
-13.64
-15.57
-17.44
-19.3
-21.22
-23.08
-25.04
-26.79
-28.81
-30.69
-32.54
-34.41
-36.29
-38.17
-40.11
-41.87
-43.87
-45.76
-47.63
-49.53
-51.43
-53.35
-55.22
-57.04
-59.01
-60.94
-62.77
-64.63
-66.55
-68.44
-70.39
-72.14
-74.09
-75.61
-75.61
-75.61
-75.59
-75.59
-75.57
-75.51
-75.6
-75.64
-75.6
-75.55
-75.1
-73.3
-71.47
-69.41
-67.48
-65.63
-63.79
-61.85
-59.96
-58.08
-56.2
-54.18
-52.38
-50.51
-48.63
-46.69
-44.82
-42.91
-41.08
-39.11
-37.2
-35.41
-33.5
-31.63
-29.78
-27.9
-25.98
-23.99
-22.18
-20.31
-18.39
-16.53
-14.66
-12.71
-10.78
-8.28
-5.75
-3.32
-0.5
2.01
4.59
7.25
9.84
11.85
13.67
15.48
17.54
19.3
21.21
23.1
24.97
27
28.77
30.55
32.59
34.35
36.22
38.12
39.97
42.01
43.83
45.63
47.7
49.49
51.34
53.26
55.15
57.18
58.94
60.79
62.91
64.6
