154
66
89
191.1
217.68
189.97
174.07
193.94
186.94
181.36
187.6
175.78
174.55
176.63
170.19
166.6
172.65
185.61
168.02
170.57
187.98
176.34
167.64
195.45
178.71
169.34
179.18
194.7
199.43
187.6
183.34
191.2
184.57
191.38
181.74
180.98
180.98
172.94
196.3
196.52
204.16
175.49
186.56
215.89
209.83
198.76
218.25
211.35
198.29
223.17
190.91
189.02
194.22
161.77
163
172.37
187.88
164.61
171.61
197.63
183.06
179.75
184.1
190.53
186.65
206.62
195.83
177.29
192.99
172.84
162.63
167.45
187.51
163.19
814.92
808.58
810.57
5.72
2.95
8.84
6.07
2.17
4.94
7.63
5.46
-0.35
1.39
-167.27
-230.89
-230.2
-214.33
-219.79
-233.75
-228.72
-229.08
-236.7
-209.13
-229.16
-238.52
-208.18
-205.41
-216.59
-201.59
-199.95
-209.91
-216.07
-202.37
-215.55
-230.85
-214.51
-230.44
-234.99
-237.56
-234.32
-236.14
-230.96
-229.23
-233.54
-235.74
-224.3
-230.14
-235.42
-229.42
-221.53
-227.25
-207.05
-215.89
-230.72
-218.67
-225.69
-230.28
-228.9
-214.59
-229.25
-218.67
-190.67
-208.7
-226.38
-189.63
-211.82
-212.25
-202.11
-201.59
-221.01
-236.78
-206.71
-226.9
-233.06
-221.01
-227.51
-229.94
-211.91
-222.05
-235.31
-206.01
-212.25
-236.26
63.11
61.37
59.27
57.42
55.69
53.63
51.72
49.82
47.96
46.15
44.14
42.23
40.51
38.48
36.59
34.72
32.83
31.09
29.1
27.27
25.5
23.48
21.69
19.68
17.84
16.06
14.04
12.12
10.4
7.75
5.29
2.5
-0.1
-2.71
-5.32
-7.88
-10.28
-12.33
-14.28
-16.15
-18
-19.78
-21.8
-23.68
-25.5
-27.51
-29.39
-31.26
-33.11
-34.9
-36.85
-38.8
-40.56
-42.57
-44.45
-46.23
-48.19
-50.07
-52
-53.89
-55.72
-57.69
-59.59
-61.42
-63.46
-65.18
-67.14
-69.06
-70.88
-72.81
-74.69
-75.54
-75.6
-75.51
-75.61
-75.61
-75.51
-75.61
-75.61
-75.51
-75.6
-75.52
-75.37
-73.75
-71.93
-69.91
-67.93
-66.07
-64.17
-62.23
-60.4
-58.5
-56.53
-54.7
-52.81
-50.95
-49.02
-47.05
-45.27
-43.35
-41.38
-39.61
-37.67
-35.82
-33.89
-32.07
-30.2
-28.32
-26.34
-24.49
-22.61
-20.76
-18.81
-16.87
-15.07
-13.14
-11.17
-9.08
-6.26
-3.82
-1.25
1.56
4
6.59
9.37
11.34
13.31
15.1
17
19
20.75
22.71
24.71
26.45
28.45
30.2
32.04
34.06
35.81
37.7
39.67
41.46
43.37
45.22
47.1
49.18
50.94
52.81
54.89
56.64
58.5
60.57
62.25
64.33
