154
66
89
192.05
175.21
159.22
177.86
191.57
157.33
178.61
188.45
146.73
178.99
185.99
154.58
173.03
178.52
160.64
150.89
167.45
157.61
152.6
171.23
177.38
147.68
173.22
174.64
155.44
159.12
182.3
159.03
170.95
188.83
168.49
165.75
184.29
178.14
170
184.19
180.6
163
172.09
171.61
166.03
177.57
190.06
172.65
183.53
190.53
185.99
170.38
187.03
178.52
171.99
183.25
182.02
193.37
176.63
182.11
185.42
182.21
192.24
166.13
163.67
174.07
166.22
147.68
161.4
150.23
159.41
147.87
154.39
152.41
156
876.13
808.02
806.22
5.72
10.92
2.69
4.07
5.46
10.05
5.89
3.12
4.51
6.67
-183.83
-187.64
-199.08
-195.7
-194.66
-201.07
-227.86
-227.34
-222.92
-223.84
-230.2
-227.42
-225.36
-227.78
-224.06
-224.88
-217.19
-219.53
-226.99
-213.81
-192.75
-218.58
-208.96
-204.63
-220.75
-203.93
-220.83
-211.65
-203.24
-212.6
-188.94
-197.95
-231.76
-222.71
-223.87
-232.88
-194.66
-200.47
-195.79
-194.83
-205.49
-186.77
-182.44
-189.2
-183.39
-187.73
-177.76
-195.18
-185.65
-185.91
-224.3
-211.91
-206.45
-218.23
-224.39
-225.08
-222.58
-223.97
-225.64
-225.03
-230.36
-224.55
-234.01
-225.59
-231.5
-227.42
-225.4
-204.89
-206.97
-220.57
63.23
61.33
59.41
57.61
55.74
53.81
51.93
50.2
48.05
46.24
44.34
42.47
40.58
38.7
36.82
35.07
33.03
31.2
29.35
27.52
25.61
23.74
21.86
20.08
18.05
16.19
14.31
12.37
10.53
8.11
5.41
3.01
0.32
-2.38
-4.95
-7.5
-10.16
-12.08
-14.02
-15.78
-17.77
-19.64
-21.56
-23.43
-25.34
-27.22
-29.13
-30.96
-32.84
-34.72
-36.66
-38.5
-40.43
-42.27
-44.23
-45.99
-47.97
-49.86
-51.76
-53.62
-55.52
-57.44
-59.31
-61.16
-63.08
-65
-66.88
-68.78
-70.69
-72.53
-74.46
-75.57
-75.68
-75.68
-75.68
-75.66
-75.68
-75.68
-75.7
-75.61
-75.67
-75.68
-75.42
-73.75
-71.97
-69.9
-67.98
-66.06
-64.19
-62.32
-60.44
-58.53
-56.66
-54.77
-52.83
-50.91
-49.07
-47.15
-45.3
-43.38
-41.4
-39.63
-37.73
-35.74
-33.94
-32.06
-30.22
-28.3
-26.38
-24.53
-22.63
-20.66
-18.87
-16.94
-15.09
-13.17
-11.28
-9.14
-6.4
-3.74
-1.26
1.42
3.98
6.59
9.17
11.31
13.21
15.18
17
18.88
20.76
22.66
24.51
26.45
28.28
30.3
31.99
33.87
35.75
37.68
39.51
41.4
43.35
45.41
47.08
49.02
50.89
52.78
54.68
56.57
58.47
60.53
62.28
64.16
