154
66
89
188.26
196.02
198.1
217.97
194.86
192.4
192.99
214.66
198.86
207.28
192.33
155.91
164.61
157.8
153.35
142.76
161.3
167.36
155.62
167.54
179.84
150.61
174.36
184.48
166.41
175.11
189.68
179.46
189.3
197.16
192.82
194.79
206.33
210.31
180.13
190.82
180.79
145.5
154.39
154.87
144.84
148.25
165.56
184.38
155.34
173.79
204.44
175.49
191.38
191.88
204.16
194.29
194.22
190.25
182.59
199.14
175.96
152.12
160.45
181.92
139.45
156.57
162.06
149.48
156.38
182.21
154.87
176.06
197.16
176.91
165.37
839.52
833.09
830.53
4.68
11.79
6.41
5.29
5.81
3.73
0.87
1.56
4.51
5.2
-177.5
-184
-165.89
-150.89
-155.31
-156.7
-123.59
-158.52
-159.47
-132.34
-138.5
-186.95
-131.04
-154.62
-183.48
-172.56
-184.17
-207.49
-206.53
-194.31
-200.38
-203.33
-163.03
-183.05
-186.43
-141.45
-135.73
-170.65
-138.33
-136.68
-156.61
-167.1
-151.41
-170.13
-184.52
-170.74
-196.83
-216.93
-180.27
-191.19
-183.27
-178.54
-178.19
-174.03
-167.01
-147.25
-158.87
-166.58
-147.69
-151.76
-162.51
-138.41
-145.78
-148.64
-134.25
-144.48
-143.87
-157.22
-156.27
-172.21
-205.93
-201.25
-210.61
-217.37
-207.66
-202.2
-207.66
-180.71
-181.57
-173.08
63.18
61.29
59.55
57.55
55.65
53.71
51.84
49.91
48
46.1
44.26
42.31
40.4
38.53
36.68
34.82
32.97
31.03
29.21
27.36
25.47
23.52
21.71
19.79
17.89
16
14.23
12.22
10.34
7.91
5.29
2.57
0.06
-2.58
-5.2
-7.75
-10.26
-12.25
-14.15
-16.05
-17.95
-19.82
-21.71
-23.56
-25.54
-27.38
-29.27
-31.17
-32.98
-34.89
-36.77
-38.67
-40.58
-42.45
-44.39
-46.2
-48.13
-50.03
-51.9
-53.8
-55.7
-57.61
-59.46
-61.39
-63.27
-65.15
-67
-68.96
-70.85
-72.7
-74.61
-75.27
-75.34
-75.35
-75.27
-75.35
-75.35
-75.37
-75.35
-75.27
-75.38
-75.37
-75.05
-73.69
-71.84
-69.82
-67.85
-65.96
-64.13
-62.22
-60.29
-58.5
-56.6
-54.69
-52.81
-50.92
-49.02
-47.15
-45.25
-43.38
-41.5
-39.67
-37.73
-35.76
-33.97
-32.09
-30.16
-28.38
-26.47
-24.54
-22.65
-20.71
-18.86
-17
-15.07
-13.21
-11.28
-9.12
-6.47
-3.94
-1.38
1.29
4.09
6.51
9.07
11.29
13.14
15.04
16.96
18.84
20.82
22.59
24.5
26.42
28.29
30.22
31.94
33.86
35.87
37.65
39.46
41.39
43.31
45.13
46.98
48.96
50.85
52.75
54.64
56.54
58.42
60.34
62.19
64.13
