154
66
89
192.44
219.58
193.2
197.01
197.2
195.93
206.71
198.86
162.44
173.79
174.45
149
159.6
162.06
175.4
177.19
183.34
164.61
157.04
179.09
175.02
156.38
177.76
177.1
177.29
173.5
179.94
171.42
176.44
185.24
167.36
172.65
185.8
185.05
155.25
179.75
190.72
141.62
167.26
169.82
186.65
171.8
182.78
194.51
168.3
173.69
190.91
175.68
199.52
219.01
168.4
185.33
210.12
171.23
167.17
177.86
195.74
155.25
165.75
187.32
161.02
171.23
181.83
178.99
201.22
219.48
194.32
187.32
216.83
195.83
168.59
898.27
837.82
827.51
7.37
6.67
5.72
3.03
4.33
5.11
2.43
6.07
6.15
3.47
-154.1
-187.03
-208.09
-193.79
-193.62
-197.69
-202.11
-198.47
-189.37
-158.87
-176.11
-182.44
-151.76
-158.17
-160.69
-169.44
-164.41
-174.29
-191.71
-185.91
-182.35
-206.62
-184.09
-176.2
-167.62
-158.69
-162.25
-183.39
-166.32
-163.03
-180.97
-183.22
-158.52
-174.21
-187.81
-167.19
-168.75
-167.36
-169.79
-175.77
-164.85
-180.01
-171.43
-164.93
-174.81
-176.98
-174.55
-172.3
-159.56
-156.87
-162.25
-169.96
-170.91
-162.25
-164.59
-160.69
-161.03
-165.02
-167.36
-164.67
-183.05
-169.27
-173.69
-197
-208.44
-208.87
-189.83
-219.97
-211.21
-202.72
63.15
61.45
59.36
57.53
55.74
53.71
51.8
50.07
48.01
46.27
44.21
42.33
40.43
38.57
36.68
34.96
32.92
31.16
29.21
27.37
25.56
23.56
21.68
19.9
17.9
16.02
14.13
12.22
10.5
7.92
5.24
2.8
0.06
-2.6
-5.18
-7.72
-10.21
-12.22
-14.16
-15.94
-17.95
-19.81
-21.62
-23.56
-25.45
-27.37
-29.27
-31.09
-33.03
-34.91
-36.71
-38.68
-40.53
-42.46
-44.38
-46.16
-48.14
-50.07
-51.95
-53.79
-55.62
-57.59
-59.48
-61.32
-63.24
-65.16
-67.06
-68.97
-70.85
-72.73
-74.62
-75.25
-75.35
-75.25
-75.36
-75.35
-75.23
-75.34
-75.36
-75.24
-75.35
-75.27
-75.1
-73.68
-71.79
-69.83
-67.89
-65.95
-64.08
-62.19
-60.35
-58.5
-56.57
-54.7
-52.79
-50.89
-49.05
-47.21
-45.32
-43.38
-41.44
-39.67
-37.7
-35.77
-33.97
-32.11
-30.28
-28.35
-26.39
-24.54
-22.64
-20.72
-18.89
-17
-15.09
-13.23
-11.19
-9.12
-6.5
-3.81
-1.33
1.36
4.02
6.48
9.25
11.26
13.14
15.16
16.93
18.82
20.79
22.59
24.66
26.39
28.26
30.15
31.92
33.85
35.85
37.63
39.63
41.4
43.32
45.27
47.03
48.97
50.86
52.74
54.76
56.53
58.4
60.47
62.21
64.13
