154
66
89
218.73
173.79
181.83
187.17
196.02
175.4
204.35
213.81
147.39
188.83
198.48
144.08
170.1
193.28
154.49
163
189.68
169.06
151.75
182.4
196.68
143.8
181.55
197.91
158.84
172.56
205.2
164.61
168.3
201.32
159.79
166.79
185.33
187.32
141.15
190.06
213.9
158.46
169.06
181.36
164.42
164.71
194.79
171.52
165.84
200.56
171.9
144.18
182.78
189.68
139.54
167.36
162.72
157.14
155.91
169.25
161.21
155.25
168.3
157.71
152.03
180.6
181.17
136.14
175.4
183.53
158.56
156
161.58
158.27
163.48
868.19
817.38
803.48
7.54
3.9
5.2
4.51
5.2
2.95
5.55
4.07
5.2
8.93
-149.51
-159.56
-163.72
-159.73
-158
-165.8
-162.77
-161.9
-154.71
-154.79
-161.03
-149.25
-141.62
-154.1
-147.43
-162.16
-154.36
-145.87
-166.15
-161.55
-151.85
-170.74
-163.29
-169.96
-169.61
-172.13
-189.89
-163.46
-169.44
-176.55
-155.92
-168.75
-178.19
-160.69
-169.44
-167.97
-163.63
-179.15
-159.39
-166.23
-164.41
-167.79
-175.16
-152.8
-180.97
-171.43
-183.13
-180.1
-167.62
-176.46
-179.93
-158.17
-161.64
-160.77
-170.57
-165.54
-143.87
-176.11
-166.06
-153.84
-174.9
-166.15
-166.93
-174.55
-174.38
-181.57
-160.95
-185.82
-176.2
-146.3
63.18
61.42
59.37
57.55
55.74
53.72
51.81
50.01
47.96
46.25
44.22
42.27
40.58
38.58
36.62
34.94
32.94
31.15
29.2
27.37
25.57
23.54
21.66
19.89
17.86
16.16
14.13
12.17
10.45
7.89
5.22
2.8
0.07
-2.46
-5.18
-7.71
-10.19
-12.26
-14.14
-15.95
-17.99
-19.69
-21.71
-23.62
-25.44
-27.38
-29.33
-31.09
-33.01
-34.84
-36.81
-38.65
-40.53
-42.46
-44.38
-46.15
-48.15
-50
-51.93
-53.81
-55.63
-57.59
-59.52
-61.34
-63.27
-65.1
-67.08
-68.96
-70.82
-72.73
-74.61
-75.33
-75.51
-75.37
-75.45
-75.44
-75.31
-75.46
-75.44
-75.34
-75.42
-75.44
-75.21
-73.68
-71.81
-69.82
-67.87
-65.94
-64.09
-62.17
-60.32
-58.4
-56.48
-54.63
-52.74
-50.78
-48.94
-47.01
-45.2
-43.29
-41.3
-39.55
-37.59
-35.62
-33.81
-31.89
-30.12
-28.23
-26.25
-24.41
-22.51
-20.54
-18.73
-16.8
-14.96
-13.03
-11.05
-8.86
-6.28
-3.57
-1.09
1.62
4.18
6.75
9.5
11.43
13.32
15.31
17.07
19.07
20.86
22.75
24.77
26.56
28.41
30.42
32.12
34.14
35.88
37.81
39.77
41.55
43.44
45.42
47.18
49.25
51.04
52.92
54.81
56.69
58.6
60.6
62.39
64.43
