154
66
89
165.46
152.6
155.81
164.14
143.52
154.68
157.33
134.91
131.5
146.45
138.03
128.95
150.61
146.26
132.45
149.76
154.39
133.39
140.49
149
128.19
131.78
142.1
136.61
129.32
134.53
142.66
130.27
141.72
146.26
134.72
139.54
150.23
137.08
137.27
157.52
155.06
143.14
155.91
157.04
136.04
150.14
155.91
138.31
146.83
159.03
139.35
144.93
159.5
150.89
145.22
164.23
159.6
130.84
145.31
167.73
131.78
138.69
160.26
138.31
131.5
146.16
155.72
134.53
134.34
140.77
137.37
133.11
156.85
135.38
135.19
808.77
824.01
826.09
11.01
0.17
5.29
5.89
7.97
2.69
4.25
6.67
7.63
1.47
-108.51
-150.2
-144.74
-139.19
-146.91
-149.51
-134.77
-145.26
-149.51
-137.89
-141.71
-138.07
-149.68
-144.05
-140.23
-142.49
-146.65
-141.19
-159.04
-144.31
-154.36
-137.72
-140.84
-144.13
-135.9
-148.64
-150.89
-145.61
-137.63
-155.66
-154.45
-152.37
-144.83
-154.71
-151.59
-135.9
-133.73
-134.34
-129.48
-137.89
-131.82
-128.62
-135.64
-134.43
-139.28
-142.4
-140.84
-145.26
-145.43
-148.55
-144.31
-144.13
-149.42
-144.31
-145.35
-142.57
-147.77
-144.39
-148.55
-139.02
-136.51
-148.47
-138.76
-143.79
-144.83
-150.98
-152.63
-145.43
-147.25
-158.95
63.09
61.38
59.28
57.46
55.69
53.65
51.89
49.83
48
46.22
44.16
42.3
40.55
38.52
36.75
34.74
32.87
31.11
29.13
27.3
25.3
23.51
21.75
19.74
17.83
16.09
14.05
12.17
10.41
7.8
5.31
2.52
-0.06
-2.57
-5.22
-7.83
-10.29
-12.26
-14.13
-16.11
-18.02
-19.75
-21.76
-23.63
-25.5
-27.44
-29.41
-31.23
-33.08
-34.89
-36.82
-38.73
-40.58
-42.52
-44.42
-46.28
-48.22
-50.03
-51.97
-53.83
-55.67
-57.65
-59.56
-61.44
-63.34
-65.18
-67.11
-69.01
-70.84
-72.79
-74.66
-75.57
-75.57
-75.48
-75.57
-75.54
-75.48
-75.57
-75.47
-75.57
-75.59
-75.48
-75.31
-73.71
-71.79
-69.86
-67.85
-66.02
-64.14
-62.16
-60.35
-58.46
-56.5
-54.64
-52.71
-50.88
-48.99
-47.02
-45.23
-43.31
-41.37
-39.56
-37.64
-35.75
-33.87
-31.9
-30.16
-28.25
-26.28
-24.47
-22.49
-20.71
-18.79
-16.83
-15.04
-13.1
-11.09
-8.98
-6.32
-3.81
-1.21
1.64
4.03
6.64
9.43
11.34
13.27
15.14
17.02
19.03
20.8
22.73
24.72
26.48
28.34
30.19
32.04
34.08
35.84
37.73
39.71
41.51
43.43
45.25
47.15
49.22
50.98
52.88
54.88
56.64
58.57
60.44
62.31
64.23
