154
66
89
188.74
181.64
178.14
201.41
186.65
173.98
197.72
203.4
165.08
189.11
187.03
167.36
162.81
184.95
175.21
156.57
169.34
176.15
152.79
165.37
177.38
163.29
170.67
170.19
159.88
172.27
183.25
168.59
165.18
191.76
171.8
152.12
174.73
169.44
164.9
179.46
180.13
165.75
165.94
174.07
169.91
168.77
178.99
173.03
177.57
184.76
181.17
158.94
183.82
182.49
161.77
177.48
173.22
173.79
173.88
174.36
170.19
161.77
182.78
162.25
150.42
170.19
174.45
144.84
161.68
162.06
155.62
148.06
160.54
155.72
155.72
870.46
795.62
794.77
3.99
4.59
3.29
2.34
4.59
7.89
3.29
3.81
7.45
9.01
-226.3
-212.08
-213.29
-198.39
-207.31
-215.03
-214.59
-214.33
-207.4
-217.28
-231.84
-221.35
-211.3
-223.44
-226.21
-214.42
-215.37
-216.24
-213.38
-214.85
-217.02
-224.91
-220.57
-229.33
-226.3
-209.74
-217.45
-219.62
-205.93
-213.03
-212.43
-207.23
-229.24
-223.44
-224.65
-224.48
-203.93
-225.86
-211.56
-222.83
-237.82
-216.41
-216.85
-211.65
-206.36
-209.74
-229.07
-198.13
-201.16
-202.63
-202.98
-210.78
-211.21
-222.92
-220.4
-224.3
-227.65
-223.61
-222.31
-225.69
-229.23
-230.25
-228.97
-234.71
-228.84
-230.88
-230.03
-228.02
-227.34
-230.18
63.16
61.25
59.38
57.53
55.63
53.73
51.88
50.1
48.05
46.18
44.28
42.39
40.51
38.64
36.75
34.99
33.06
31.1
29.27
27.42
25.54
23.64
21.77
20.02
17.96
16.11
14.23
12.31
10.44
8.06
5.37
2.9
0.22
-2.48
-5.05
-7.62
-10.22
-12.12
-14.04
-15.84
-17.84
-19.71
-21.61
-23.47
-25.41
-27.28
-29.2
-31.02
-32.92
-34.82
-36.68
-38.58
-40.5
-42.34
-44.27
-46.07
-48.05
-49.92
-51.79
-53.72
-55.6
-57.52
-59.38
-61.25
-63.18
-65.04
-66.94
-68.84
-70.74
-72.62
-74.49
-75.6
-75.7
-75.69
-75.68
-75.71
-75.69
-75.68
-75.65
-75.6
-75.68
-75.68
-75.43
-73.7
-71.94
-69.85
-67.9
-65.97
-64.15
-62.23
-60.36
-58.47
-56.57
-54.67
-52.78
-50.84
-49
-47.14
-45.29
-43.34
-41.44
-39.6
-37.64
-35.7
-33.88
-32.02
-30.13
-28.28
-26.4
-24.46
-22.59
-20.65
-18.8
-16.91
-15.05
-13.1
-11.21
-9.03
-6.35
-3.68
-1.18
1.45
4.03
6.65
9.22
11.34
13.26
15.25
17.03
18.91
20.8
22.72
24.56
26.46
28.36
30.3
32.04
33.91
35.83
37.71
39.56
41.5
43.4
45.37
47.12
49.02
50.95
52.84
54.74
56.61
58.53
60.57
62.3
64.19
