154
66
89
194.98
193.84
192.52
196.97
187.03
166.6
177.38
180.22
162.34
170.19
177.1
154.77
165.08
169.06
159.5
158.84
169.06
168.59
162.44
163.95
159.79
142.85
158.65
161.21
149.66
147.87
157.04
161.87
163.76
160.45
181.92
164.14
172.94
189.97
164.8
179.37
182.59
149.95
171.8
167.36
155.15
156.38
158.37
152.03
151.08
158.08
162.25
154.77
154.58
154.02
155.91
168.21
168.87
155.15
152.6
165.46
166.13
164.04
163.48
182.11
164.61
174.26
170.48
172.75
182.78
197.72
172.18
183.72
184.86
174.92
148.25
822.49
812.46
809.53
-2.69
3.64
3.64
4.85
3.99
5.89
4.51
6.33
-3.03
6.76
-175.25
-154.1
-159.73
-160.51
-170.05
-146.99
-152.28
-162.25
-145.69
-145.87
-155.31
-180.88
-151.07
-162.16
-149.94
-140.49
-152.19
-150.89
-160.86
-160.17
-157.05
-142.83
-135.21
-160.51
-152.19
-143.18
-149.94
-146.56
-146.73
-163.2
-144.31
-156.18
-169.18
-161.99
-161.81
-163.55
-175.16
-158.26
-146.65
-157.48
-163.98
-135.81
-160.17
-150.89
-149.16
-152.97
-152.8
-160.25
-156.7
-159.56
-156.44
-159.13
-160.17
-165.89
-148.12
-156.53
-147.86
-144.22
-153.32
-161.29
-162.51
-153.67
-170.57
-166.41
-151.93
-167.27
-171.78
-156.7
-177.93
-169.7
63.09
61.2
59.29
57.45
55.53
53.64
51.73
50.04
47.93
46.03
44.14
42.27
40.34
38.49
36.58
34.89
32.84
30.99
29.15
27.28
25.36
23.47
21.58
19.85
17.81
15.95
14.06
12.16
10.29
7.77
5.2
2.71
-0.03
-2.66
-5.27
-7.85
-10.41
-12.31
-14.23
-16.02
-18.03
-19.88
-21.78
-23.68
-25.61
-27.46
-29.35
-31.16
-33.09
-34.96
-36.81
-38.74
-40.66
-42.52
-44.49
-46.24
-48.22
-50.1
-51.99
-53.86
-55.78
-57.63
-59.58
-61.38
-63.31
-65.19
-67.11
-69.04
-70.93
-72.78
-74.68
-75.45
-75.54
-75.54
-75.53
-75.53
-75.53
-75.51
-75.54
-75.44
-75.53
-75.53
-75.28
-73.75
-71.92
-69.86
-67.92
-65.99
-64.16
-62.26
-60.36
-58.47
-56.58
-54.65
-52.78
-50.87
-48.99
-47.12
-45.22
-43.34
-41.45
-39.57
-37.64
-35.73
-33.9
-32
-30.18
-28.28
-26.35
-24.46
-22.59
-20.63
-18.8
-16.9
-15.04
-13.11
-11.21
-8.97
-6.36
-3.7
-1.22
1.49
4.05
6.61
9.25
11.36
13.24
15.25
17.07
18.9
20.8
22.71
24.61
26.48
28.36
30.33
32.04
33.97
35.82
37.73
39.54
41.51
43.39
45.38
47.13
49.05
50.96
52.85
54.76
56.6
58.54
60.58
62.31
64.22
