154
66
89
180.41
178.99
184.48
189.02
166.88
168.68
163.57
159.69
156.85
170.95
165.37
150.23
164.61
170
175.11
184.38
184.38
166.5
184.48
180.03
175.78
155.44
173.69
184.19
174.64
175.02
176.91
184.48
171.52
171.52
185.8
176.91
188.26
168.02
168.02
174.07
173.69
158.56
173.5
170.19
170.67
175.96
176.06
188.26
162.91
168.11
193.09
168.49
172.84
164.42
169.34
171.23
165.84
142.95
138.78
163.95
172.65
156.85
164.9
187.41
164.52
172.84
178.05
165.08
180.13
179.46
158.84
173.22
183.53
151.93
150.04
874.15
803.67
806.79
1.04
7.02
6.5
7.8
4.33
7.71
3.73
5.46
7.8
7.45
-178.45
-181.92
-198.13
-196.65
-191.8
-187.99
-185.47
-195.44
-188.77
-159.39
-175.51
-181.92
-152.02
-168.83
-169.18
-183.74
-156.27
-170.13
-183.74
-189.37
-191.8
-183.83
-170.91
-187.64
-186.95
-152.63
-174.03
-185.82
-168.23
-167.01
-166.67
-176.55
-153.93
-170.05
-189.37
-170.31
-184.78
-182.7
-175.85
-180.62
-185.56
-163.63
-176.55
-185.73
-178.89
-171.78
-180.62
-178.28
-176.81
-175.77
-175.33
-184.69
-191.63
-192.75
-184.35
-178.45
-158.52
-159.39
-162.07
-160.95
-178.54
-184.35
-178.97
-186.17
-183.05
-196.22
-208.7
-198.3
-206.01
-193.79
63.1
61.21
59.28
57.45
55.69
53.66
51.75
50.02
47.97
46.07
44.18
42.31
40.54
38.51
36.62
34.89
32.86
30.95
29.18
27.3
25.52
23.51
21.61
19.87
17.83
16
14.09
12.17
10.4
7.79
5.17
2.7
-0.02
-2.72
-5.05
-7.81
-10.28
-12.28
-14.2
-16.02
-18.02
-19.88
-21.65
-23.64
-25.51
-27.47
-29.33
-31.16
-33.07
-34.99
-36.75
-38.74
-40.59
-42.51
-44.44
-46.2
-48.2
-50.12
-51.9
-53.85
-55.69
-57.64
-59.53
-61.38
-63.32
-65.23
-67.07
-69
-70.86
-72.78
-74.66
-75.29
-75.41
-75.37
-75.29
-75.37
-75.29
-75.37
-75.39
-75.27
-75.37
-75.38
-75.15
-73.75
-71.88
-69.88
-67.93
-65.99
-64.15
-62.21
-60.35
-58.44
-56.5
-54.66
-52.76
-50.86
-48.96
-47.11
-45.27
-43.32
-41.35
-39.58
-37.65
-35.7
-33.91
-32.01
-30.16
-28.3
-26.28
-24.43
-22.57
-20.63
-18.76
-16.88
-15.03
-13.12
-11.1
-8.97
-6.36
-3.64
-1.18
1.49
4.08
6.66
9.44
11.38
13.27
15.24
17.05
18.92
20.82
22.69
24.74
26.52
28.39
30.32
32.06
33.97
35.98
37.75
39.71
41.53
43.38
45.38
47.15
49.08
50.96
52.89
54.92
56.63
58.53
60.43
62.33
64.25
