154
66
89
173.11
202.26
188.74
192.33
212.01
192.05
200.18
194.89
161.4
161.11
155.62
155.81
157.14
165.27
160.73
137.74
159.5
144.37
136.99
157.04
155.72
157.8
153.64
165.56
168.87
168.77
174.55
173.22
177.19
170
173.22
148.06
158.56
164.71
135.28
153.64
162.53
158.65
135.76
158.08
145.97
146.16
162.53
163.95
152.31
163.85
173.03
154.68
149.85
156.19
151.46
138.97
144.18
141.62
145.22
140.2
136.8
129.51
136.8
138.97
133.77
143.52
154.87
146.26
146.83
163
148.34
143.23
150.04
144.08
150.23
612.37
809.72
802.44
7.28
6.07
4.85
6.24
5.98
5.11
4.85
7.28
5.29
7.63
-176.98
-161.9
-156.79
-156.61
-170.65
-167.19
-163.89
-151.07
-143.53
-143.61
-138.85
-153.06
-143.61
-145
-144.74
-144.74
-156.53
-137.72
-157.57
-160.08
-170.65
-197.78
-187.9
-208.18
-194.83
-174.81
-199.08
-182.61
-163.11
-182.61
-189.46
-167.36
-175.51
-171.35
-176.98
-174.73
-157.48
-184.35
-167.36
-191.54
-175.42
-176.98
-199.08
-191.89
-176.03
-186.95
-211.73
-177.5
-176.37
-189.03
-167.71
-156.44
-166.75
-171.09
-152.97
-162.51
-164.33
-164.5
-171
-170.74
-176.46
-169.09
-188.42
-206.45
-202.11
-217.8
-204.28
-175.51
-201.07
-197.26
63.28
61.36
59.44
57.62
55.92
53.83
51.96
50.23
48.14
46.27
44.38
42.51
40.76
38.73
36.85
35.08
33.09
31.21
29.5
27.56
25.79
23.76
21.88
20.12
18.09
16.2
14.42
12.42
10.67
8.1
5.51
3.06
0.3
-2.29
-4.93
-7.55
-10
-12.02
-13.99
-15.75
-17.73
-19.62
-21.53
-23.4
-25.23
-27.2
-29.07
-30.88
-32.82
-34.72
-36.56
-38.5
-40.34
-42.24
-44.17
-45.97
-47.92
-49.86
-51.73
-53.61
-55.46
-57.41
-59.31
-61.14
-63.08
-64.95
-66.83
-68.76
-70.63
-72.48
-74.4
-75.54
-75.65
-75.64
-75.64
-75.64
-75.54
-75.64
-75.65
-75.54
-75.61
-75.54
-75.34
-73.6
-71.74
-69.75
-67.82
-65.9
-64.06
-62.09
-60.25
-58.36
-56.43
-54.57
-52.66
-50.76
-48.89
-47.02
-45.16
-43.23
-41.31
-39.49
-37.53
-35.61
-33.8
-31.93
-30.1
-28.23
-26.21
-24.33
-22.5
-20.5
-18.67
-16.83
-14.83
-12.99
-11.04
-8.87
-6.21
-3.53
-1.05
1.57
4.28
6.8
9.53
11.43
13.34
15.35
17.16
19
20.9
22.84
24.81
26.53
28.46
30.42
32.14
34.04
35.9
37.84
39.77
41.6
43.46
45.49
47.24
49.16
51.05
52.99
54.97
56.71
58.63
60.68
62.4
64.28
