154
66
89
161.21
156.1
163.76
164.33
171.71
150.7
169.72
162.63
145.41
154.68
155.91
154.96
160.83
159.22
150.99
164.52
168.59
150.99
156.19
164.42
160.64
152.6
177.01
169.44
160.73
173.22
177.29
153.54
172.75
174.83
151.65
143.14
160.73
156.95
137.93
172.18
166.5
149.48
168.02
144.93
149.48
162.44
155.81
162.91
155.72
165.27
164.9
159.69
167.07
156.85
140.01
153.73
153.83
148.91
153.45
144.46
156.76
167.45
153.26
149.48
156.76
158.37
158.56
150.89
160.64
163.57
145.97
150.61
160.73
152.88
169.15
424.68
791.46
771.5
4.25
1.91
0.95
4.07
4.33
4.68
7.11
5.29
-0.69
1.39
-158.09
-178.02
-184.43
-187.12
-169.79
-175.85
-169.7
-161.47
-149.94
-146.65
-158.52
-150.55
-142.92
-148.64
-146.99
-138.67
-155.31
-148.9
-167.36
-173.08
-145.52
-173.77
-171.09
-177.15
-177.41
-157.39
-161.9
-158.95
-150.98
-161.03
-156.01
-156.01
-175.68
-193.79
-184.78
-179.41
-169.96
-180.45
-158.78
-169.96
-182.35
-168.92
-169.7
-165.54
-174.38
-174.47
-169.87
-162.42
-158.09
-150.81
-160.17
-151.59
-154.62
-148.38
-151.67
-150.89
-153.49
-151.93
-148.21
-148.21
-153.84
-132.69
-144.83
-156.7
-159.56
-170.91
-176.46
-162.85
-171.26
-170.74
63.24
61.55
59.46
57.59
55.88
53.82
51.93
50.2
48.14
46.25
44.36
42.48
40.72
38.7
36.81
35.09
33.09
31.19
29.35
27.55
25.61
23.76
21.86
20.08
18.02
16.19
14.28
12.38
10.64
8.16
5.48
3.03
0.32
-2.21
-4.97
-7.49
-10.04
-12.04
-13.99
-15.78
-17.75
-19.63
-21.54
-23.39
-25.24
-27.19
-29.11
-30.94
-32.84
-34.76
-36.61
-38.49
-40.34
-42.27
-44.19
-46
-48
-49.8
-51.75
-53.65
-55.45
-57.45
-59.32
-61.14
-63.08
-64.98
-66.92
-68.77
-70.66
-72.53
-74.43
-75.53
-75.64
-75.53
-75.64
-75.6
-75.57
-75.63
-75.64
-75.55
-75.63
-75.53
-75.37
-73.64
-71.78
-69.75
-67.82
-65.94
-64.06
-62.13
-60.29
-58.36
-56.5
-54.61
-52.71
-50.76
-48.9
-47
-45.16
-43.21
-41.31
-39.48
-37.56
-35.66
-33.8
-31.86
-30.15
-28.22
-26.25
-24.4
-22.52
-20.55
-18.73
-16.76
-14.96
-13.03
-11.05
-8.84
-6.19
-3.61
-1.04
1.7
4.16
6.76
9.51
11.41
13.37
15.31
17.1
19.06
20.91
22.79
24.78
26.59
28.43
30.39
32.11
34.01
35.91
37.81
39.76
41.55
43.48
45.47
47.25
49.3
51.04
52.96
54.96
56.69
58.64
60.65
62.4
64.26
