154
66
89
212.1
204.72
217.97
219.67
211.44
188.93
201.13
189.87
191.95
207.18
203.97
212.01
221.75
211.44
199.33
208.7
222.13
189.3
187.79
211.25
191.95
182.3
190.91
192.61
181.55
182.97
182.59
153.73
182.21
176.53
166.5
169.53
190.82
177.01
166.03
190.34
204.16
195.74
193.18
212.86
209.93
201.6
207.47
194.03
201.98
220.52
186.28
190.91
210.12
197.91
198.39
202.36
218.16
197.82
200.47
195.55
187.51
190.63
194.32
189.97
185.9
196.21
184.29
179.18
178.14
180.79
164.61
161.21
180.41
154.49
156.85
819.94
827.98
816.15
3.55
1.21
4.33
5.55
2.34
4.68
6.41
5.46
5.72
3.03
-126.28
-149.68
-161.73
-167.36
-161.21
-156.61
-162.59
-163.89
-165.28
-158.61
-162.85
-160.08
-162.51
-175.77
-166.23
-169.61
-179.75
-171.26
-168.4
-180.36
-165.37
-176.2
-173.77
-182.09
-167.79
-166.15
-185.82
-167.27
-166.75
-177.07
-172.65
-180.97
-170.74
-166.23
-167.88
-164.5
-161.81
-163.63
-157.65
-177.93
-154.53
-146.39
-174.47
-161.55
-149.59
-153.93
-177.07
-178.97
-168.4
-175.59
-172.3
-170.57
-191.11
-179.58
-179.75
-194.23
-188.16
-169.44
-181.83
-177.67
-169.7
-170.57
-172.56
-157.13
-155.23
-180.27
-175.16
-178.89
-195.87
-196.74
63.15
61.51
59.44
57.58
55.89
53.79
51.93
50.19
48.13
46.37
44.34
42.49
40.74
38.69
36.82
35.08
33.07
31.29
29.34
27.52
25.72
23.73
21.84
20.08
18.05
16.15
14.3
12.39
10.66
8.1
5.45
3
0.29
-2.24
-4.95
-7.5
-10.04
-12.06
-13.98
-15.76
-17.75
-19.54
-21.54
-23.42
-25.23
-27.23
-29.13
-30.93
-32.84
-34.74
-36.61
-38.5
-40.32
-42.27
-44.18
-46
-47.98
-49.86
-51.72
-53.64
-55.45
-57.44
-59.31
-61.15
-63.11
-64.91
-66.87
-68.78
-70.63
-72.54
-74.43
-75.58
-75.58
-75.46
-75.58
-75.57
-75.47
-75.56
-75.56
-75.49
-75.56
-75.5
-75.3
-73.73
-71.86
-69.89
-67.94
-66.02
-64.19
-62.25
-60.45
-58.54
-56.59
-54.77
-52.86
-50.93
-49.12
-47.17
-45.37
-43.49
-41.5
-39.72
-37.79
-35.86
-34.02
-32.08
-30.34
-28.44
-26.48
-24.66
-22.75
-20.79
-18.95
-17.07
-15.21
-13.31
-11.24
-9.22
-6.56
-3.9
-1.46
1.39
3.79
6.4
9.2
11.18
13.06
15.07
16.87
18.86
20.63
22.51
24.54
26.32
28.18
30.18
31.87
33.93
35.65
37.5
39.53
41.31
43.2
45.21
46.98
48.91
50.8
52.73
54.74
56.42
58.38
60.38
62.13
64.05
