154
66
89
182.68
172.27
180.69
184.48
164.71
166.41
175.4
161.87
170
169.53
157.8
152.69
169.91
154.21
146.35
163.85
176.72
146.45
164.14
165.37
152.98
157.8
180.79
162.34
152.6
172.27
162.44
172.46
174.73
170.86
173.98
163.76
178.52
159.69
148.91
175.68
154.3
143.7
169.91
170
148.43
168.77
163.29
161.77
164.71
167.07
164.23
164.71
185.8
165.27
160.26
183.06
163.38
136.33
169.34
154.96
134.05
140.39
151.75
145.79
146.35
156.67
143.42
141.53
150.7
155.72
140.11
175.3
169.53
154.96
158.56
852.58
795.43
792.6
5.46
6.07
3.21
7.63
5.98
9.62
3.38
5.55
5.2
4.42
-189.2
-194.05
-185.82
-181.05
-166.58
-173.43
-167.36
-170.31
-163.55
-175.25
-174.73
-184.17
-186.95
-181.66
-178.63
-188.51
-196.65
-196.13
-199.77
-208.18
-197.95
-200.47
-200.9
-184.26
-191.11
-178.11
-183.13
-185.91
-177.76
-183.74
-176.72
-187.55
-193.27
-189.55
-190.59
-179.84
-178.19
-187.81
-182.61
-191.19
-200.38
-191.45
-192.67
-186.17
-179.84
-193.1
-178.89
-198.04
-190.15
-185.39
-191.89
-191.54
-200.81
-190.93
-183.57
-181.75
-185.04
-188.94
-197.43
-202.29
-217.63
-210.17
-215.63
-200.71
-222.83
-222.31
-219.27
-216.33
-210.61
-220.14
63.11
61.21
59.3
57.45
55.53
53.67
51.78
49.86
47.96
46.08
44.17
42.27
40.41
38.51
36.62
34.78
32.89
30.93
29.33
27.32
25.39
23.51
21.64
19.87
17.85
15.96
14.09
12.16
10.33
7.8
5.18
2.72
0
-2.69
-5.09
-7.83
-10.4
-12.3
-14.19
-16.02
-17.99
-19.87
-21.78
-23.69
-25.55
-27.42
-29.37
-31.13
-33.05
-34.97
-36.77
-38.72
-40.64
-42.51
-44.41
-46.21
-48.21
-50.1
-51.92
-53.86
-55.74
-57.64
-59.55
-61.37
-63.31
-65.2
-67.05
-68.98
-70.92
-72.77
-74.64
-75.69
-75.75
-75.75
-75.64
-75.74
-75.71
-75.72
-75.72
-75.64
-75.73
-75.73
-75.35
-73.7
-71.9
-69.88
-67.86
-65.98
-64.12
-62.22
-60.28
-58.47
-56.53
-54.65
-52.74
-50.83
-49
-47.05
-45.23
-43.37
-41.42
-39.56
-37.6
-35.77
-33.85
-31.99
-30.15
-28.26
-26.37
-24.41
-22.58
-20.69
-18.76
-16.97
-15.04
-13.11
-11.18
-8.98
-6.33
-3.77
-1.15
1.46
4.08
6.66
9.27
11.37
13.27
15.17
17.06
18.93
20.8
22.71
24.63
26.49
28.43
30.18
32.04
33.96
35.86
37.73
39.6
41.53
43.4
45.28
47.14
49.05
50.96
52.87
54.81
56.67
58.55
60.43
62.33
64.23
