154
66
89
165.56
184.57
155.44
172.65
186.37
156.85
146.35
168.49
136.51
132.54
158.56
170.1
144.56
153.35
202.55
145.97
144.27
175.49
139.64
135.76
185.24
143.23
145.88
172.18
179.46
164.99
174.45
212.01
168.4
184.67
175.97
162.34
162.06
196.78
156.29
154.68
177.57
156.19
136.7
157.71
179.94
139.45
148.25
172.84
142.76
159.12
164.71
143.61
149.66
165.65
133.11
138.6
157.33
160.64
136.89
154.49
190.44
134.05
132.16
171.14
131.5
138.12
151.93
140.77
133.96
153.83
143.04
128.47
150.42
164.8
140.11
840.84
820.79
823.82
4.07
5.46
5.46
11.53
4.68
3.55
1.3
5.55
2.77
2.34
-143.96
-156.09
-136.77
-150.81
-150.29
-162.51
-158.35
-165.19
-153.23
-153.23
-162.42
-177.59
-149.51
-161.03
-190.76
-139.63
-147.69
-159.47
-155.83
-140.93
-160.17
-163.72
-157.22
-155.31
-171.78
-146.04
-158.69
-173.95
-141.53
-156.18
-171.61
-159.91
-177.93
-167.19
-196.13
-169.61
-169.87
-215.29
-191.71
-194.14
-185.21
-164.41
-199.17
-190.76
-170.74
-175.33
-177.67
-179.15
-158.17
-163.29
-201.51
-163.29
-178.11
-197.09
-173.25
-196.13
-197.69
-171.69
-193.53
-192.93
-195.79
-173.77
-169.79
-188.59
-176.37
-188.94
-201.33
-155.4
-165.37
-188.25
63.21
61.31
59.38
57.55
55.84
53.73
51.83
50.11
48.03
46.12
44.27
42.38
40.6
38.57
36.75
34.91
32.96
30.98
29.22
27.4
25.65
23.59
21.7
19.96
17.95
16.02
14.18
12.26
10.5
7.94
5.33
2.82
0.1
-2.52
-5.19
-7.75
-10.16
-12.21
-14.16
-16.03
-17.88
-19.83
-21.68
-23.56
-25.4
-27.37
-29.26
-31.07
-32.99
-34.87
-36.76
-38.66
-40.46
-42.44
-44.37
-46.11
-48.07
-50.06
-51.89
-53.75
-55.61
-57.58
-59.44
-61.34
-63.23
-65.14
-67
-68.93
-70.78
-72.66
-74.59
-75.42
-75.5
-75.51
-75.52
-75.49
-75.51
-75.53
-75.51
-75.5
-75.5
-75.52
-75.24
-73.62
-71.76
-69.74
-67.8
-65.96
-64.03
-62.15
-60.23
-58.38
-56.45
-54.55
-52.67
-50.81
-48.91
-47.02
-45.17
-43.19
-41.31
-39.5
-37.53
-35.65
-33.76
-31.92
-30.06
-28.18
-26.3
-24.34
-22.46
-20.63
-18.67
-16.77
-14.94
-12.99
-11.11
-8.82
-6.21
-3.65
-1.07
1.55
4.21
6.79
9.41
11.45
13.34
15.24
17.15
19.04
20.9
22.83
24.82
26.57
28.47
30.29
32.13
34.03
35.94
37.84
39.75
41.6
43.47
45.35
47.25
49.18
51.08
52.97
55
56.72
58.63
60.52
62.37
64.29
