154
66
89
169.72
162.25
164.14
157.04
153.07
149.38
155.44
141.15
143.52
162.81
144.74
151.84
167.45
159.31
156
161.21
159.88
151.08
157.23
164.8
161.87
146.16
161.77
154.96
152.03
162.34
154.39
164.04
153.35
165.08
152.6
162.44
168.77
170
160.92
178.33
168.21
167.92
174.17
175.78
160.92
174.83
173.13
153.54
163
157.89
156.19
165.27
163.38
152.12
154.02
170.86
170.29
149
168.21
165.27
151.56
155.53
170.86
154.58
150.8
168.11
153.64
150.33
155.81
154.58
152.6
150.7
160.26
156
150.99
825.23
820.41
815.02
4.16
4.33
5.46
3.64
2.08
-0.35
8.15
10.49
5.46
-2.6
-124.63
-165.02
-160.51
-145.61
-146.99
-151.67
-144.39
-162.25
-157.22
-140.23
-144.22
-150.89
-143.44
-154.88
-157.91
-156.18
-166.23
-163.29
-159.65
-153.84
-160.51
-148.64
-140.41
-168.31
-150.03
-140.93
-162.59
-162.94
-151.85
-169.01
-175.25
-162.59
-164.41
-170.31
-156.53
-143.27
-163.37
-156.96
-154.88
-162.42
-162.94
-148.03
-159.04
-159.3
-145.09
-155.05
-158.87
-153.32
-147.17
-163.2
-153.58
-155.83
-161.03
-161.12
-146.21
-153.15
-162.16
-153.84
-149.33
-157.39
-154.27
-148.73
-166.67
-154.45
-145.95
-160.34
-165.02
-140.58
-157.48
-156.87
63.18
61.39
59.35
57.47
55.75
53.69
51.79
50.04
48
46.26
44.21
42.35
40.57
38.54
36.67
34.92
32.92
31.16
29.22
27.34
25.57
23.54
21.68
19.9
17.89
15.99
14.1
12.21
10.44
7.86
5.23
2.76
0.06
-2.65
-5.19
-7.76
-10.21
-12.22
-14.18
-15.96
-17.96
-19.85
-21.75
-23.6
-25.46
-27.44
-29.3
-31.09
-33.03
-34.87
-36.77
-38.7
-40.55
-42.44
-44.38
-46.17
-48.14
-50.06
-51.95
-53.81
-55.64
-57.59
-59.55
-61.35
-63.3
-65.24
-67.07
-68.97
-70.8
-72.72
-74.63
-75.38
-75.44
-75.48
-75.46
-75.48
-75.35
-75.46
-75.48
-75.37
-75.45
-75.38
-75.18
-73.7
-71.79
-69.83
-67.88
-65.97
-64.13
-62.25
-60.4
-58.5
-56.56
-54.74
-52.83
-50.91
-49.05
-47.12
-45.33
-43.43
-41.46
-39.68
-37.7
-35.81
-34.01
-32.01
-30.28
-28.43
-26.41
-24.59
-22.7
-20.75
-18.87
-17.03
-15.18
-13.23
-11.22
-9.15
-6.51
-3.82
-1.39
1.3
3.85
6.45
9.24
11.23
13.15
15.12
16.91
18.8
20.67
22.6
24.61
26.35
28.28
30.18
31.92
33.85
35.71
37.6
39.56
41.35
43.3
45.26
47.03
49.1
50.82
52.75
54.78
56.51
58.41
60.45
62.16
64.23
