154
66
89
196.97
180.13
178.23
211.82
200.56
191.57
199.71
187.6
190.25
201.22
200.18
181.17
204.63
177.57
163.57
172.09
160.54
149.95
152.31
154.02
150.14
145.6
158.27
148.06
142.38
150.7
161.11
144.46
157.99
161.3
159.31
166.69
176.82
170.57
164.23
179.37
182.78
171.52
182.21
168.21
139.73
163
149.38
148.34
155.06
160.54
157.89
172.84
186.47
163.48
169.44
197.53
188.36
179.84
205.48
192.05
169.72
189.59
189.68
163.67
163.19
172.65
152.12
149.29
149.1
146.92
149.38
161.87
156.38
152.03
173.98
824.01
817.67
812.37
6.67
3.55
5.63
1.56
2.51
1.3
8.84
6.5
10.75
4.85
-140.41
-158.35
-152.45
-156.87
-151.85
-144.31
-144.74
-158.61
-153.06
-159.99
-170.65
-173.17
-180.79
-188.16
-181.92
-180.53
-191.71
-189.55
-170.48
-181.23
-172.39
-171.35
-152.63
-167.71
-152.02
-135.03
-153.06
-148.73
-139.97
-158.78
-154.36
-162.07
-165.37
-179.32
-174.21
-151.85
-151.76
-150.98
-138.67
-152.54
-140.41
-135.21
-139.11
-140.67
-141.27
-135.29
-135.03
-154.79
-141.1
-141.45
-141.19
-137.55
-156.35
-156.35
-147.43
-165.89
-176.2
-184.52
-182.27
-191.45
-185.3
-186.86
-182.44
-176.29
-169.96
-183.13
-180.1
-165.63
-169.87
-170.83
63.16
61.26
59.38
57.53
55.77
53.75
51.78
49.93
48.03
46.15
44.24
42.38
40.61
38.55
36.65
34.81
32.94
31.03
29.23
27.38
25.59
23.58
21.72
19.81
17.9
16.05
14.16
12.22
10.47
7.93
5.27
2.67
0.11
-2.56
-5.12
-7.71
-10.18
-12.19
-14.14
-16.06
-17.94
-19.81
-21.72
-23.6
-25.4
-27.37
-29.27
-31.13
-33
-34.91
-36.75
-38.65
-40.51
-42.46
-44.32
-46.22
-48.11
-50.01
-51.92
-53.79
-55.62
-57.59
-59.5
-61.39
-63.27
-65.14
-67.03
-68.94
-70.8
-72.71
-74.59
-75.32
-75.3
-75.34
-75.32
-75.33
-75.24
-75.31
-75.31
-75.31
-75.32
-75.31
-75.1
-73.69
-71.75
-69.77
-67.85
-65.99
-64.15
-62.19
-60.33
-58.47
-56.48
-54.69
-52.81
-50.95
-49.05
-47.16
-45.3
-43.4
-41.44
-39.65
-37.67
-35.84
-33.91
-32.07
-30.27
-28.36
-26.39
-24.5
-22.64
-20.75
-18.84
-16.99
-15.12
-13.2
-11.19
-9.13
-6.48
-3.87
-1.36
1.37
3.94
6.58
9.33
11.28
13.17
15.09
16.93
18.87
20.71
22.6
24.62
26.42
28.31
30.11
31.95
33.88
35.75
37.63
39.6
41.38
43.27
45.13
47.05
49.02
50.88
52.78
54.8
56.54
58.43
60.31
62.23
64.14
