154
66
89
228.56
204.82
185.05
198.48
214.37
179.65
183.34
194.7
165.75
185.52
203.59
186.28
196.3
216.17
196.12
198.86
205.1
211.44
194.89
196.97
192.24
176.82
191.76
191.2
182.59
187.41
194.03
183.72
184.76
206.33
209.27
173.6
198.95
220.24
186.75
222.6
212.29
221.85
223.08
224.87
204.53
210.4
228.94
220.62
198.29
203.59
199.71
169.15
181.55
189.11
160.07
177.76
188.83
166.22
178.23
206.14
192.33
191.1
205.76
206.9
201.6
214.09
209.17
196.59
209.83
207.75
178.05
180.03
194.22
182.97
181.55
870.74
831.29
828.83
9.45
7.02
8.32
5.63
4.85
0.69
5.11
3.64
7.11
4.68
-171.87
-164.07
-160.34
-156.18
-166.58
-172.56
-170.57
-173.34
-181.66
-164.41
-160.25
-156.96
-145.87
-139.19
-147.17
-143.09
-135.21
-142.4
-163.89
-145.26
-151.5
-165.02
-163.37
-158.17
-177.41
-160.17
-167.62
-181.92
-171.61
-174.47
-168.66
-160.25
-171.52
-173.69
-191.97
-171.35
-148.12
-156.44
-147.51
-147.08
-155.31
-141.97
-140.41
-158.52
-156.27
-154.19
-168.83
-157.91
-154.79
-150.63
-169.7
-158.09
-154.79
-163.63
-150.46
-147.95
-154.27
-157.39
-152.02
-148.38
-156.7
-141.27
-141.71
-156.53
-152.97
-152.89
-162.16
-143.44
-142.66
-164.67
63.14
61.23
59.32
57.49
55.62
53.7
51.82
50.07
48.02
46.17
44.26
42.34
40.48
38.61
36.73
35.02
32.99
31.09
29.29
27.42
25.5
23.63
21.71
19.96
17.97
16.09
14.17
12.3
10.52
7.97
5.34
2.85
0.17
-2.48
-5.09
-7.62
-10.12
-12.17
-14.11
-15.87
-17.86
-19.75
-21.63
-23.54
-25.46
-27.32
-29.2
-31.03
-32.94
-34.84
-36.7
-38.62
-40.44
-42.38
-44.31
-46.17
-48.07
-50
-51.83
-53.72
-55.62
-57.52
-59.39
-61.28
-63.18
-65.11
-67
-68.94
-70.84
-72.67
-74.53
-75.51
-75.62
-75.63
-75.61
-75.6
-75.58
-75.61
-75.61
-75.49
-75.58
-75.58
-75.34
-73.77
-71.92
-69.88
-67.95
-66.03
-64.21
-62.31
-60.47
-58.57
-56.69
-54.75
-52.91
-50.98
-49.11
-47.23
-45.48
-43.51
-41.6
-39.77
-37.8
-35.84
-34.06
-32.18
-30.37
-28.45
-26.55
-24.65
-22.76
-20.83
-18.99
-17.04
-15.24
-13.31
-11.37
-9.3
-6.61
-3.96
-1.44
1.2
3.78
6.39
9
11.14
13.07
15.04
16.81
18.72
20.59
22.51
24.39
26.27
28.18
30.15
31.84
33.76
35.63
37.54
39.39
41.31
43.23
45.19
46.92
48.9
50.78
52.67
54.57
56.42
58.32
60.36
62.13
63.99
