154
66
89
197.82
189.59
161.68
185.33
207.85
160.17
183.15
212.67
155.15
179.84
210.49
161.58
177.01
193.94
174.36
153.26
177.48
168.59
150.89
182.21
187.88
154.39
173.13
185.61
159.41
149.48
189.78
171.42
164.99
185.52
167.73
158.18
185.05
178.52
164.99
185.8
182.49
159.98
164.52
178.71
163.67
173.03
189.49
173.69
173.32
189.97
189.68
163.95
175.4
199.8
158.65
181.17
181.45
175.02
178.42
187.41
179.46
184.29
192.9
171.04
166.88
181.36
172.18
147.02
151.46
161.96
154.77
147.77
165.94
155.53
154.58
884.55
820.5
819.09
4.07
2.6
6.67
7.45
3.55
4.77
4.51
5.29
4.25
7.19
-185.04
-198.73
-198.13
-194.83
-205.84
-211.21
-230.8
-238
-230.11
-233.69
-236.61
-239.99
-236.18
-238.83
-235.71
-234.08
-233.14
-234.96
-239.04
-223.7
-214.16
-230.54
-213.9
-213.64
-240.34
-211.3
-231.67
-228.38
-208.01
-224.22
-201.94
-204.89
-236.61
-235.4
-237.04
-238.52
-200.47
-212.34
-196.74
-198.56
-213.55
-191.37
-191.19
-203.85
-186.95
-197.35
-181.57
-204.89
-195.87
-195.96
-232.54
-218.06
-220.75
-239.12
-239.64
-236.03
-236.81
-238.46
-239.5
-236.94
-241.8
-237.12
-234.99
-239.59
-232.52
-234.6
-240.63
-219.71
-224.82
-233.76
63.2
61.3
59.38
57.55
55.83
53.69
51.88
50.01
48.04
46.2
44.32
42.42
40.68
38.69
36.77
34.9
33.06
31.15
29.32
27.49
25.71
23.68
21.8
19.88
18.01
16.14
14.27
12.33
10.59
8.06
5.44
2.74
0.21
-2.39
-5.04
-7.58
-10.08
-12.11
-14.02
-15.82
-17.81
-19.67
-21.6
-23.47
-25.31
-27.27
-29.16
-30.99
-32.9
-34.78
-36.64
-38.56
-40.37
-42.32
-44.25
-46.07
-48
-49.88
-51.76
-53.68
-55.52
-57.5
-59.38
-61.22
-63.14
-65.03
-66.91
-68.82
-70.68
-72.56
-74.51
-75.62
-75.67
-75.63
-75.64
-75.64
-75.53
-75.62
-75.65
-75.53
-75.63
-75.66
-75.36
-73.71
-71.87
-69.82
-67.89
-65.97
-64.13
-62.22
-60.37
-58.47
-56.48
-54.67
-52.76
-50.83
-49.01
-47.09
-45.26
-43.32
-41.35
-39.56
-37.6
-35.67
-33.88
-32
-30.15
-28.25
-26.29
-24.42
-22.56
-20.61
-18.76
-16.9
-15.05
-13.09
-11.11
-8.98
-6.32
-3.67
-1.12
1.46
4.08
6.66
9.4
11.38
13.28
15.24
17.07
18.93
20.83
22.71
24.73
26.49
28.36
30.35
32.04
33.96
35.83
37.75
39.71
41.5
43.41
45.4
47.15
49.09
51
52.88
54.92
56.64
58.51
60.45
62.36
64.23
