154
66
89
175.3
179.09
177.29
187.03
186.94
159.41
176.44
176.25
152.79
173.79
184.67
163.85
161.3
154.49
151.75
155.25
164.61
170.29
152.69
152.12
155.53
138.03
139.64
154.68
134.05
135
138.5
148.53
147.39
150.89
159.79
149
158.46
170.95
143.89
146.45
163.76
149
158.18
151.84
159.88
146.64
149.95
160.07
156.38
156.57
169.53
168.21
178.42
166.5
173.6
173.69
196.4
186.09
162.63
184.67
175.11
143.61
172.65
181.92
154.58
161.49
175.11
155.25
162.91
180.13
178.05
146.64
159.22
158.94
131.5
551.73
812.65
812.46
6.59
1.21
1.21
2.43
4.33
6.67
6.24
3.73
6.15
2.17
-150.37
-151.41
-163.37
-160.34
-176.29
-176.89
-165.45
-170.74
-162.77
-147.51
-166.32
-168.23
-149.25
-161.47
-163.55
-172.73
-158.87
-168.57
-191.97
-167.27
-182.01
-167.88
-150.63
-162.85
-160.43
-132.52
-142.57
-151.93
-142.49
-146.99
-161.9
-157.91
-143.27
-152.28
-161.55
-141.79
-149.59
-157.91
-142.66
-144.05
-143.09
-135.81
-132.6
-133.39
-149.07
-144.74
-143.53
-146.3
-142.49
-157.31
-154.27
-140.23
-158
-171.87
-150.2
-154.36
-153.06
-175.33
-154.19
-157.91
-188.25
-167.62
-175.94
-182.35
-158.35
-164.15
-171.09
-164.59
-165.19
-165.8
63.23
61.52
59.45
57.68
55.91
53.83
52
50.07
48.17
46.43
44.39
42.49
40.76
38.72
36.89
34.97
33.12
31.36
29.37
27.57
25.78
23.75
21.89
20
18.1
16.34
14.35
12.42
10.68
8.1
5.58
2.89
0.32
-2.16
-4.94
-7.45
-9.94
-12.01
-13.94
-15.82
-17.7
-19.52
-21.51
-23.4
-25.28
-27.18
-28.99
-30.96
-32.83
-34.62
-36.56
-38.46
-40.31
-42.24
-44.09
-46.03
-47.93
-49.75
-51.69
-53.58
-55.43
-57.38
-59.28
-61.18
-63.04
-64.9
-66.86
-68.74
-70.6
-72.48
-74.41
-75.51
-75.5
-75.41
-75.52
-75.48
-75.38
-75.49
-75.5
-75.49
-75.49
-75.42
-75.22
-73.61
-71.71
-69.77
-67.82
-65.88
-64.06
-62.06
-60.25
-58.37
-56.4
-54.55
-52.64
-50.74
-48.85
-46.93
-45.15
-43.22
-41.26
-39.52
-37.55
-35.65
-33.76
-31.82
-30.06
-28.18
-26.16
-24.34
-22.49
-20.61
-18.66
-16.78
-14.93
-12.98
-10.98
-8.81
-6.19
-3.66
-1.04
1.75
4.19
6.81
9.57
11.45
13.37
15.24
17.16
19.13
20.91
22.81
24.83
26.55
28.47
30.29
32.14
34.19
35.93
37.85
39.82
41.59
43.52
45.35
47.22
49.32
51.06
53.02
55.03
56.7
58.64
60.53
62.43
64.49
