154
66
89
206.27
218.44
196.12
199.27
210.31
172.18
183.53
205.95
155.81
186.84
204.16
165.27
184.38
195.83
169.91
177.76
193.56
179.46
182.87
200.28
197.16
180.69
203.87
199.8
166.03
185.52
184.86
174.55
165.18
199.8
175.59
157.89
180.6
171.8
155.53
188.93
199.33
173.13
202.17
198.67
191.67
215.13
199.41
216.46
211.16
198.39
220.05
182.97
203.02
198.1
157.99
185.42
177.19
149.1
166.69
175.21
164.52
163.48
173.98
170.86
162.25
194.13
185.33
180.69
212.48
219.29
170.95
204.91
184.29
186.09
170.38
805.27
799.22
790.89
7.97
4.16
4.25
6.67
4.07
5.37
6.07
5.72
0.35
3.64
-187.21
-215.03
-205.23
-208.35
-208.53
-206.36
-201.59
-195.53
-185.47
-163.72
-164.93
-176.55
-147.43
-154.53
-156.53
-176.29
-157.65
-179.06
-192.49
-180.36
-180.1
-200.08
-201.51
-216.07
-200.47
-203.41
-208.7
-226.21
-199.77
-192.67
-204.45
-203.24
-180.1
-180.45
-191.97
-168.49
-160.77
-184.43
-161.47
-177.93
-183.57
-188.16
-180.36
-191.97
-192.15
-188.85
-196.83
-208.53
-192.06
-199.43
-207.75
-194.49
-180.88
-180.97
-192.93
-182.87
-183.39
-185.65
-174.55
-182.79
-206.45
-177.59
-177.07
-208.79
-183.57
-197.26
-200.9
-202.07
-209.05
-203.02
63.15
61.26
59.31
57.5
55.58
53.69
51.79
50.03
47.96
46.12
44.22
42.3
40.41
38.55
36.65
34.79
32.92
31.01
29.19
27.34
25.46
23.52
21.7
19.76
17.86
16.02
14.14
12.19
10.32
7.88
5.2
2.62
0.03
-2.66
-5.21
-7.75
-10.3
-12.25
-14.12
-16.08
-17.97
-19.81
-21.75
-23.6
-25.47
-27.42
-29.3
-31.15
-33.03
-34.93
-36.84
-38.71
-40.51
-42.48
-44.39
-46.16
-48.14
-50.06
-51.94
-53.78
-55.73
-57.61
-59.52
-61.38
-63.27
-65.16
-67.07
-68.97
-70.85
-72.74
-74.61
-75.18
-75.28
-75.27
-75.28
-75.27
-75.23
-75.28
-75.34
-75.2
-75.27
-75.3
-75.07
-73.71
-71.79
-69.84
-67.91
-66.01
-64.15
-62.28
-60.39
-58.5
-56.56
-54.72
-52.89
-50.95
-49.07
-47.16
-45.33
-43.47
-41.43
-39.65
-37.75
-35.78
-33.98
-32.14
-30.28
-28.44
-26.45
-24.57
-22.66
-20.73
-18.89
-17
-15.16
-13.21
-11.22
-9.14
-6.56
-3.83
-1.34
1.28
3.8
6.48
9.21
11.23
13.07
15.15
16.91
18.8
20.68
22.54
24.47
26.35
28.25
30.21
31.92
33.81
35.7
37.61
39.58
41.35
43.29
45.26
47.01
48.98
50.83
52.77
54.64
56.51
58.4
60.4
62.2
64.06
