156
67
90
165.27
163.57
158.65
165.94
165.65
162.53
175.96
177.1
158.27
164.71
160.92
174.92
159.22
157.8
127.81
122.61
141.72
136.42
117.97
135.28
131.31
122.42
133.68
149.38
128.76
121.09
145.22
136.51
138.22
154.3
150.52
131.41
144.65
143.23
131.03
161.3
163.19
147.77
148.72
146.83
146.73
142.66
150.8
147.2
141.53
149
147.11
141.06
148.81
138.88
135.28
130.93
132.92
139.07
144.18
140.39
135.1
131.41
136.42
132.26
128.85
134.43
148.72
135.38
128
140.01
122.8
122.04
138.69
127.15
137.08
141.06
797.8
793.26
788.62
0.61
5.2
4.59
3.38
7.19
11.7
7.02
7.89
4.94
8.67
4.16
-142.57
-142.66
-146.91
-142.14
-144.83
-147.86
-152.71
-167.53
-161.03
-144.83
-144.74
-149.85
-149.07
-148.9
-160.43
-150.2
-153.58
-155.05
-152.63
-146.3
-153.84
-167.27
-167.36
-166.58
-169.27
-158.17
-160.43
-159.99
-158.26
-156.53
-161.38
-142.49
-159.3
-167.62
-149.94
-157.57
-138.07
-125.67
-119.26
-128.62
-139.28
-124.28
-122.46
-121.94
-113.45
-118.39
-135.29
-125.5
-125.93
-119.26
-125.84
-125.67
-133.91
-144.65
-145.17
-153.15
-157.74
-163.2
-169.01
-181.4
-184.52
-172.04
-173.51
-181.66
-175.85
-185.04
-177.85
-152.37
-166.06
-175.51
63.2
61.48
59.4
57.57
55.84
53.77
51.87
50.18
48.08
46.35
44.29
42.44
40.69
38.67
36.81
35.05
33.06
31.31
29.3
27.47
25.71
23.71
21.81
20.05
18.03
16.27
14.26
12.36
10.6
8.08
5.43
2.97
0.23
-2.24
-4.98
-7.56
-10.09
-12.1
-14.01
-15.9
-17.81
-19.58
-21.58
-23.44
-25.28
-27.31
-29.14
-31.04
-32.89
-34.69
-36.65
-38.53
-40.38
-42.31
-44.24
-46.1
-48.01
-49.83
-51.77
-53.67
-55.48
-57.49
-59.35
-61.26
-63.14
-64.97
-66.9
-68.8
-70.66
-72.56
-74.47
-75.77
-75.78
-75.68
-75.76
-75.74
-75.69
-75.78
-75.78
-75.76
-75.75
-75.69
-75.77
-75.72
-75.53
-73.87
-71.93
-70
-68.05
-66.09
-64.28
-62.39
-60.45
-58.6
-56.72
-54.82
-52.9
-50.99
-49.15
-47.26
-45.3
-43.47
-41.56
-39.73
-37.79
-35.84
-34.02
-32.15
-30.23
-28.43
-26.49
-24.6
-22.71
-20.76
-18.95
-17.04
-15.08
-13.23
-11.34
-9.21
-6.54
-3.85
-1.36
1.31
4.02
6.46
9.09
11.22
13.15
15.11
16.89
18.8
20.68
22.57
24.45
26.48
28.23
30.18
31.92
33.84
35.83
37.59
39.45
41.49
43.25
45.25
47.02
48.95
50.97
52.74
54.64
56.64
58.4
60.43
62.2
64.07
