154
66
89
209.55
212.77
196.97
196.49
211.06
210.59
205.48
204.82
207.56
202.64
195.93
214.47
189.02
182.78
205.29
187.32
178.14
186.37
179.46
166.03
161.4
181.45
162.25
169.91
188.83
161.77
167.54
181.26
172.09
182.3
184.1
178.8
166.22
183.44
157.04
167.83
198.39
210.12
173.5
167.83
179.37
164.99
163.57
174.64
175.87
165.84
179.75
180.69
168.77
183.25
177.19
165.56
168.59
177.67
168.02
162.72
184.67
173.69
164.33
184.67
175.02
173.5
187.22
180.98
165.27
157.14
151.84
135.76
145.22
137.18
133.01
558.07
805.75
794.39
-0.61
2.25
7.71
3.73
8.93
6.85
5.29
4.77
2.6
1.47
-150.72
-188.25
-183.83
-185.91
-203.07
-201.85
-201.42
-214.68
-215.03
-197.09
-225.78
-213.59
-178.97
-207.05
-205.58
-191.37
-194.92
-195.79
-202.81
-196.91
-198.3
-223.35
-197.26
-208.96
-217.02
-188.59
-207.57
-214.18
-189.72
-195.61
-217.97
-192.32
-185.04
-214.07
-222.14
-192.67
-187.12
-191.19
-178.8
-198.65
-205.67
-185.82
-191.45
-200.81
-197.17
-186.77
-216.33
-201.59
-175.94
-200.47
-214.85
-188.33
-203.59
-219.45
-207.92
-202.63
-227.25
-231.24
-210.43
-213.09
-212.96
-209.74
-218.58
-212.99
-223.09
-224.22
-213.4
-204.8
-207.05
-223.52
63.16
61.45
59.37
57.53
55.85
53.73
51.85
50.13
48.09
46.33
44.31
42.43
40.65
38.65
36.82
34.82
33
31.3
29.3
27.46
25.71
23.68
21.78
19.9
18.01
16.25
14.23
12.36
10.56
8.04
5.42
2.79
0.19
-2.32
-5.05
-7.6
-10.08
-12.11
-14.05
-15.95
-17.79
-19.61
-21.61
-23.45
-25.31
-27.28
-29.17
-31.06
-32.88
-34.69
-36.67
-38.57
-40.39
-42.33
-44.26
-46.11
-48.02
-49.9
-51.79
-53.66
-55.51
-57.47
-59.37
-61.27
-63.17
-64.99
-66.93
-68.83
-70.72
-72.59
-74.46
-75.57
-75.57
-75.51
-75.6
-75.58
-75.5
-75.57
-75.55
-75.61
-75.58
-75.5
-75.32
-73.71
-71.81
-69.84
-67.91
-66.1
-64.19
-62.23
-60.4
-58.54
-56.59
-54.77
-52.88
-51.01
-49.07
-47.15
-45.38
-43.43
-41.5
-39.7
-37.76
-35.83
-34.01
-32.09
-30.3
-28.44
-26.45
-24.58
-22.71
-20.76
-18.91
-16.96
-15.2
-13.24
-11.24
-9.22
-6.53
-4.01
-1.43
1.43
3.84
6.43
9.21
11.21
13.1
14.98
16.84
18.89
20.62
22.56
24.58
26.32
28.22
30.03
31.86
33.89
35.67
37.56
39.55
41.31
43.26
45.05
46.97
49.08
50.79
52.71
54.74
56.47
58.38
60.29
62.16
64.23
