154
66
89
178.9
171.8
151.37
178.14
183.72
153.54
165.56
176.63
145.12
152.41
158.75
136.89
143.14
161.96
147.58
141.81
167.45
154.58
133.2
155.91
167.17
144.37
163.19
171.33
148.53
163.85
160.54
153.64
159.22
172.37
154.87
150.23
168.3
156.1
151.08
174.83
165.37
151.84
161.68
154.21
156.57
155.44
154.87
148.06
149.66
168.87
160.35
158.27
170.57
156.67
149.66
159.03
158.46
149.48
153.26
142.57
160.64
156.48
144.93
151.46
151.08
158.37
146.45
152.03
158.94
148.72
145.69
142.66
138.88
154.68
147.68
807.17
771.22
751.73
3.73
7.11
5.98
7.63
8.15
3.47
9.01
3.55
3.99
5.81
-153.23
-142.49
-155.05
-150.46
-151.41
-154.62
-159.21
-151.67
-141.01
-145.17
-147.86
-147.43
-137.72
-143.09
-142.66
-132.08
-140.41
-132.86
-148.81
-147.77
-135.64
-144.31
-137.11
-142.31
-139.63
-126.45
-137.2
-143.87
-122.72
-142.4
-137.72
-126.28
-154.36
-148.73
-133.99
-139.8
-133.39
-156.96
-128.18
-150.55
-158.69
-122.9
-138.5
-144.91
-136.94
-141.97
-138.67
-145
-135.29
-133.82
-160.95
-125.84
-142.14
-164.93
-139.71
-143.87
-143.61
-151.5
-144.22
-148.64
-160.77
-135.47
-139.19
-164.93
-130.96
-144.22
-169.01
-135.03
-141.45
-161.38
63.14
61.23
59.3
57.47
55.58
53.68
51.76
50.04
47.97
46.07
44.18
42.29
40.4
38.51
36.65
34.89
32.89
31.02
29.15
27.3
25.44
23.52
21.65
19.89
17.87
15.94
14.03
12.2
10.31
7.87
5.19
2.74
0
-2.67
-5.21
-7.79
-10.38
-12.26
-14.19
-15.99
-17.98
-19.87
-21.76
-23.61
-25.56
-27.41
-29.33
-31.11
-33.06
-34.96
-36.8
-38.75
-40.62
-42.47
-44.41
-46.21
-48.18
-50.08
-51.95
-53.83
-55.73
-57.62
-59.54
-61.36
-63.35
-65.21
-67.11
-69.03
-70.9
-72.76
-74.65
-75.46
-75.53
-75.55
-75.51
-75.55
-75.54
-75.54
-75.54
-75.42
-75.54
-75.51
-75.29
-73.71
-71.79
-69.82
-67.89
-65.95
-64.06
-62.21
-60.35
-58.48
-56.49
-54.65
-52.76
-50.82
-48.98
-47.05
-45.24
-43.26
-41.42
-39.53
-37.6
-35.67
-33.88
-32.02
-30.11
-28.26
-26.35
-24.44
-22.57
-20.6
-18.76
-16.88
-14.98
-13.06
-11.21
-8.94
-6.3
-3.63
-1.17
1.48
4.09
6.65
9.29
11.39
13.27
15.29
17.07
18.9
20.82
22.73
24.62
26.49
28.38
30.35
32.06
33.94
35.84
37.8
39.73
41.52
43.43
45.39
47.15
49.12
50.99
52.87
54.94
56.66
58.57
60.57
62.34
64.23
