154
66
89
164.61
164.71
167.64
168.11
168.11
159.5
170.29
165.08
147.68
162.63
162.34
154.3
159.41
153.83
163.19
150.23
154.49
175.59
157.23
162.15
171.99
151.75
146.16
165.18
153.92
161.49
163.76
160.54
161.11
161.02
172.84
152.98
164.61
176.15
139.54
162.81
161.02
152.03
161.96
170.48
167.73
150.89
150.33
154.96
152.79
155.62
152.22
161.21
156.67
172.46
155.62
166.79
182.4
171.61
142.66
165.65
179.84
148.53
158.46
165.65
150.52
154.39
152.31
160.92
162.15
171.71
150.8
152.5
166.79
159.69
139.35
858.25
808.02
805.46
5.63
6.59
-0.69
7.19
3.9
4.68
7.8
1.47
0.78
2.86
-147.08
-148.73
-153.49
-160.43
-153.75
-145.17
-141.97
-148.03
-143.18
-135.9
-136.68
-166.84
-145.69
-157.31
-151.85
-150.72
-139.37
-144.65
-162.77
-150.81
-145.35
-152.8
-136.59
-138.41
-148.03
-129.31
-132.69
-140.93
-131.74
-145.61
-135.81
-141.19
-150.37
-140.49
-143.35
-149.25
-148.03
-153.67
-137.11
-139.11
-154.45
-141.1
-145.35
-135.73
-162.33
-137.55
-143.27
-152.37
-143.27
-145.35
-145.69
-148.64
-144.57
-139.02
-132.78
-138.67
-139.11
-143.27
-142.75
-142.83
-153.06
-151.15
-149.07
-160.17
-151.93
-150.37
-151.33
-145.26
-140.23
-133.99
63.09
61.21
59.3
57.42
55.7
53.66
51.74
50
47.94
46.05
44.19
42.28
40.38
38.51
36.6
34.88
32.89
30.98
29.17
27.29
25.48
23.47
21.56
19.85
17.85
15.94
14.19
12.16
10.4
7.79
5.17
2.67
-0.01
-2.7
-5.11
-7.81
-10.26
-12.3
-14.23
-16.02
-18.01
-19.87
-21.68
-23.63
-25.5
-27.47
-29.37
-31.14
-33.06
-34.99
-36.79
-38.75
-40.58
-42.53
-44.43
-46.2
-48.2
-50.17
-51.91
-53.89
-55.69
-57.66
-59.56
-61.37
-63.31
-65.21
-67.08
-69.01
-70.87
-72.79
-74.66
-75.31
-75.42
-75.41
-75.32
-75.41
-75.37
-75.43
-75.44
-75.33
-75.43
-75.41
-75.17
-73.76
-71.85
-69.82
-67.92
-66
-64.13
-62.23
-60.37
-58.48
-56.5
-54.66
-52.79
-50.88
-48.99
-47.13
-45.27
-43.31
-41.36
-39.59
-37.61
-35.7
-33.88
-32.03
-30.07
-28.28
-26.28
-24.48
-22.57
-20.63
-18.8
-16.93
-14.97
-13.12
-11.12
-8.98
-6.33
-3.67
-1.22
1.44
4.21
6.64
9.4
11.33
13.28
15.21
17.03
18.91
20.83
22.72
24.7
26.47
28.38
30.32
32.04
33.95
35.96
37.75
39.7
41.5
43.43
45.36
47.15
49.11
51.11
52.87
54.88
56.65
58.54
60.55
62.31
64.19
