154
66
89
175.59
177.01
177.29
192.24
181.92
174.92
177.48
180.69
168.11
181.07
179.28
166.31
169.53
177.29
188.45
157.71
177.86
175.21
167.92
178.71
177.29
164.23
174.83
188.07
179.09
170
178.33
186.75
168.4
180.69
199.43
168.11
185.33
197.82
175.4
186.28
197.34
184.38
176.15
187.22
190.34
163.76
173.32
200.75
162.72
173.41
185.05
175.59
179.28
187.41
180.79
184.1
191.86
165.65
163.38
180.69
188.55
152.03
174.36
209.45
165.56
174.92
184.1
192.14
175.11
189.3
191.95
163.1
178.23
171.04
145.79
587.49
837.72
828.83
1.21
0.52
5.46
6.41
10.23
1.73
3.55
0.69
6.24
-1.13
-174.73
-198.47
-196.39
-201.85
-201.94
-208.18
-180.1
-198.21
-201.25
-167.1
-187.64
-216.24
-182.27
-186.17
-185.82
-193.19
-191.28
-200.64
-194.14
-190.93
-199.69
-197.43
-164.24
-192.93
-195.18
-162.85
-183.13
-190.15
-187.29
-180.79
-199.86
-215.55
-196.91
-206.9
-211.73
-205.23
-207.52
-228.03
-195.44
-198.47
-211.91
-199.17
-187.99
-186.51
-212.51
-186.51
-193.45
-206.45
-199.51
-201.85
-214.42
-196.48
-216.93
-216.41
-190.24
-190.24
-183.05
-210.78
-193.79
-192.41
-218.67
-215.37
-211.65
-198.73
-197.52
-206.36
-204.37
-194.23
-210
-200.03
63.12
61.25
59.35
57.49
55.78
53.71
51.8
50.1
48.05
46.14
44.25
42.38
40.61
38.62
36.73
34.99
32.97
31.09
29.4
27.43
25.65
23.62
21.72
19.98
17.95
16.09
14.28
12.32
10.39
7.96
5.4
2.86
0.13
-2.51
-5.07
-7.65
-10.13
-12.14
-14.07
-15.85
-17.85
-19.75
-21.63
-23.51
-25.38
-27.32
-29.21
-31.02
-32.95
-34.84
-36.68
-38.6
-40.43
-42.37
-44.28
-46.08
-48.04
-49.88
-51.85
-53.64
-55.57
-57.53
-59.42
-61.28
-63.19
-65.08
-66.98
-68.87
-70.73
-72.61
-74.55
-75.54
-75.58
-75.6
-75.59
-75.58
-75.51
-75.6
-75.61
-75.5
-75.61
-75.58
-75.35
-73.78
-71.85
-69.92
-67.97
-66.06
-64.23
-62.3
-60.39
-58.57
-56.64
-54.81
-52.92
-51.02
-49.15
-47.25
-45.36
-43.49
-41.59
-39.76
-37.83
-35.86
-34.08
-32.18
-30.27
-28.47
-26.48
-24.61
-22.77
-20.83
-18.97
-17
-15.26
-13.34
-11.31
-9.3
-6.64
-3.95
-1.49
1.18
3.81
6.37
9.11
11.2
13.07
15.03
16.82
18.68
20.6
22.48
24.52
26.29
28.15
30.14
31.84
33.74
35.65
37.52
39.5
41.28
43.19
45.19
46.85
48.85
50.78
52.69
54.71
56.42
58.34
60.36
62.12
64.03
