154
66
89
188.93
192.14
180.79
203.59
213.14
188.07
193.56
209.74
195.36
201.79
200.18
186.47
176.44
175.49
158.18
162.25
167.73
160.26
151.46
160.07
165.46
153.45
169.06
179.09
174.17
180.41
186.75
191.67
190.53
190.25
203.87
188.36
195.74
181.74
175.59
186.56
190.16
171.23
169.34
167.64
162.44
167.83
172.84
166.13
162.06
175.4
183.15
172.18
185.33
201.98
168.3
182.21
183.63
165.65
181.92
185.99
174.07
166.03
164.14
153.26
144.56
163.38
177.67
147.77
164.9
165.18
146.07
146.45
155.25
142.57
146.35
819.75
800.26
786.73
7.63
6.41
2.51
6.76
3.99
3.64
4.07
5.2
6.15
2.25
-160.77
-164.59
-159.56
-166.75
-176.72
-161.99
-164.67
-172.99
-186.43
-158.35
-164.41
-177.07
-169.87
-184.61
-186.08
-192.41
-189.37
-193.01
-191.8
-186.34
-187.21
-208.09
-181.57
-179.58
-179.93
-153.32
-153.67
-170.05
-156.18
-154.19
-167.62
-165.37
-164.59
-176.98
-182.53
-177.67
-173.6
-196.05
-186.86
-190.67
-202.81
-172.3
-178.8
-172.99
-176.37
-167.71
-169.44
-159.21
-149.68
-152.97
-166.23
-154.71
-149.51
-164.76
-157.65
-151.59
-162.16
-163.2
-170.83
-184
-201.51
-196.13
-192.75
-204.54
-193.53
-192.75
-207.31
-182.35
-169.09
-171.17
63.14
61.2
59.28
57.46
55.55
53.64
51.73
50.03
47.97
46.03
44.17
42.3
40.36
38.51
36.62
34.86
32.86
30.98
29.12
27.29
25.4
23.47
21.61
19.84
17.86
15.95
14.19
12.16
10.29
7.78
5.18
2.69
-0.05
-2.68
-5.26
-7.82
-10.35
-12.33
-14.21
-16.04
-18.03
-19.9
-21.78
-23.65
-25.62
-27.44
-29.34
-31.16
-33.09
-34.98
-36.83
-38.75
-40.67
-42.51
-44.43
-46.24
-48.24
-50.1
-51.96
-53.84
-55.76
-57.65
-59.55
-61.39
-63.34
-65.23
-67.06
-69.03
-70.9
-72.8
-74.66
-75.42
-75.53
-75.5
-75.4
-75.5
-75.52
-75.48
-75.51
-75.41
-75.51
-75.51
-75.25
-73.72
-71.88
-69.87
-67.9
-66
-64.14
-62.23
-60.36
-58.5
-56.59
-54.66
-52.77
-50.81
-49.02
-47.11
-45.26
-43.35
-41.43
-39.57
-37.59
-35.72
-33.89
-32.02
-30.15
-28.27
-26.35
-24.45
-22.54
-20.63
-18.79
-16.88
-15.06
-13.1
-11.21
-9.01
-6.34
-3.64
-1.21
1.46
4.01
6.63
9.25
11.38
13.28
15.24
17.04
18.91
20.81
22.66
24.59
26.46
28.36
30.3
32.04
33.94
35.82
37.73
39.56
41.49
43.37
45.36
47.12
49.05
50.95
52.85
54.76
56.61
58.5
60.58
62.33
64.21
