156
67
90
180.88
184.57
180.88
183.34
175.59
178.23
172.94
172.18
164.9
167.26
166.03
167.26
175.3
171.04
169.25
152.31
154.77
169.34
161.11
167.54
168.02
167.26
154.39
160.83
179.37
157.14
167.26
171.52
156.38
165.65
171.33
167.45
165.27
171.8
169.34
180.13
189.97
184.38
178.23
173.69
167.45
158.08
171.8
173.22
161.4
160.73
168.68
171.9
175.3
183.63
166.31
163.48
166.88
155.44
158.94
168.02
161.96
158.65
168.3
173.22
153.45
151.08
172.18
143.42
141.06
159.79
171.23
156.29
167.26
162.63
153.54
167.83
820.98
811.61
809.72
4.16
5.11
7.19
7.19
6.41
6.67
4.51
3.12
4.42
5.81
4.51
-154.27
-175.68
-157.48
-180.53
-179.75
-172.21
-176.11
-195.79
-186.86
-192.41
-196.22
-187.47
-195.01
-200.73
-195.7
-181.23
-201.16
-205.58
-188.33
-195.18
-190.41
-172.56
-176.72
-178.71
-178.89
-162.07
-192.32
-188.07
-159.13
-196.39
-211.39
-199.43
-203.85
-223.7
-196.91
-196.83
-204.28
-188.59
-182.01
-192.49
-187.03
-155.75
-173.77
-182.61
-168.75
-172.21
-180.27
-176.29
-167.01
-188.33
-206.62
-193.19
-213.03
-196.91
-181.92
-201.25
-218.75
-201.59
-206.36
-201.29
-204.19
-207.05
-214.68
-205.58
-197.17
-212.34
-216.85
-200.9
-213.55
-210.78
63.4
61.53
59.59
57.76
56.01
53.96
52.03
50.3
48.25
46.34
44.44
42.61
40.83
38.78
36.91
35.17
33.15
31.27
29.43
27.59
25.84
23.82
21.9
20.15
18.15
16.36
14.35
12.46
10.69
8.21
5.54
3.12
0.38
-2.13
-4.85
-7.42
-9.93
-12
-13.93
-15.81
-17.71
-19.46
-21.48
-23.35
-25.18
-27.14
-29.04
-30.84
-32.78
-34.59
-36.52
-38.43
-40.28
-42.21
-44.11
-45.93
-47.9
-49.79
-51.69
-53.56
-55.42
-57.37
-59.25
-61.06
-63.04
-64.9
-66.8
-68.72
-70.57
-72.45
-74.35
-75.96
-76.05
-76.08
-76.06
-76.08
-75.97
-76.08
-76.04
-75.96
-76.08
-76.08
-76.08
-76.05
-75.58
-73.74
-71.85
-69.85
-67.92
-66
-64.2
-62.25
-60.34
-58.5
-56.6
-54.65
-52.83
-50.87
-49.02
-47.13
-45.22
-43.37
-41.47
-39.53
-37.67
-35.74
-33.91
-32.01
-30.13
-28.31
-26.43
-24.42
-22.63
-20.67
-18.82
-16.93
-14.97
-13.16
-11.24
-8.88
-6.39
-3.74
-1.25
1.43
4.13
6.62
9.2
11.46
13.21
15.11
16.99
18.9
20.88
22.68
24.54
26.59
28.32
30.15
32.01
33.92
35.93
37.68
39.5
41.61
43.34
45.22
47.12
49.02
51.06
52.84
54.71
56.74
58.5
60.5
62.27
64.16
