154
66
89
202.27
209.74
220.05
215.04
207.94
201.79
202.45
194.51
186.75
185.52
182.02
181.17
191.2
207.85
184.38
192.14
211.63
206.33
189.68
205.39
206.05
187.7
195.83
198.48
172.37
188.93
179.75
192.05
166.88
172.37
193.47
176.15
204.72
209.45
175.78
188.74
220.71
205.76
203.78
210.87
204.63
204.63
211.91
198.95
185.99
192.43
202.93
189.78
190.25
189.02
178.33
192.71
219.86
201.22
172.27
186.65
154.68
165.56
186.84
168.96
171.14
194.13
198.86
187.32
188.26
188.74
181.55
172.46
166.03
171.99
169.82
823.34
786.64
776.89
5.37
5.72
3.64
7.97
5.2
5.81
6.41
5.55
6.15
1.13
-193.62
-202.29
-191.19
-191.97
-210.17
-206.27
-206.71
-214.42
-214.85
-195.96
-194.83
-200.03
-196.74
-196.74
-196.13
-197.26
-205.06
-219.71
-208.01
-209.48
-193.45
-192.58
-204.37
-209.31
-197.61
-197.87
-212.34
-193.1
-203.93
-219.1
-209.65
-198.13
-205.84
-199.43
-213.38
-198.47
-192.67
-197.09
-206.36
-190.5
-204.28
-175.07
-175.94
-200.12
-184.52
-195.53
-188.33
-199.6
-211.82
-214.94
-225
-220.75
-218.93
-223.52
-215.29
-214.42
-205.06
-189.55
-191.11
-196.83
-191.63
-193.27
-207.31
-214.59
-222.31
-223.7
-231.06
-228.81
-212.81
-231.76
63.17
61.19
59.38
57.53
55.79
53.76
51.84
50.13
48.04
46.18
44.27
42.38
40.65
38.66
36.75
35.06
33.03
31.13
29.29
27.45
25.67
23.64
21.77
19.99
17.97
16.05
14.24
12.35
10.53
8.03
5.4
2.92
0.19
-2.46
-5.07
-7.63
-10.09
-12.1
-14.09
-15.81
-17.81
-19.71
-21.61
-23.54
-25.42
-27.3
-29.16
-31.09
-32.9
-34.81
-36.69
-38.54
-40.47
-42.36
-44.29
-46.06
-48.03
-49.94
-51.81
-53.67
-55.59
-57.5
-59.39
-61.29
-63.17
-65.06
-66.94
-68.84
-70.76
-72.64
-74.49
-75.81
-75.81
-75.81
-75.8
-75.81
-75.71
-75.78
-75.79
-75.72
-75.79
-75.8
-75.45
-73.71
-71.85
-69.85
-67.89
-65.99
-64.13
-62.24
-60.34
-58.47
-56.53
-54.67
-52.79
-50.83
-48.97
-47.12
-45.23
-43.33
-41.38
-39.59
-37.66
-35.7
-33.87
-32
-30.19
-28.29
-26.29
-24.47
-22.59
-20.64
-18.79
-16.92
-15.04
-13.11
-11.1
-8.99
-6.33
-3.66
-1.22
1.46
4.03
6.68
9.45
11.37
13.27
15.24
17.05
18.91
20.79
22.71
24.69
26.45
28.36
30.28
32.05
33.93
35.81
37.7
39.69
41.46
43.38
45.39
47.16
49.08
50.94
52.83
54.72
56.6
58.53
60.39
62.29
64.18
