154
66
89
215.69
225.35
213.51
215.19
214.2
220.52
220.81
224.5
211.16
224.59
209.08
208.89
216.93
210.87
197.44
196.12
195.07
195.83
184.57
179.56
189.02
179.18
209.17
197.72
197.16
212.29
204.06
196.49
207.66
231.02
207.66
195.07
211.06
209.55
183.91
208.32
215.6
202.93
214.18
191.01
200.37
197.82
203.78
203.78
202.74
214.47
199.99
215.7
216.27
198.57
182.11
210.12
200.85
201.22
204.06
202.64
202.17
202.74
199.71
205.1
192.99
204.16
210.31
194.41
219.96
220.43
199.9
205.2
202.93
206.43
210.49
885.97
850.31
850.31
3.81
7.37
4.25
10.23
10.05
2.51
1.56
6.33
4.59
-2.95
-175.42
-171.43
-169.79
-184.78
-175.77
-175.77
-193.01
-193.71
-168.31
-163.89
-163.55
-161.9
-158.09
-168.4
-160.17
-165.97
-173.95
-154.36
-171.17
-187.55
-164.85
-184
-174.55
-189.89
-180.88
-175.77
-188.25
-170.83
-145.78
-175.68
-158.61
-157.22
-178.02
-167.88
-178.71
-176.72
-165.45
-172.65
-177.85
-189.81
-180.71
-179.49
-183.83
-173.43
-162.51
-188.94
-174.12
-168.49
-174.81
-151.15
-168.83
-150.29
-165.54
-162.85
-162.16
-171.95
-166.75
-155.4
-192.49
-193.45
-192.58
-193.27
-187.47
-199.86
-197.52
-205.32
-205.49
-193.36
-200.12
-179.58
63.15
61.25
59.36
57.52
55.64
53.73
51.86
50.11
48.04
46.14
44.25
42.43
40.51
38.63
36.73
34.99
32.98
31.09
29.3
27.44
25.53
23.65
21.78
19.98
18
16.12
14.33
12.3
10.43
7.99
5.35
2.91
0.2
-2.48
-4.9
-7.59
-10.22
-12.12
-14.05
-15.85
-17.85
-19.7
-21.51
-23.5
-25.4
-27.32
-29.2
-30.99
-32.91
-34.82
-36.69
-38.61
-40.61
-42.36
-44.27
-46.07
-48.02
-49.92
-51.82
-53.69
-55.59
-57.51
-59.39
-61.22
-63.16
-65.07
-66.94
-68.83
-70.78
-72.63
-74.49
-75.46
-75.54
-75.55
-75.54
-75.54
-75.55
-75.54
-75.54
-75.44
-75.55
-75.54
-75.31
-73.72
-71.92
-69.87
-67.94
-66.03
-64.17
-62.31
-60.47
-58.58
-56.65
-54.77
-52.91
-50.95
-49.13
-47.26
-45.38
-43.46
-41.59
-39.73
-37.79
-35.87
-34.05
-32.18
-30.35
-28.44
-26.57
-24.63
-22.75
-20.78
-18.96
-17.08
-15.23
-13.31
-11.35
-9.23
-6.6
-3.91
-1.39
1.22
3.96
6.39
9.03
11.18
13.08
15.05
16.89
18.73
20.76
22.51
24.42
26.3
28.21
30.17
31.87
33.8
35.66
37.53
39.39
41.29
43.21
45.18
46.94
48.88
50.76
52.69
54.61
56.44
58.36
60.4
62.13
64.03
