154
66
89
218.63
192.71
197.25
187.72
182.3
189.87
196.4
179.65
152.03
176.72
174.07
157.23
174.92
184.76
159.98
178.9
177.29
162.81
175.78
179.18
164.61
164.04
179.75
172.27
164.14
182.59
184.67
172.46
177.1
199.14
170.1
166.03
183.15
161.58
167.83
184.19
189.78
178.23
188.74
175.21
167.73
178.8
178.05
159.79
177.67
183.44
165.46
148.62
161.77
157.52
143.23
170.48
160.07
158.84
166.88
160.64
154.21
175.49
171.71
161.96
174.64
185.61
163.85
172.94
195.17
177.29
163.95
173.6
174.55
165.94
179.18
885.21
798.18
795.81
7.89
5.89
6.85
7.54
3.47
6.67
7.11
4.94
3.81
2.51
-164.76
-163.89
-170.31
-163.2
-161.03
-167.01
-187.9
-182.61
-160.6
-158.26
-172.82
-147.95
-138.15
-150.55
-146.47
-145.95
-150.11
-148.99
-153.75
-147.69
-143.01
-159.73
-150.37
-158.17
-168.92
-153.06
-171
-163.46
-156.96
-167.97
-164.59
-156.01
-166.23
-184.17
-158.61
-171
-166.06
-163.37
-155.4
-173.08
-161.9
-166.84
-169.35
-169.44
-168.57
-160.95
-175.33
-158.17
-152.97
-165.11
-152.28
-155.83
-168.92
-157.65
-158.69
-155.23
-153.67
-154.45
-160.95
-158
-155.83
-143.87
-150.81
-164.07
-184.61
-191.45
-198.3
-204.97
-192.58
-198.56
63.2
61.27
59.4
57.59
55.76
53.76
51.83
50.07
48.05
46.14
44.2
42.34
40.65
38.58
36.68
34.98
32.96
31.08
29.24
27.37
25.59
23.58
21.71
19.92
17.93
16.05
14.13
12.26
10.51
7.92
5.27
2.84
0.09
-2.57
-5.11
-7.71
-10.16
-12.16
-14.12
-15.95
-17.94
-19.77
-21.71
-23.57
-25.45
-27.37
-29.28
-31.09
-33
-34.91
-36.65
-38.68
-40.57
-42.42
-44.32
-46.16
-48.1
-50.01
-51.83
-53.78
-55.58
-57.56
-59.51
-61.3
-63.26
-65.14
-66.98
-68.95
-70.8
-72.67
-74.56
-75.16
-75.24
-75.24
-75.15
-75.3
-75.24
-75.27
-75.25
-75.18
-75.23
-75.26
-75
-73.66
-71.82
-69.78
-67.82
-65.92
-64.04
-62.19
-60.23
-58.38
-56.42
-54.61
-52.67
-50.77
-48.9
-47.03
-45.09
-43.22
-41.28
-39.5
-37.56
-35.63
-33.79
-31.93
-30.08
-28.18
-26.22
-24.4
-22.5
-20.53
-18.67
-16.83
-14.86
-12.98
-11.02
-8.87
-6.21
-3.53
-1.07
1.58
4.34
6.8
9.56
11.44
13.35
15.32
17.14
18.99
21
22.81
24.8
26.58
28.46
30.4
32.16
34.05
36.04
37.82
39.82
41.6
43.49
45.46
47.24
49.17
51.08
52.96
54.97
56.67
58.61
60.44
62.43
64.29
