154
66
89
196.1
196.66
216.36
197.07
198.6
211.16
211.54
204.16
185.99
199.99
192.05
177.38
185.8
193.09
182.97
173.32
192.9
186.94
178.8
179.37
192.52
166.6
183.25
191.76
176.15
183.63
180.98
179.28
173.6
177.67
171.33
170.67
176.63
175.96
158.94
173.69
180.22
185.14
192.24
204.25
175.4
182.11
197.91
177.76
188.07
181.07
187.98
177.95
204.72
199.33
169.06
190.44
207.85
172.27
179.28
181.74
168.11
172.75
186.47
165.75
166.03
177.76
175.96
159.69
168.59
178.9
159.88
178.71
186.47
170
165.56
814.26
822.02
823.82
6.67
5.55
3.03
-3.03
3.12
3.99
1.65
3.21
4.07
7.11
-123.24
-153.67
-147.86
-144.65
-147.6
-145
-139.89
-159.3
-148.55
-134.17
-143.79
-148.38
-151.76
-149.42
-144.39
-146.91
-159.91
-155.31
-158.61
-160.17
-166.67
-144.48
-148.12
-158.43
-148.38
-137.63
-151.07
-142.57
-130.7
-148.03
-154.01
-150.72
-143.96
-161.03
-146.04
-123.76
-148.81
-141.36
-121.6
-139.11
-149.59
-134.43
-137.2
-140.67
-151.41
-143.79
-150.37
-153.41
-142.83
-153.32
-152.02
-138.15
-153.49
-158
-147.69
-147.95
-156.7
-160.34
-157.48
-166.75
-167.19
-164.07
-175.68
-177.93
-167.27
-184.35
-182.96
-182.53
-176.29
-184.09
63.17
61.39
59.33
57.5
55.74
53.67
51.79
49.85
47.97
46.23
44.19
42.28
40.55
38.54
36.65
34.85
32.89
31.13
29.16
27.3
25.56
23.48
21.64
19.71
17.84
15.97
14.09
12.18
10.43
7.82
5.19
2.58
0.01
-2.51
-5.22
-7.8
-10.21
-12.26
-14.19
-16
-17.96
-19.81
-21.78
-23.64
-25.45
-27.41
-29.33
-31.12
-33.04
-34.99
-36.81
-38.7
-40.55
-42.51
-44.42
-46.18
-48.17
-50.03
-51.94
-53.84
-55.68
-57.62
-59.52
-61.36
-63.32
-65.21
-67.11
-69
-70.85
-72.73
-74.65
-75.33
-75.4
-75.31
-75.4
-75.41
-75.31
-75.4
-75.39
-75.31
-75.4
-75.32
-75.13
-73.71
-71.83
-69.84
-67.92
-66.02
-64.14
-62.25
-60.37
-58.53
-56.57
-54.73
-52.85
-50.95
-49.09
-47.1
-45.34
-43.45
-41.49
-39.69
-37.76
-35.89
-34.01
-32.07
-30.28
-28.41
-26.42
-24.6
-22.73
-20.74
-18.93
-16.96
-15.2
-13.24
-11.23
-9.18
-6.52
-3.87
-1.39
1.41
3.89
6.37
9.21
11.21
13.13
15.11
16.9
18.75
20.65
22.55
24.56
26.36
28.25
30.21
31.89
33.8
35.67
37.57
39.57
41.36
43.27
45.22
46.99
48.92
50.8
52.76
54.75
56.47
58.42
60.43
62.16
64.23
