154
66
89
176.53
213.71
179.37
176.06
194.03
171.61
178.61
184.86
181.07
190.72
187.79
178.52
177.01
174.55
191.01
169.72
169.25
193.28
175.21
173.41
178.61
165.56
183.44
183.44
181.17
173.03
177.67
192.24
176.34
175.87
174.55
179.28
180.69
181.07
160.07
165.27
186.75
166.79
178.52
178.8
167.26
168.96
188.74
174.73
177.67
181.92
180.32
174.26
189.21
191.76
169.34
189.4
191.86
177.01
178.8
196.12
174.92
179.84
191.76
172.27
175.96
184.38
183.72
174.73
181.45
175.78
166.5
168.21
173.03
164.04
167.73
835.83
836.59
833.28
3.64
-0.52
3.29
3.64
3.81
1.99
1.04
1.91
0.26
0.87
-1.47
-191.45
-186.51
-189.98
-204.97
-203.93
-198.99
-209.22
-191.89
-195.96
-194.31
-201.59
-214.42
-219.53
-213.99
-222.05
-215.55
-207.92
-215.11
-205.67
-220.66
-213.03
-196.57
-207.14
-185.91
-172.04
-196.39
-190.67
-174.9
-188.42
-204.28
-183.31
-198.82
-208.35
-180.88
-170.83
-188.94
-188.07
-194.57
-192.75
-206.45
-181.14
-184.17
-197.95
-199.43
-174.81
-210.35
-216.93
-185.65
-203.33
-202.55
-194.92
-199.08
-217.97
-218.67
-202.29
-217.45
-226.73
-199.77
-227.34
-215.06
-211.39
-215.5
-215.41
-201.59
-220.14
-213.87
-227.77
-201.42
-226.56
63.27
61.55
59.48
57.58
55.91
53.81
52.06
50.05
48.14
46.37
44.33
42.47
40.71
38.67
36.96
34.88
33.03
31.31
29.3
27.48
25.71
23.69
21.81
19.9
17.98
16.25
14.23
12.33
10.57
8.03
5.39
2.78
0.22
-2.27
-5.04
-7.62
-10.07
-12.11
-14.04
-15.95
-17.85
-19.58
-21.62
-23.47
-25.3
-27.27
-29.06
-31.06
-32.92
-34.68
-36.65
-38.58
-40.41
-42.34
-44.17
-46.13
-48.04
-49.85
-51.78
-53.69
-55.52
-57.48
-59.33
-61.27
-63.15
-64.98
-66.92
-68.83
-70.69
-72.6
-74.43
-75.4
-75.4
-75.3
-75.38
-75.41
-75.31
-75.41
-75.31
-75.43
-75.41
-75.3
-75.17
-73.87
-72.03
-70.05
-68.07
-66.18
-64.28
-62.34
-60.5
-58.63
-56.66
-54.87
-52.95
-51.07
-49.17
-47.21
-45.43
-43.53
-41.56
-39.74
-37.73
-35.92
-34.05
-32.11
-30.34
-28.45
-26.46
-24.62
-22.66
-20.85
-18.95
-16.97
-15.22
-13.3
-11.25
-9.21
-6.39
-4.03
-1.47
1.38
3.81
6.38
9.22
11.21
13.21
14.98
16.87
18.83
20.63
22.52
24.56
26.29
28.32
30.04
31.86
33.91
35.66
37.57
39.53
41.33
43.38
45.07
46.97
49.06
50.77
52.67
54.78
56.47
58.5
60.25
62.15
64.19
