154
66
89
220.62
191.29
212.2
199.59
205.95
212.29
198.72
199.62
198.86
197.37
204.72
202.36
198.2
211.63
176.06
200.09
191.95
171.8
184.86
179.18
165.94
169.63
174.17
161.3
161.87
172.18
154.11
163.1
171.23
171.04
166.5
169.44
189.59
162.06
172.75
191.57
175.68
194.41
196.87
185.52
181.83
194.6
183.15
173.13
193.94
179.37
200.18
198.01
192.71
180.98
191.57
207.18
183.34
182.3
207.75
187.13
175.21
186.47
182.78
182.21
174.45
178.9
169.15
172.09
159.98
159.88
160.83
162.91
168.21
160.54
174.17
810.1
775.28
762.23
7.11
5.81
5.63
7.11
3.21
7.19
4.42
5.55
3.38
3.81
-169.09
-162.07
-161.64
-149.42
-151.15
-149.77
-152.37
-149.85
-146.91
-150.72
-150.29
-155.83
-157.91
-158.95
-161.38
-174.03
-183.91
-158.52
-169.79
-183.83
-168.83
-158.09
-162.59
-163.81
-161.99
-154.71
-156.96
-149.25
-163.63
-158.52
-161.47
-163.98
-166.84
-152.19
-153.06
-148.12
-150.2
-139.63
-145.09
-146.73
-142.05
-134.77
-133.91
-140.15
-147.08
-146.21
-145.95
-152.71
-149.59
-143.53
-152.37
-155.83
-167.45
-156.18
-175.51
-191.45
-171.43
-197.52
-208.61
-198.13
-198.99
-198.56
-189.11
-197.43
-199.95
-200.03
-180.19
-189.46
-190.24
-177.59
63.11
61.15
59.28
57.45
55.5
53.66
51.76
49.98
47.93
46.07
44.16
42.24
40.41
38.51
36.58
34.87
32.83
30.97
29.15
27.1
25.35
23.47
21.6
19.82
17.84
15.94
14.02
12.15
10.28
7.75
5.16
2.69
-0.05
-2.74
-5.25
-7.8
-10.4
-12.28
-14.21
-16.05
-18.02
-19.88
-21.71
-23.67
-25.6
-27.5
-29.39
-31.16
-33.1
-34.99
-36.84
-38.77
-40.68
-42.56
-44.45
-46.24
-48.21
-50.13
-52
-53.86
-55.76
-57.67
-59.59
-61.41
-63.35
-65.24
-67.11
-69.04
-70.93
-72.82
-74.67
-75.19
-75.27
-75.25
-75.27
-75.28
-75.3
-75.29
-75.27
-75.21
-75.27
-75.29
-75.1
-73.79
-71.9
-69.9
-67.94
-65.98
-64.16
-62.24
-60.37
-58.46
-56.6
-54.69
-52.78
-50.85
-49.03
-47.08
-45.26
-43.38
-41.47
-39.57
-37.66
-35.74
-33.89
-32.02
-30.18
-28.28
-26.36
-24.46
-22.58
-20.64
-18.83
-16.93
-15.04
-13.08
-11.24
-9.01
-6.34
-3.69
-1.2
1.47
4.12
6.64
9.24
11.35
13.26
15.22
17.01
18.91
20.8
22.73
24.59
26.44
28.37
30.29
32
33.94
35.8
37.7
39.53
41.45
43.36
45.39
47.12
49.07
50.98
52.88
54.72
56.6
58.55
60.54
62.33
64.19
