154
66
89
185.05
184.57
183.53
192.33
181.17
165.75
175.49
185.05
172.09
174.92
178.61
156.85
169.25
180.88
180.32
169.91
168.11
179.18
160.83
157.33
196.49
176.25
173.32
190.63
184.48
177.1
170.29
173.03
183.53
181.92
181.55
165.27
164.42
192.99
169.53
182.21
195.36
177.1
172.94
177.57
191.29
174.83
181.64
192.99
180.88
166.69
182.87
171.52
160.45
177.48
145.88
144.08
161.58
174.26
168.87
165.65
180.6
175.59
161.21
177.29
170.57
166.79
174.55
172.46
165.84
178.23
157.42
160.45
176.72
181.64
164.42
873.39
829.68
829.68
5.63
5.72
0.61
4.68
1.21
4.07
2.69
5.98
1.56
6.85
-151.07
-174.64
-159.3
-161.81
-173.25
-167.71
-156.18
-169.18
-155.49
-150.2
-164.85
-164.5
-134.69
-160.86
-167.79
-133.73
-152.71
-146.99
-157.74
-145.35
-155.31
-181.92
-161.47
-162.68
-190.5
-149.07
-175.94
-190.07
-155.57
-167.45
-178.19
-172.39
-161.03
-182.18
-185.04
-149.94
-159.21
-175.77
-153.67
-167.01
-177.15
-153.15
-161.21
-164.41
-161.73
-166.84
-173.95
-168.66
-142.75
-150.63
-177.85
-138.93
-150.37
-168.66
-158.35
-164.93
-165.54
-161.81
-152.63
-158.87
-175.42
-164.85
-166.75
-175.07
-153.67
-160.25
-177.41
-165.89
-165.71
-167.45
63.24
61.34
59.45
57.59
55.86
53.77
51.9
50.16
48.08
46.18
44.31
42.43
40.51
38.62
36.78
35.03
33.03
31.16
29.25
27.44
25.56
23.65
21.74
20.02
17.98
16.09
14.21
12.3
10.44
7.95
5.38
2.94
0.16
-2.46
-5.05
-7.62
-10.22
-12.15
-14.06
-15.85
-17.84
-19.74
-21.64
-23.51
-25.44
-27.32
-29.2
-31.01
-32.95
-34.81
-36.72
-38.61
-40.49
-42.36
-44.28
-46.1
-48.05
-49.95
-51.86
-53.69
-55.6
-57.54
-59.38
-61.23
-63.19
-65.04
-66.98
-68.88
-70.77
-72.58
-74.53
-75.48
-75.59
-75.61
-75.58
-75.59
-75.57
-75.58
-75.59
-75.51
-75.58
-75.58
-75.35
-73.87
-72.12
-70.05
-68.09
-66.12
-64.3
-62.43
-60.55
-58.68
-56.7
-54.87
-53
-51.01
-49.18
-47.29
-45.48
-43.53
-41.57
-39.79
-37.81
-35.88
-34.08
-32.21
-30.38
-28.47
-26.51
-24.66
-22.76
-20.81
-18.98
-17.1
-15.24
-13.3
-11.26
-9.27
-6.6
-3.92
-1.46
1.14
3.78
6.36
9.15
11.17
13.06
15.05
16.84
18.73
20.59
22.49
24.41
26.28
28.16
30.17
31.87
33.77
35.63
37.54
39.52
41.33
43.22
45.21
46.93
48.89
50.78
52.68
54.74
56.46
58.37
60.38
62.1
64.02
