154
66
89
181.92
166.41
160.35
178.9
170
157.61
160.35
161.02
137.65
156.76
158.75
155.72
154.21
167.54
153.16
168.02
164.04
155.34
155.34
156.48
155.72
147.2
156.67
151.75
138.88
151.46
152.69
148.15
153.73
157.71
148.53
134.43
157.8
155.91
151.08
174.64
177.01
182.02
177.29
159.79
167.45
164.8
173.88
157.23
171.42
168.96
164.23
148.91
160.83
153.35
142.47
153.26
154.02
167.36
146.16
149.76
161.3
158.27
161.11
156.48
170.19
181.45
161.77
159.79
170.19
161.02
151.93
155.53
155.34
153.26
155.81
861
806.98
803.95
4.94
1.47
-0.17
0
5.89
0.09
0.95
10.49
2.43
3.99
-147.51
-146.04
-165.37
-153.32
-161.29
-148.9
-156.87
-151.07
-142.14
-158
-150.72
-145.87
-133.91
-139.37
-140.49
-144.13
-140.06
-135.38
-148.03
-139.37
-140.49
-156.87
-148.55
-158.26
-151.15
-148.81
-166.23
-138.67
-152.28
-153.75
-144.48
-153.32
-153.58
-166.15
-146.13
-145.17
-137.2
-152.28
-143.87
-134.43
-133.56
-148.03
-147.17
-136.16
-159.47
-148.55
-152.54
-141.97
-142.31
-159.04
-156.61
-147.6
-146.39
-164.33
-148.47
-147.69
-149.68
-156.35
-151.24
-144.83
-160.43
-137.03
-132.6
-158.43
-144.39
-148.81
-137.2
-157.31
-153.49
-154.36
63.11
61.37
59.31
57.49
55.72
53.68
51.77
49.86
47.97
46.26
44.2
42.27
40.57
38.51
36.75
34.77
32.88
31.13
29.19
27.32
25.43
23.54
21.68
19.74
17.85
16.1
14.1
12.18
10.44
7.81
5.19
2.76
0.01
-2.52
-5.22
-7.8
-10.23
-12.23
-14.17
-15.98
-17.95
-19.76
-21.75
-23.65
-25.45
-27.44
-29.33
-31.2
-33.08
-34.85
-36.8
-38.72
-40.52
-42.46
-44.42
-46.26
-48.15
-50.02
-51.96
-53.79
-55.63
-57.61
-59.49
-61.4
-63.29
-65.13
-67.09
-68.97
-70.83
-72.76
-74.63
-75.44
-75.41
-75.32
-75.43
-75.4
-75.32
-75.41
-75.44
-75.4
-75.41
-75.31
-75.17
-73.71
-71.82
-69.82
-67.88
-65.99
-64.11
-62.16
-60.32
-58.46
-56.48
-54.64
-52.73
-50.87
-49
-47.02
-45.22
-43.29
-41.34
-39.56
-37.59
-35.73
-33.85
-31.91
-30.15
-28.27
-26.25
-24.43
-22.55
-20.67
-18.75
-16.77
-15.01
-13.06
-11.09
-8.93
-6.27
-3.77
-1.13
1.59
4.09
6.7
9.48
11.39
13.25
15.17
17.04
19.05
20.85
22.75
24.73
26.52
28.4
30.38
32.1
34.05
35.85
37.77
39.73
41.53
43.46
45.43
47.19
49.27
51.02
52.91
54.92
56.67
58.57
60.43
62.36
64.27
