154
66
89
186.75
201.6
162.25
184.38
199.24
153.92
173.5
181.26
138.69
166.13
165.18
146.26
152.03
159.22
167.07
147.96
162.72
166.79
151.18
164.42
162.53
140.58
162.44
168.21
159.79
167.54
162.44
161.3
164.14
168.11
168.11
158.56
163.29
172.84
155.81
168.3
160.73
159.31
173.32
160.45
163.29
159.69
175.87
165.56
156
176.25
169.82
157.04
161.68
170.76
153.07
169.53
158.94
154.49
158.46
166.5
160.92
148.25
161.49
144.84
135.66
164.9
153.45
140.96
156.48
153.45
132.64
147.3
156.57
141.43
148.15
840.37
773.2
750.97
3.9
5.46
1.65
4.94
8.41
9.79
9.97
5.46
0.69
4.42
-160.17
-187.81
-180.97
-175.42
-184.35
-190.33
-169.87
-177.67
-179.06
-166.32
-165.63
-185.3
-173.95
-174.55
-191.28
-183.83
-178.89
-187.9
-185.65
-183.57
-170.48
-199.17
-165.89
-183.31
-198.13
-168.05
-175.85
-198.21
-181.83
-181.31
-197.26
-175.25
-181.75
-176.37
-191.19
-171.95
-175.16
-184.17
-166.06
-163.03
-184.52
-162.25
-165.11
-178.97
-165.02
-164.15
-183.13
-171.78
-161.73
-172.47
-190.41
-169.35
-171.09
-198.39
-182.44
-165.11
-175.33
-184.43
-174.73
-193.01
-208.79
-173.6
-173.95
-212.43
-189.89
-185.82
-192.31
-208.01
-193.45
-206.36
63.16
61.42
59.33
57.5
55.78
53.66
51.82
50.07
47.98
46.27
44.24
42.32
40.6
38.55
36.66
34.93
32.91
31.13
29.21
27.36
25.6
23.55
21.68
19.9
17.87
16.15
14.13
12.2
10.46
7.85
5.21
2.64
0.05
-2.47
-5.16
-7.74
-10.21
-12.2
-14.15
-16.07
-17.98
-19.74
-21.71
-23.61
-25.54
-27.38
-29.32
-31.17
-33.05
-34.85
-36.76
-38.69
-40.51
-42.46
-44.38
-46.24
-48.17
-49.98
-51.93
-53.83
-55.63
-57.59
-59.52
-61.38
-63.28
-65.14
-67.07
-68.97
-70.87
-72.75
-74.59
-75.27
-75.24
-75.18
-75.23
-75.25
-75.15
-75.25
-75.24
-75.27
-75.23
-75.18
-75.02
-73.73
-71.84
-69.85
-67.88
-66.01
-64.1
-62.15
-60.3
-58.44
-56.47
-54.62
-52.71
-50.81
-48.97
-47.01
-45.22
-43.28
-41.33
-39.54
-37.6
-35.72
-33.84
-31.91
-30.13
-28.25
-26.28
-24.39
-22.54
-20.68
-18.76
-16.79
-15
-13.06
-11.03
-8.92
-6.3
-3.76
-1.12
1.67
4.12
6.74
9.49
11.45
13.28
15.19
17.07
19.08
20.86
22.77
24.76
26.55
28.44
30.38
32.1
34.11
35.86
37.8
39.73
41.52
43.46
45.42
47.18
49.13
51.01
52.9
54.96
56.68
58.58
60.65
62.32
64.22
