154
66
89
167.64
158.18
151.18
159.79
171.04
155.44
150.7
163.67
145.5
152.31
158.65
143.23
138.12
169.63
155.06
136.8
153.26
159.22
150.42
145.69
167.45
141.15
149.38
159.5
147.49
144.93
167.83
154.68
159.03
175.3
170.1
156.67
178.05
170.29
142.38
163.38
183.91
140.49
157.42
171.9
163.76
150.61
174.73
164.99
159.31
157.61
190.34
153.35
151.84
172.94
140.96
147.96
165.37
157.14
153.26
170.1
168.02
153.83
166.69
169.25
154.39
163.57
176.91
152.79
152.03
164.99
145.6
143.04
158.18
156.67
143.8
825.23
814.73
813.98
-0.87
3.03
2.6
5.46
5.2
3.99
5.63
2.95
6.5
7.11
-171.09
-164.5
-163.37
-163.29
-172.65
-167.45
-157.65
-169.18
-169.7
-153.93
-158.09
-163.37
-153.06
-152.8
-175.42
-155.31
-148.9
-155.31
-150.55
-140.75
-152.63
-171.17
-162.07
-180.36
-188.33
-167.45
-170.39
-170.74
-166.32
-161.99
-173.17
-149.25
-158.35
-169.01
-177.07
-153.93
-141.01
-173.6
-156.79
-153.67
-155.23
-139.19
-156.18
-142.57
-141.01
-151.76
-156.18
-142.92
-140.49
-151.41
-169.01
-153.84
-157.13
-157.74
-152.28
-152.45
-156.53
-148.29
-151.85
-154.62
-161.55
-155.66
-147.08
-162.33
-158.87
-154.53
-156.09
-132
-132.26
-142.05
63.17
61.26
59.32
57.5
55.62
53.68
51.83
50.06
47.98
46.1
44.24
42.33
40.4
38.55
36.68
34.92
32.93
31.02
29.2
27.35
25.61
23.54
21.68
19.9
17.88
15.98
14.12
12.22
10.33
7.87
5.23
2.73
0.04
-2.58
-5.18
-7.75
-10.31
-12.25
-14.16
-15.96
-17.97
-19.85
-21.73
-23.61
-25.54
-27.4
-29.31
-31.13
-33.02
-34.92
-36.8
-38.71
-40.58
-42.46
-44.39
-46.17
-48.16
-50.07
-51.93
-53.81
-55.65
-57.6
-59.52
-61.36
-63.29
-65.14
-67.06
-68.95
-70.86
-72.7
-74.65
-75.47
-75.56
-75.58
-75.52
-75.55
-75.55
-75.55
-75.56
-75.47
-75.58
-75.58
-75.29
-73.68
-71.85
-69.78
-67.84
-65.94
-64.09
-62.16
-60.27
-58.43
-56.52
-54.61
-52.71
-50.8
-48.94
-47.06
-45.23
-43.26
-41.38
-39.52
-37.57
-35.68
-33.84
-31.98
-30.13
-28.25
-26.34
-24.4
-22.52
-20.62
-18.74
-16.84
-15.02
-13.03
-11.17
-8.92
-6.31
-3.59
-1.14
1.53
4.13
6.74
9.34
11.38
13.31
15.31
17.09
18.99
20.83
22.75
24.66
26.52
28.41
30.38
32.11
34.01
35.85
37.78
39.62
41.57
43.45
45.43
47.19
49.12
51.05
52.93
54.83
56.67
58.55
60.63
62.4
64.26
