154
66
89
206.9
198.48
205.29
206.71
194.79
180.32
184.48
191.2
177.29
171.14
194.6
176.91
171.9
186.56
172.18
170.29
185.9
207.18
200.56
199.05
216.83
200.85
200.94
199.43
177.1
174.73
188.36
183.72
198.48
198.39
212.95
197.63
204.82
215.79
201.03
204.06
214
182.78
205.39
203.97
178.61
180.6
176.91
208.79
199.33
212.2
230.36
217.59
214.28
211.78
210.74
230.36
215.99
209.51
226.1
228.19
217.78
198.2
212.29
230.74
189.59
206.43
217.12
201.32
205.86
211.52
225.25
219.77
226.01
233.67
202.93
839.9
845.39
831.86
4.07
1.73
4.85
2.43
3.29
-0.35
7.19
5.2
3.55
3.38
-184.35
-206.71
-200.47
-201.25
-216.07
-193.19
-161.99
-188.68
-180.53
-169.96
-173.17
-206.79
-160.86
-181.4
-178.89
-196.48
-193.19
-204.71
-195.7
-186.17
-198.3
-178.71
-147.25
-173.69
-179.23
-142.31
-144.13
-158.26
-156.61
-161.21
-164.07
-171.17
-171.35
-167.79
-177.5
-163.63
-174.9
-179.93
-138.59
-157.91
-169.01
-150.03
-156.96
-153.93
-166.58
-159.39
-158.26
-179.15
-166.23
-166.75
-169.79
-159.99
-163.46
-158.78
-131.04
-138.33
-148.47
-162.68
-153.06
-149.33
-161.12
-144.31
-150.37
-152.8
-135.81
-148.47
-161.12
-158.35
-176.55
-166.84
63.08
61.16
59.41
57.4
55.52
53.62
51.71
49.96
47.92
46.01
44.28
42.24
40.33
38.48
36.55
34.85
32.85
30.96
29.14
27.26
25.37
23.47
21.58
19.87
17.81
15.93
14.03
12.11
10.26
7.75
5.13
2.69
-0.1
-2.76
-5.28
-7.91
-10.46
-12.33
-14.26
-16.02
-18.02
-19.87
-21.78
-23.66
-25.6
-27.48
-29.39
-31.2
-33.12
-35
-36.84
-38.78
-40.67
-42.55
-44.47
-46.34
-48.23
-50.13
-52
-53.88
-55.79
-57.73
-59.6
-61.46
-63.37
-65.23
-67.15
-69.04
-70.94
-72.8
-74.68
-75.41
-75.43
-75.48
-75.47
-75.47
-75.47
-75.45
-75.47
-75.39
-75.47
-75.5
-75.23
-73.79
-71.94
-69.92
-67.95
-66.06
-64.22
-62.32
-60.44
-58.58
-56.67
-54.81
-52.89
-51.01
-49.11
-47.24
-45.36
-43.52
-41.61
-39.77
-37.79
-35.87
-34.06
-32.18
-30.26
-28.48
-26.55
-24.62
-22.76
-20.82
-18.97
-17.1
-15.13
-13.31
-11.37
-9.25
-6.63
-3.94
-1.49
1.2
3.79
6.37
8.97
11.13
13.04
15.06
16.83
18.71
20.67
22.51
24.39
26.28
28.21
30
31.85
33.77
35.65
37.54
39.39
41.26
43.22
45.18
46.94
48.9
50.76
52.67
54.62
56.44
58.35
60.36
62.12
64.02
