154
66
89
194.22
188.07
196.78
200.85
187.13
192.33
177.38
170.29
172.37
181.17
157.23
164.99
178.99
154.77
159.12
171.9
175.59
161.11
183.34
186.65
173.5
182.02
179.84
159.22
157.42
159.12
148.06
154.39
154.77
153.73
148.62
157.42
156.38
149
151.84
172.94
180.98
178.71
188.45
192.61
176.63
183.44
177.95
169.25
188.64
170.86
161.21
176.34
182.59
171.52
164.71
181.64
184.67
146.54
173.6
171.9
145.97
167.07
176.06
165.08
169.53
189.59
173.98
168.96
175.78
170.1
159.41
173.98
180.51
161.68
183.44
819.75
805.84
795.72
4.85
6.5
4.68
7.71
4.25
3.55
3.29
14.13
4.16
1.39
-124.02
-173.86
-179.67
-172.65
-168.66
-167.79
-169.96
-174.9
-171
-165.02
-158.35
-157.13
-167.88
-176.11
-160.86
-165.19
-175.51
-169.09
-163.46
-174.73
-173.25
-164.15
-161.9
-175.51
-152.97
-164.41
-170.65
-176.98
-166.41
-184.52
-177.59
-178.97
-178.97
-176.29
-164.67
-152.63
-147.77
-141.1
-145.17
-147.6
-153.84
-141.53
-146.73
-141.19
-151.5
-152.63
-159.04
-159.56
-161.38
-170.48
-161.38
-171.09
-167.45
-170.13
-158.52
-159.82
-157.05
-160.6
-169.09
-165.02
-156.35
-167.01
-174.99
-165.19
-172.13
-179.58
-187.55
-189.03
-199.17
-197.87
63.14
61.25
59.35
57.49
55.73
53.7
51.79
50.03
47.97
46.1
44.21
42.32
40.53
38.51
36.63
34.95
32.91
31.02
29.36
27.36
25.57
23.56
21.67
19.86
17.9
16.01
14.25
12.19
10.42
7.85
5.22
2.74
0.04
-2.63
-5.03
-7.79
-10.23
-12.2
-14.15
-15.98
-17.98
-19.82
-21.74
-23.61
-25.44
-27.41
-29.33
-31.06
-33.03
-34.95
-36.77
-38.7
-40.55
-42.46
-44.38
-46.2
-48.17
-50.04
-51.93
-53.83
-55.62
-57.63
-59.52
-61.35
-63.29
-65.23
-67.04
-68.99
-70.81
-72.76
-74.62
-75.23
-75.22
-75.22
-75.24
-75.22
-75.16
-75.25
-75.22
-75.15
-75.24
-75.24
-75.02
-73.73
-71.76
-69.85
-67.89
-66
-64.15
-62.24
-60.4
-58.49
-56.55
-54.71
-52.84
-50.91
-49.07
-47.19
-45.23
-43.43
-41.45
-39.67
-37.73
-35.8
-33.99
-32.14
-30.27
-28.42
-26.39
-24.58
-22.7
-20.73
-18.92
-17.06
-15.08
-13.24
-11.22
-9.17
-6.48
-3.8
-1.34
1.31
3.86
6.46
9.29
11.22
13.15
15.13
16.91
18.79
20.69
22.56
24.59
26.36
28.25
30.18
31.93
33.84
35.72
37.61
39.59
41.34
43.31
45.28
47.03
48.93
50.83
52.74
54.78
56.5
58.41
60.43
62.19
64.09
