154
66
89
193.84
200.85
189.11
213.81
205.86
200.09
215.98
192.99
181.64
209.36
187.79
178.52
193.47
188.83
169.15
172.94
188.83
164.9
161.68
181.36
167.36
160.26
173.6
168.4
164.71
165.84
162.15
179.75
176.63
165.75
182.59
179.84
178.52
156.57
168.87
180.6
185.8
176.25
184.76
183.91
164.42
172.18
176.06
163.85
166.41
180.03
164.61
173.41
182.87
173.03
168.68
192.05
193.37
167.36
184.29
208.22
168.77
171.99
185.05
157.42
159.03
170.86
157.42
153.45
151.65
153.64
142.95
154.68
161.4
159.22
157.99
707.93
828.55
820.88
3.55
1.91
2.51
1.47
5.55
3.99
5.37
6.59
3.64
0.87
-124.8
-152.19
-165.89
-159.47
-156.18
-153.15
-150.63
-157.48
-150.63
-156.09
-162.07
-148.03
-160.77
-154.53
-165.45
-160.08
-174.29
-163.81
-151.33
-166.23
-167.45
-155.92
-160.34
-162.16
-155.05
-160.25
-169.96
-155.66
-155.49
-172.91
-171.78
-163.81
-163.98
-166.41
-164.93
-155.57
-159.39
-150.81
-154.88
-156.7
-156.53
-155.92
-153.15
-152.63
-153.75
-153.06
-163.29
-161.12
-155.57
-158.61
-150.63
-151.76
-157.57
-159.39
-163.55
-155.57
-170.48
-164.24
-163.98
-172.39
-171.69
-158.43
-163.72
-151.07
-159.65
-169.01
-162.77
-161.38
-147.69
-152.45
63.15
61.42
59.36
57.55
55.81
53.75
52
49.96
48.08
46.34
44.28
42.41
40.69
38.65
36.76
34.87
32.99
31.26
29.3
27.46
25.68
23.68
21.78
20.01
18
16.26
14.22
12.32
10.58
8.04
5.41
2.87
0.18
-2.32
-5.01
-7.57
-10.09
-12.17
-14.06
-15.92
-17.82
-19.58
-21.59
-23.47
-25.3
-27.27
-29.17
-31.07
-32.9
-34.7
-36.65
-38.54
-40.39
-42.34
-44.24
-46.12
-48.05
-49.84
-51.79
-53.71
-55.53
-57.48
-59.4
-61.29
-63.15
-64.98
-66.94
-68.82
-70.69
-72.57
-74.48
-75.49
-75.5
-75.4
-75.48
-75.48
-75.4
-75.45
-75.4
-75.5
-75.47
-75.41
-75.24
-73.73
-71.84
-69.88
-67.88
-66.06
-64.17
-62.25
-60.43
-58.52
-56.6
-54.81
-52.81
-50.97
-49.12
-47.14
-45.33
-43.48
-41.48
-39.69
-37.77
-35.91
-34.02
-32.07
-30.33
-28.41
-26.45
-24.62
-22.73
-20.86
-18.96
-16.97
-15.19
-13.25
-11.26
-9.22
-6.55
-4.03
-1.41
1.38
3.84
6.35
9.23
11.21
13.11
15.08
16.87
18.87
20.62
22.52
24.56
26.32
28.24
30.22
31.87
33.91
35.67
37.57
39.56
41.31
43.28
45.19
46.96
49.05
50.81
52.73
54.76
56.47
58.44
60.23
62.16
64.19
