154
66
89
170.95
143.04
156.29
176.53
149.48
147.77
167.54
151.75
128.47
166.6
155.44
129.32
156
146.35
137.55
152.5
161.3
148.72
143.33
161.68
150.14
142.1
163.85
152.41
143.04
164.33
147.2
137.93
165.84
167.07
142.95
144.93
167.54
138.03
147.58
167.73
160.54
134.81
152.12
147.3
136.99
144.74
154.49
150.7
149.85
172.94
142.29
146.64
166.22
161.49
126.77
162.53
166.5
141.81
154.87
160.17
148.06
157.33
147.02
138.03
140.2
156
142.95
140.3
163.48
167.92
135.1
151.56
150.33
144.37
146.26
816.82
761.19
743.21
2.6
3.29
4.59
7.37
3.03
4.85
4.16
4.59
6.33
1.39
-116.4
-155.49
-160.77
-164.85
-147.95
-155.14
-162.51
-152.28
-152.8
-143.61
-144.65
-145.26
-150.37
-148.99
-148.12
-161.73
-150.89
-154.88
-158.61
-150.89
-149.42
-163.89
-152.19
-165.54
-141.62
-154.53
-157.74
-139.71
-151.15
-159.73
-145.43
-156.01
-160.51
-163.81
-168.23
-162.07
-165.63
-162.07
-173.51
-174.29
-150.2
-168.23
-173.77
-151.15
-166.23
-163.63
-160.69
-159.73
-145.17
-154.36
-148.73
-155.14
-149.16
-139.63
-161.55
-153.06
-142.66
-157.13
-151.24
-150.29
-151.07
-161.03
-143.44
-149.51
-160.86
-156.44
-158.52
-172.3
-159.91
-148.21
63.13
61.36
59.36
57.45
55.69
53.66
51.79
50.01
47.99
46.04
44.17
42.32
40.55
38.51
36.62
34.92
32.9
31.11
29.23
27.33
25.53
23.54
21.63
19.86
17.85
16.11
14.06
12.18
10.44
7.85
5.23
2.75
0.06
-2.69
-5.2
-7.78
-10.26
-12.25
-14.19
-16
-17.99
-19.77
-21.76
-23.64
-25.47
-27.42
-29.37
-31.13
-33.03
-34.88
-36.79
-38.72
-40.57
-42.48
-44.42
-46.17
-48.18
-50.1
-51.96
-53.85
-55.67
-57.62
-59.55
-61.35
-63.27
-65.22
-67.08
-69
-70.86
-72.74
-74.65
-75.23
-75.3
-75.2
-75.31
-75.31
-75.21
-75.31
-75.3
-75.2
-75.34
-75.21
-75.11
-73.78
-71.81
-69.83
-67.89
-65.97
-64.11
-62.16
-60.33
-58.44
-56.5
-54.64
-52.74
-50.81
-48.96
-47.06
-45.23
-43.32
-41.36
-39.55
-37.63
-35.64
-33.86
-31.99
-30.17
-28.25
-26.26
-24.41
-22.55
-20.58
-18.79
-16.9
-14.89
-13.06
-11.1
-8.97
-6.31
-3.63
-1.14
1.52
4.1
6.7
9.46
11.35
13.29
15.31
17.04
18.98
20.83
22.74
24.74
26.51
28.4
30.35
32.04
33.99
35.83
37.76
39.76
41.5
43.45
45.42
47.17
49.09
51
52.91
54.98
56.65
58.57
60.6
62.36
64.4
