154
66
89
171.52
176.34
168.87
172.75
174.64
167.36
150.99
162.81
149.76
158.08
163.85
159.22
163.85
169.06
159.41
162.72
164.04
160.45
158.84
157.71
169.63
152.5
162.72
172.46
169.25
171.42
167.26
159.79
158.37
176.44
169.63
162.53
157.89
162.06
159.6
175.21
168.02
148.72
161.77
162.91
163.76
168.87
164.14
157.61
160.07
164.42
167.17
159.12
159.12
155.25
148.53
152.79
160.07
146.64
152.79
154.39
170
157.89
164.61
145.79
154.21
159.6
160.26
154.39
148.25
156.48
152.22
149.1
160.64
160.35
162.53
867.52
806.12
791.37
6.15
6.93
4.94
2.95
3.55
2.08
5.11
3.47
10.31
5.03
-166.58
-176.72
-167.27
-173.95
-164.67
-161.03
-168.92
-165.89
-161.03
-150.72
-173.08
-169.44
-144.74
-155.57
-161.99
-151.5
-145.95
-160.95
-162.25
-161.64
-170.13
-170.31
-155.75
-173.86
-165.54
-154.97
-176.72
-182.53
-152.89
-165.63
-162.85
-160.34
-168.92
-177.24
-174.73
-165.8
-166.06
-155.14
-153.75
-168.92
-158.17
-164.85
-165.28
-158.09
-166.67
-169.09
-172.99
-156.61
-154.79
-168.4
-155.4
-151.15
-166.49
-157.22
-157.31
-166.58
-173.6
-160.51
-157.83
-171.52
-170.57
-142.66
-159.39
-163.2
-146.3
-159.73
-157.65
-140.75
-153.49
-164.5
63.12
61.24
59.33
57.46
55.69
53.66
51.74
50.03
47.97
46.2
44.22
42.3
40.52
38.52
36.62
34.92
32.89
31.02
29.16
27.33
25.55
23.53
21.64
19.88
17.83
16.11
14.1
12.17
10.43
7.82
5.18
2.76
-0.02
-2.52
-5.22
-7.8
-10.25
-12.26
-14.21
-16.03
-17.96
-19.77
-21.74
-23.65
-25.45
-27.44
-29.38
-31.09
-33.1
-34.87
-36.82
-38.73
-40.56
-42.48
-44.41
-46.2
-48.17
-50.09
-51.93
-53.81
-55.69
-57.65
-59.56
-61.36
-63.31
-65.16
-67.09
-69
-70.89
-72.72
-74.64
-75.34
-75.44
-75.34
-75.45
-75.42
-75.34
-75.44
-75.44
-75.33
-75.46
-75.41
-75.17
-73.74
-71.88
-69.82
-67.89
-65.97
-64.12
-62.2
-60.33
-58.44
-56.5
-54.65
-52.78
-50.81
-48.96
-47.03
-45.26
-43.29
-41.34
-39.53
-37.61
-35.67
-33.83
-31.91
-30.16
-28.27
-26.28
-24.42
-22.54
-20.61
-18.78
-16.83
-14.9
-13.07
-11.1
-8.98
-6.32
-3.63
-1.16
1.64
4.08
6.69
9.47
11.38
13.27
15.24
17.04
19.04
20.83
22.74
24.73
26.52
28.38
30.32
32.05
34.1
35.8
37.74
39.71
41.54
43.42
45.37
47.16
49.08
50.98
52.88
54.91
56.65
58.55
60.6
62.31
64.21
