154
66
89
223.87
227.71
229.04
223.96
227.05
222.79
222.37
217.31
202.93
231.88
207.18
197.82
220.67
224.97
201.89
221.85
220.53
218.06
219.96
235.85
220.14
208.98
226.86
200.75
191.86
209.83
197.63
188.36
202.26
186.84
189.68
195.83
197.16
180.03
189.11
205.1
214
198.48
217.5
220.7
218.44
225.06
223.65
215.51
225.25
224.5
221.66
219.2
226.2
211.25
225.35
231.69
223.06
194.13
214.37
219.86
191.67
200.94
212.1
198.86
204.53
217.31
218.16
216.83
212.95
222.89
207.75
223.46
235.09
213.33
230.74
898.93
836.49
830.44
5.29
3.9
6.76
4.68
5.46
3.29
4.85
3.29
-0.09
4.33
-220.14
-191.37
-196.13
-198.13
-186.43
-180.01
-180.97
-185.47
-186.08
-163.72
-164.41
-157.65
-171.87
-178.63
-161.55
-173.43
-190.15
-197.69
-187.81
-196.39
-198.04
-172.39
-190.24
-189.37
-170.74
-180.01
-183.57
-175.85
-171.95
-178.11
-183.74
-178.28
-173.86
-179.84
-163.63
-153.23
-160.08
-163.72
-158.87
-165.02
-167.01
-168.57
-163.46
-168.05
-171.26
-170.83
-186.43
-183.13
-183.74
-194.14
-181.57
-195.44
-200.73
-186.86
-192.93
-200.81
-197.17
-186.6
-203.67
-207.57
-178.71
-190.07
-203.93
-190.5
-192.23
-204.71
-212.95
-190.76
-204.28
-204.37
63.1
61.35
59.32
57.43
55.72
53.69
51.75
49.81
47.94
46.21
44.14
42.27
40.55
38.5
36.6
34.72
32.87
31.09
29.13
27.31
25.52
23.49
21.65
19.71
17.82
16.08
14.05
12.13
10.42
7.77
5.13
2.54
-0.04
-2.54
-5.26
-7.81
-10.27
-12.29
-14.23
-16.02
-18.02
-19.81
-21.77
-23.66
-25.5
-27.49
-29.35
-31.25
-33.09
-34.92
-36.82
-38.74
-40.57
-42.52
-44.43
-46.33
-48.21
-50.03
-51.96
-53.89
-55.69
-57.65
-59.6
-61.44
-63.33
-65.21
-67.12
-68.99
-70.87
-72.77
-74.67
-75.48
-75.51
-75.41
-75.49
-75.52
-75.41
-75.52
-75.5
-75.49
-75.5
-75.41
-75.23
-73.78
-71.88
-69.88
-67.92
-66.06
-64.19
-62.26
-60.44
-58.54
-56.6
-54.78
-52.88
-51.01
-49.12
-47.16
-45.36
-43.49
-41.53
-39.74
-37.79
-35.93
-34.04
-32.09
-30.32
-28.42
-26.44
-24.65
-22.73
-20.87
-18.96
-17
-15.21
-13.3
-11.26
-9.24
-6.55
-4.03
-1.4
1.38
3.82
6.39
9.19
11.16
13.08
15.09
16.83
18.85
20.64
22.5
24.52
26.28
28.21
30.11
31.84
33.8
35.66
37.56
39.53
41.31
43.22
45.21
46.99
49.02
50.79
52.71
54.74
56.44
58.34
60.22
62.13
64.2
