154
66
89
195.12
219.96
195.62
200.8
195.69
221.28
222.79
202.64
198.67
200.09
178.23
167.07
167.54
164.99
148.91
168.3
175.96
160.92
176.25
184.29
178.71
179.56
194.89
193.28
178.23
193.09
185.14
166.41
185.61
198.29
172.37
158.46
186.09
158.84
155.81
165.37
167.64
165.27
175.02
185.33
166.22
192.33
205.95
189.87
207.47
196.3
194.22
223.46
195.19
212.2
198.76
212.58
205.95
166.69
184.38
183.72
147.49
154.77
162.53
143.52
145.12
164.61
175.49
157.8
166.98
178.42
158.75
182.68
188.74
180.03
191.86
817.48
789.1
779.54
7.19
7.02
3.21
7.02
7.97
4.07
4.16
0.26
4.77
2.51
-119.95
-163.37
-165.63
-149.77
-155.05
-151.85
-133.21
-142.92
-130.7
-122.9
-121.25
-131.65
-127.06
-137.29
-149.94
-161.64
-172.13
-178.45
-184.52
-191.02
-196.13
-205.75
-187.55
-182.96
-159.21
-157.13
-166.93
-163.29
-148.47
-145.52
-146.99
-146.3
-139.71
-137.37
-140.84
-124.54
-136.77
-142.83
-147.25
-144.91
-152.97
-156.35
-146.56
-146.91
-152.37
-155.49
-143.87
-167.71
-155.57
-143.61
-144.31
-137.98
-137.03
-129.92
-129.4
-127.58
-132
-138.07
-136.85
-154.19
-171.17
-181.4
-187.55
-201.59
-198.21
-202.29
-201.07
-207.83
-202.89
-191.97
63.07
61.18
59.28
57.43
55.66
53.62
51.72
49.96
47.93
46.02
44.13
42.24
40.48
38.48
36.6
34.85
32.84
30.95
29.13
27.23
25.5
23.51
21.61
19.81
17.8
15.93
14.03
12.13
10.38
7.77
5.09
2.62
-0.1
-2.72
-5.27
-7.87
-10.3
-12.31
-14.25
-16.04
-18.01
-19.89
-21.8
-23.66
-25.51
-27.5
-29.38
-31.16
-33.09
-35.01
-36.89
-38.78
-40.67
-42.58
-44.46
-46.24
-48.24
-50.16
-52
-53.87
-55.72
-57.69
-59.59
-61.42
-63.35
-65.25
-67.16
-69.04
-70.94
-72.82
-74.68
-75.27
-75.27
-75.29
-75.27
-75.3
-75.27
-75.25
-75.27
-75.28
-75.3
-75.3
-75.09
-73.82
-71.88
-69.94
-68.01
-66.07
-64.23
-62.32
-60.43
-58.6
-56.64
-54.78
-52.93
-51.04
-49.15
-47.25
-45.4
-43.53
-41.6
-39.73
-37.8
-35.96
-34.11
-32.16
-30.35
-28.45
-26.52
-24.64
-22.74
-20.89
-18.98
-17.07
-15.21
-13.31
-11.38
-9.28
-6.59
-4.02
-1.46
1.21
3.78
6.35
9.18
11.17
13.1
15.08
16.84
18.72
20.63
22.51
24.54
26.32
28.17
30.13
31.85
33.75
35.64
37.53
39.52
41.27
43.2
45.19
46.92
48.86
50.75
52.7
54.71
56.44
58.34
60.36
62.11
63.99
