154
66
89
164.52
165.75
149.85
157.42
168.3
145.69
149.76
156.38
131.69
146.26
144.84
141.91
140.39
152.41
152.03
142.66
141.24
149.85
140.3
147.3
141.91
138.03
150.04
145.31
143.23
139.35
139.35
142.29
144.37
155.81
145.12
138.6
150.42
156.38
137.55
150.61
159.5
135.76
147.49
149.95
160.54
164.61
171.04
164.23
161.11
166.88
168.21
136.42
133.68
145.79
122.23
129.89
134.24
125.54
135.47
144.65
136.7
134.62
147.3
139.73
136.04
151.27
146.45
140.3
143.99
151.65
136.8
128.47
139.45
137.74
132.64
864.5
815.68
812.18
9.62
4.59
3.12
4.51
3.64
10.83
6.85
3.73
4.51
1.13
-120.21
-186.08
-189.03
-186.6
-191.89
-194.23
-184.26
-196.91
-194.14
-165.71
-168.23
-170.22
-150.72
-158.61
-165.97
-159.91
-161.9
-165.02
-164.07
-174.12
-171.35
-203.41
-195.61
-202.98
-211.82
-199.77
-204.02
-213.21
-198.21
-205.84
-213.81
-198.82
-185.13
-196.48
-199.95
-178.28
-167.36
-172.04
-173.95
-180.97
-186.25
-178.28
-177.5
-179.75
-183.57
-174.99
-193.53
-197.95
-181.75
-195.18
-193.01
-190.07
-189.81
-200.81
-192.06
-187.64
-185.39
-184.35
-178.02
-191.45
-200.03
-173.08
-176.03
-192.32
-188.16
-198.39
-208.7
-200.12
-186.86
-202.29
63.13
61.38
59.31
57.5
55.72
53.69
51.79
50.04
47.97
46.21
44.2
42.3
40.55
38.53
36.65
34.78
32.87
31.18
29.21
27.33
25.58
23.53
21.64
19.73
17.86
16.12
14.12
12.18
10.42
7.87
5.21
2.6
0.02
-2.51
-5.19
-7.76
-10.26
-12.23
-14.18
-16.08
-17.96
-19.81
-21.72
-23.61
-25.46
-27.44
-29.35
-31.21
-33.07
-34.84
-36.79
-38.72
-40.55
-42.47
-44.4
-46.24
-48.17
-50
-51.93
-53.79
-55.65
-57.62
-59.54
-61.42
-63.28
-65.13
-67.1
-68.97
-70.83
-72.79
-74.64
-75.35
-75.42
-75.32
-75.43
-75.43
-75.34
-75.43
-75.44
-75.36
-75.41
-75.33
-75.18
-73.73
-71.8
-69.85
-67.87
-66.03
-64.1
-62.16
-60.3
-58.43
-56.47
-54.62
-52.74
-50.78
-48.97
-46.99
-45.25
-43.31
-41.32
-39.53
-37.59
-35.68
-33.86
-31.91
-30.15
-28.25
-26.26
-24.41
-22.54
-20.69
-18.73
-16.87
-15
-13.06
-11.06
-8.98
-6.3
-3.77
-1.14
1.64
4.15
6.71
9.46
11.42
13.3
15.17
17.1
19.05
20.86
22.68
24.73
26.5
28.39
30.23
32.08
34.11
35.87
37.78
39.73
41.55
43.44
45.23
47.19
49.27
51
52.87
54.95
56.67
58.56
60.44
62.33
64.42
