154
66
89
212.77
185.99
185.33
199.52
192.8
172.27
186.09
201.79
155.25
180.69
203.59
181.07
179.56
198.2
195.83
172.75
200.75
181.74
161.02
175.49
174.83
139.45
165.18
165.84
136.33
153.64
168.87
134.91
152.41
179.75
144.74
141.53
175.4
179.94
149.85
186.75
195.83
159.88
177.95
172.56
153.26
161.87
173.6
151.18
157.42
171.23
150.8
134.53
154.58
160.26
133.68
151.27
153.64
138.5
158.56
173.32
156.1
174.17
169.53
158.75
168.77
184.86
182.87
146.45
177.29
175.3
152.31
156.76
136.51
129.32
138.6
857.97
770.74
750.12
2.95
4.16
5.03
7.45
2.51
3.64
4.25
9.36
5.29
7.11
-131.56
-160.69
-156.53
-156.61
-157.83
-159.65
-163.72
-149.85
-151.15
-154.19
-168.75
-147.69
-140.32
-150.98
-133.82
-153.32
-140.32
-132.78
-143.27
-143.79
-130
-143.44
-137.11
-143.87
-122.55
-148.81
-154.27
-141.79
-146.13
-153.93
-137.2
-159.73
-160.08
-158.43
-160.95
-152.54
-139.54
-146.3
-140.49
-147.34
-132.17
-156.44
-155.75
-131.04
-153.06
-156.18
-144.65
-147.51
-140.49
-153.84
-157.22
-154.01
-162.59
-143.61
-175.77
-171.52
-150.29
-180.19
-165.45
-163.72
-180.71
-163.46
-163.11
-154.36
-166.06
-168.23
-144.31
-178.54
-169.96
-170.39
63.17
61.41
59.36
57.5
55.79
53.69
51.84
49.93
48.01
46.28
44.26
42.31
40.6
38.58
36.69
34.8
32.93
31.14
29.2
27.4
25.59
23.56
21.68
19.72
17.88
16.17
14.14
12.19
10.46
7.9
5.2
2.65
0.07
-2.49
-5.18
-7.7
-10.19
-12.21
-14.16
-15.97
-17.95
-19.7
-21.7
-23.59
-25.43
-27.39
-29.3
-31.08
-32.99
-34.8
-36.74
-38.68
-40.51
-42.43
-44.37
-46.15
-48.11
-49.95
-51.93
-53.79
-55.62
-57.56
-59.49
-61.35
-63.25
-65.11
-67.04
-68.95
-70.8
-72.72
-74.58
-75.14
-75.23
-75.15
-75.25
-75.31
-75.15
-75.24
-75.24
-75.23
-75.24
-75.16
-75.03
-73.7
-71.77
-69.82
-67.87
-65.97
-64.13
-62.18
-60.35
-58.54
-56.55
-54.71
-52.8
-50.95
-49.03
-47.05
-45.28
-43.38
-41.41
-39.61
-37.7
-35.82
-33.95
-32
-30.28
-28.36
-26.33
-24.57
-22.64
-20.8
-18.9
-16.9
-15.14
-13.21
-11.21
-9.08
-6.49
-3.81
-1.31
1.47
3.9
6.53
9.29
11.25
13.15
15.05
16.95
18.93
20.71
22.58
24.6
26.39
28.26
30.11
31.93
33.97
35.71
37.63
39.63
41.37
43.31
45.17
47.03
49.13
50.86
52.77
54.82
56.53
58.45
60.29
62.2
64.27
