154
66
89
202.36
182.3
174.17
203.12
199.33
167.54
189.59
190.25
170.86
185.24
193.66
169.82
168.49
181.64
154.39
170.29
176.91
162.34
158.27
170.67
178.05
156.95
179.09
178.9
160.45
171.71
173.88
157.42
175.49
186.56
179.94
167.54
177.76
166.31
158.94
184.01
191.1
148.62
164.8
167.64
154.87
160.45
166.69
169.63
160.26
171.9
163.85
149.48
151.75
164.33
132.64
159.22
157.14
138.78
153.16
154.96
138.12
152.03
146.83
144.93
140.58
160.26
166.41
150.99
161.58
169.82
140.3
161.02
160.73
151.08
148.72
808.77
804.99
796.66
4.68
7.02
4.68
7.28
0.09
4.16
2.51
3.9
6.41
5.29
-173.77
-174.03
-163.2
-161.73
-163.29
-156.35
-145.95
-159.99
-150.03
-136.94
-146.13
-160.17
-151.07
-150.98
-157.31
-148.81
-152.54
-164.59
-164.33
-162.25
-160.25
-179.15
-161.03
-179.93
-187.29
-159.21
-165.89
-170.57
-158.52
-159.82
-174.73
-161.03
-172.04
-188.94
-195.44
-178.63
-173.77
-185.56
-181.31
-186.34
-202.37
-175.07
-173.69
-190.5
-178.97
-173.43
-201.25
-188.42
-173.43
-185.13
-188.51
-169.09
-169.87
-185.21
-181.4
-174.73
-183.91
-185.73
-187.64
-194.4
-207.83
-179.41
-179.15
-208.01
-192.49
-183.74
-211.73
-187.64
-175.51
-188.59
63.07
61.13
59.29
57.42
55.66
53.59
51.76
49.83
47.9
46
44.14
42.24
40.48
38.49
36.55
34.71
32.83
30.95
29.06
27.27
25.48
23.46
21.56
19.65
17.79
15.95
14.03
12.12
10.36
7.76
5.1
2.64
-0.07
-2.73
-5.34
-7.82
-10.28
-12.34
-14.27
-16.16
-18.06
-19.91
-21.8
-23.68
-25.54
-27.5
-29.39
-31.3
-33.13
-35
-36.89
-38.79
-40.61
-42.56
-44.47
-46.3
-48.3
-50.16
-52.05
-53.88
-55.72
-57.68
-59.62
-61.48
-63.37
-65.26
-67.15
-69.04
-70.89
-72.83
-74.7
-75.47
-75.46
-75.46
-75.47
-75.48
-75.38
-75.47
-75.47
-75.48
-75.46
-75.48
-75.24
-73.77
-71.88
-69.91
-67.94
-66.01
-64.19
-62.24
-60.38
-58.5
-56.54
-54.69
-52.8
-50.91
-49.02
-47.13
-45.28
-43.36
-41.39
-39.6
-37.68
-35.78
-33.93
-32.03
-30.21
-28.32
-26.32
-24.48
-22.58
-20.72
-18.8
-16.92
-15.08
-13.14
-11.14
-9.05
-6.4
-3.89
-1.25
1.43
3.99
6.62
9.39
11.31
13.25
15.21
17.03
18.89
20.75
22.66
24.69
26.45
28.36
30.29
32.01
33.94
35.81
37.7
39.66
41.44
43.35
45.19
47.12
49.07
50.93
52.81
54.87
56.6
58.47
60.36
62.3
64.17
