154
66
89
203.68
179.94
189.11
204.91
183.63
178.05
183.91
168.11
159.03
169.06
165.84
148.62
167.73
168.02
155.62
157.52
161.02
158.08
152.5
157.23
171.71
161.11
172.09
182.87
175.11
174.17
176.25
162.53
173.22
191.38
166.41
160.64
169.82
168.4
156
182.02
193.18
158.46
175.49
166.22
171.04
186.56
187.7
178.52
194.51
202.93
176.63
172.56
173.32
175.87
139.64
144.93
149
142.85
152.12
151.37
156.1
154.3
162.34
148.06
162.44
172.27
168.3
145.41
174.26
166.31
141.43
149.29
165.94
149.76
159.98
783.42
764.03
758.07
3.38
7.97
1.91
8.41
6.59
1.82
6.59
10.49
0.78
0
-172.82
-169.53
-171.69
-160.34
-166.84
-172.21
-168.31
-167.97
-160.69
-167.27
-166.06
-157.31
-153.32
-163.03
-162.33
-148.64
-167.01
-151.5
-175.16
-169.7
-176.11
-198.21
-185.73
-198.91
-196.74
-180.01
-194.66
-180.62
-165.11
-184.35
-176.98
-153.58
-173.17
-175.42
-188.85
-179.75
-173.25
-186.6
-171.87
-181.49
-192.49
-182.44
-195.09
-177.93
-164.59
-178.28
-188.42
-159.3
-153.32
-162.07
-165.11
-142.49
-144.74
-151.33
-143.79
-153.58
-152.02
-158.26
-167.36
-169.01
-187.64
-175.77
-179.67
-197.95
-200.12
-198.13
-203.93
-184.95
-182.18
-177.93
63.12
61.23
59.33
57.47
55.57
53.69
51.78
50.02
47.97
46.09
44.32
42.31
40.41
38.52
36.65
34.92
32.87
30.99
29.15
27.31
25.44
23.54
21.65
19.88
17.85
16
14.08
12.17
10.3
7.82
5.18
2.68
0.03
-2.66
-5.22
-7.82
-10.33
-12.26
-14.18
-16.01
-17.98
-19.85
-21.75
-23.61
-25.56
-27.44
-29.32
-31.14
-33.06
-34.96
-36.82
-38.72
-40.62
-42.52
-44.39
-46.2
-48.17
-50.09
-51.95
-53.85
-55.71
-57.62
-59.52
-61.37
-63.31
-65.19
-67.1
-68.98
-70.87
-72.75
-74.66
-75.24
-75.35
-75.34
-75.34
-75.34
-75.34
-75.37
-75.36
-75.26
-75.36
-75.33
-75.13
-73.74
-71.88
-69.82
-67.85
-65.95
-64.09
-62.2
-60.35
-58.43
-56.55
-54.61
-52.85
-50.81
-48.96
-47.08
-45.22
-43.28
-41.42
-39.56
-37.62
-35.67
-33.88
-32.01
-30.08
-28.26
-26.35
-24.42
-22.55
-20.62
-18.77
-16.87
-14.93
-13.05
-11.16
-8.99
-6.33
-3.62
-1.14
1.47
4.25
6.7
9.32
11.38
13.28
15.31
17.09
18.91
20.96
22.74
24.62
26.51
28.4
30.32
32.05
33.99
35.87
37.76
39.62
41.53
43.42
45.42
47.17
49.08
51.01
52.88
54.76
56.63
58.56
60.61
62.38
64.25
