154
66
89
180.41
175.68
177.95
196.3
184.01
178.99
178.61
187.51
166.31
191.01
191.38
165.75
173.98
187.6
187.98
164.71
184.19
182.3
164.52
179.46
183.53
158.84
177.86
193.37
172.56
174.07
189.21
197.53
170.19
178.33
206.33
172.27
188.17
193.37
180.13
184.48
193.75
192.14
179.28
192.8
196.68
160.92
177.48
205.58
170.29
177.57
212.58
185.42
176.72
193.37
189.59
186.37
193.56
172.09
160.64
180.41
182.97
153.64
167.92
202.45
161.3
167.36
179.46
190.16
168.3
185.8
189.02
162.34
179.56
165.18
151.46
575.29
834.79
830.82
5.98
7.28
4.51
6.15
2.77
3.73
4.94
4.07
4.59
3.12
-234.79
-202.37
-202.63
-206.62
-207.05
-215.2
-186.86
-211.73
-211.65
-171.95
-194.14
-227.94
-187.03
-190.93
-192.32
-211.3
-200.47
-203.41
-208.87
-206.53
-212.08
-206.01
-179.75
-200.47
-207.83
-170.74
-189.98
-201.25
-200.38
-196.57
-212.95
-220.2
-213.29
-219.34
-219.53
-218.93
-219.73
-218.51
-206.19
-219.36
-220.57
-204.54
-193.53
-192.06
-224.04
-196.13
-206.45
-226.56
-211.99
-211.39
-225.43
-203.76
-219.88
-218.23
-204.71
-204.11
-199.34
-218.32
-200.55
-203.07
-217.08
-226.82
-223.26
-217.89
-214.25
-217.13
-221.7
-221.7
-229.94
-217.89
63.19
61.31
59.42
57.57
55.82
53.79
51.88
50.16
48.1
46.2
44.47
42.44
40.71
38.67
36.78
35.02
33.05
31.12
29.42
27.5
25.7
23.69
21.8
20.05
18.01
16.13
14.28
12.36
10.59
8.06
5.44
2.76
0.25
-2.38
-4.98
-7.57
-10.07
-12.1
-14.02
-15.79
-17.8
-19.69
-21.6
-23.44
-25.27
-27.27
-29.15
-30.96
-32.89
-34.77
-36.63
-38.56
-40.35
-42.31
-44.25
-46.01
-48
-49.91
-51.77
-53.66
-55.52
-57.47
-59.35
-61.2
-63.14
-65
-66.92
-68.82
-70.66
-72.58
-74.47
-75.57
-75.59
-75.59
-75.57
-75.59
-75.47
-75.58
-75.61
-75.51
-75.58
-75.56
-75.31
-73.68
-71.8
-69.86
-67.9
-66.01
-64.16
-62.26
-60.41
-58.52
-56.57
-54.73
-52.84
-50.98
-49.09
-47.19
-45.29
-43.42
-41.46
-39.7
-37.76
-35.91
-34.01
-32.14
-30.21
-28.41
-26.43
-24.58
-22.71
-20.8
-18.9
-17.05
-15.1
-13.25
-11.26
-9.21
-6.56
-3.81
-1.4
1.26
3.85
6.44
9.22
11.26
13.11
15.14
16.88
18.8
20.67
22.54
24.57
26.37
28.23
30.21
31.9
33.83
35.82
37.6
39.56
41.36
43.26
45.24
46.98
48.93
50.8
52.74
54.64
56.47
58.43
60.44
62.15
64.11
