154
66
89
188.26
180.22
171.61
191.2
182.21
158.75
172.46
168.68
153.35
162.72
166.88
166.22
162.91
172.75
179.84
156.95
176.25
177.1
168.3
173.98
194.89
171.9
183.44
185.8
174.83
171.99
186.75
179.56
162.91
191.29
185.71
153.73
176.91
169.25
174.83
184.57
193.94
181.26
193.56
179.28
187.03
188.83
186.09
184.67
179.18
180.6
185.42
164.52
177.19
179.75
155.72
163.85
170.48
167.36
150.89
160.64
181.07
166.88
165.18
163.95
164.42
175.02
179.65
157.23
173.13
176.53
171.9
163.57
175.02
170.95
162.91
854.56
811.23
808.77
5.03
3.99
2.77
5.81
2.69
6.85
5.89
1.99
3.81
3.12
-126.8
-167.53
-171.52
-158.52
-164.5
-165.89
-159.91
-158.87
-150.2
-147.6
-151.5
-156.61
-149.59
-146.47
-164.76
-147.43
-146.65
-151.33
-175.42
-159.39
-164.59
-166.06
-156.96
-169.27
-170.22
-165.45
-172.13
-169.35
-160.34
-179.32
-162.51
-174.12
-176.29
-182.7
-167.45
-158.61
-162.85
-184.52
-165.19
-163.89
-183.13
-163.63
-153.15
-164.85
-187.47
-161.73
-174.03
-179.32
-164.15
-173.95
-184.09
-159.04
-167.45
-168.92
-152.54
-149.42
-177.41
-162.16
-153.32
-149.59
-168.23
-152.19
-155.14
-169.79
-154.36
-158.35
-182.35
-181.4
-173.95
-175.68
63.13
61.21
59.31
57.42
55.69
53.67
51.78
50
47.96
46.07
44.18
42.27
40.51
38.54
36.64
34.9
32.88
30.99
29.26
27.3
25.53
23.5
21.61
19.83
17.84
15.93
14.07
12.16
10.42
7.8
5.2
2.72
-0.03
-2.7
-5.13
-7.8
-10.29
-12.28
-14.2
-16.04
-17.98
-19.9
-21.68
-23.64
-25.48
-27.47
-29.35
-31.16
-33.08
-34.96
-36.8
-38.75
-40.56
-42.51
-44.46
-46.23
-48.17
-50.1
-51.95
-53.85
-55.68
-57.66
-59.58
-61.38
-63.34
-65.22
-67.11
-69.03
-70.9
-72.77
-74.67
-75.14
-75.24
-75.27
-75.24
-75.25
-75.14
-75.25
-75.21
-75.13
-75.25
-75.26
-75.02
-73.78
-71.85
-69.88
-67.92
-65.99
-64.14
-62.23
-60.34
-58.48
-56.51
-54.64
-52.78
-50.82
-49
-47.08
-45.26
-43.31
-41.36
-39.6
-37.62
-35.69
-33.87
-31.92
-30.16
-28.26
-26.3
-24.46
-22.58
-20.64
-18.78
-16.91
-15.02
-13.07
-11.1
-9.02
-6.34
-3.63
-1.18
1.45
4.06
6.65
9.4
11.37
13.28
15.24
17.06
18.92
20.83
22.71
24.71
26.49
28.35
30.33
32.05
34.08
35.86
37.74
39.63
41.5
43.36
45.39
47.15
49.22
50.98
52.88
54.92
56.65
58.53
60.58
62.32
64.21
