154
66
89
183.44
192.05
164.33
167.07
187.13
158.27
164.61
161.58
147.68
157.61
156.19
147.68
145.88
157.71
155.15
143.14
148.91
150.61
149.29
160.35
164.23
147.77
154.68
177.95
160.54
152.98
168.11
153.64
155.81
174.73
174.73
151.65
161.87
171.61
152.12
166.98
183.15
177.57
161.96
168.11
165.75
163.95
177.57
184.38
177.1
173.22
184.86
155.25
163.95
163.38
148.25
153.73
155.53
142.57
154.87
154.39
153.54
146.92
152.6
156.48
138.03
154.11
161.4
152.88
155.81
166.13
162.53
142.29
156.19
146.35
144.84
788.24
818.14
811.99
5.72
7.89
4.94
7.28
-0.26
8.58
4.77
1.3
3.03
0.26
-125.32
-171.35
-157.39
-146.65
-145.17
-162.07
-154.88
-157.05
-170.65
-141.53
-147.6
-166.32
-146.39
-141.88
-154.97
-150.63
-141.62
-142.23
-153.15
-153.06
-154.36
-176.11
-165.89
-174.38
-191.28
-177.07
-169.7
-177.15
-161.38
-159.82
-161.99
-160.25
-159.3
-170.74
-179.23
-163.03
-154.71
-166.23
-166.06
-163.63
-168.75
-160.77
-162.33
-155.14
-170.83
-160.51
-171.78
-162.77
-155.92
-155.23
-160.77
-149.68
-147.17
-149.77
-142.05
-143.44
-149.59
-156.53
-145.09
-153.23
-171.69
-151.93
-161.99
-167.88
-162.59
-161.81
-178.37
-163.46
-158.52
-174.38
63.17
61.28
59.35
57.5
55.76
53.68
51.79
50.07
48
46.15
44.38
42.34
40.58
38.55
36.65
34.9
32.89
31.03
29.23
27.36
25.59
23.57
21.69
19.91
17.89
16.02
14.12
12.22
10.46
7.89
5.2
2.78
0.05
-2.62
-5.17
-7.76
-10.19
-12.24
-14.17
-15.98
-17.94
-19.84
-21.71
-23.6
-25.54
-27.4
-29.3
-31.13
-33.04
-34.9
-36.83
-38.68
-40.51
-42.44
-44.36
-46.17
-48.15
-50.07
-51.93
-53.79
-55.64
-57.59
-59.52
-61.32
-63.29
-65.18
-67.06
-68.95
-70.83
-72.74
-74.6
-75.42
-75.53
-75.51
-75.45
-75.5
-75.45
-75.54
-75.54
-75.42
-75.54
-75.54
-75.19
-73.7
-71.77
-69.81
-67.85
-65.93
-64.06
-62.19
-60.23
-58.41
-56.46
-54.61
-52.75
-50.78
-48.92
-47.03
-45.16
-43.26
-41.36
-39.51
-37.57
-35.63
-33.85
-31.98
-30.17
-28.24
-26.27
-24.41
-22.55
-20.57
-18.74
-16.87
-14.97
-13.03
-11.14
-8.91
-6.3
-3.58
-1.1
1.52
4.1
6.75
9.5
11.42
13.31
15.31
17.07
18.97
20.87
22.78
24.76
26.55
28.43
30.38
32.11
34.01
35.86
37.79
39.71
41.55
43.49
45.43
47.21
49.14
51.03
52.91
54.97
56.67
58.59
60.64
62.39
64.26
