154
66
89
195.64
194.89
166.88
195.55
186.28
163.95
195.55
180.51
143.61
174.92
176.44
165.18
152.98
170.19
162.34
152.88
168.77
163.67
144.74
158.84
156
145.12
166.79
157.33
161.87
162.81
183.82
173.98
164.61
200.28
179.56
161.87
198.57
198.57
167.45
187.13
200.09
187.13
188.64
184.76
183.06
162.44
174.73
173.5
159.88
175.02
179.56
141.24
162.44
166.5
146.73
167.07
176.15
161.68
164.04
181.45
175.96
157.89
176.15
172.27
171.14
166.79
189.11
179.75
176.44
181.55
162.34
148.81
172.46
163
161.4
706.7
811.23
802.53
4.07
5.29
5.11
4.07
4.16
10.49
4.51
3.47
3.99
-0.61
-155.75
-159.73
-152.54
-152.02
-154.71
-162.77
-156.53
-181.66
-149.42
-153.41
-172.82
-152.19
-130.61
-133.99
-142.05
-132.52
-143.61
-135.47
-146.3
-141.97
-134.6
-157.13
-135.81
-147.6
-166.06
-144.65
-166.06
-154.71
-149.51
-167.19
-177.33
-158.09
-168.66
-176.46
-173.95
-162.68
-168.75
-170.05
-150.63
-172.13
-159.13
-144.83
-158.09
-141.45
-146.39
-153.15
-159.04
-147.17
-140.15
-154.1
-160.86
-139.54
-151.24
-152.54
-143.27
-147.17
-151.59
-155.31
-148.38
-154.1
-146.04
-137.89
-145.95
-153.67
-143.96
-151.15
-157.22
-129.57
-149.25
-152.97
63.22
61.48
59.38
57.55
55.79
53.75
51.85
49.91
48.01
46.29
44.27
42.36
40.61
38.6
36.7
34.79
32.96
31.2
29.22
27.37
25.62
23.57
21.74
19.78
17.92
16.17
14.16
12.22
10.52
7.9
5.28
2.66
0.09
-2.44
-5.16
-7.71
-10.16
-12.19
-14.16
-16.03
-17.88
-19.71
-21.68
-23.57
-25.4
-27.37
-29.3
-31.18
-32.96
-34.81
-36.77
-38.65
-40.51
-42.44
-44.34
-46.21
-48.12
-49.96
-51.93
-53.78
-55.59
-57.61
-59.48
-61.4
-63.24
-65.1
-67.03
-68.94
-70.77
-72.67
-74.56
-75.48
-75.56
-75.48
-75.57
-75.59
-75.44
-75.58
-75.6
-75.49
-75.57
-75.49
-75.3
-73.63
-71.75
-69.77
-67.82
-65.95
-64.07
-62.1
-60.26
-58.39
-56.43
-54.6
-52.71
-50.81
-48.91
-46.94
-45.17
-43.23
-41.28
-39.5
-37.53
-35.68
-33.79
-31.87
-30.08
-28.18
-26.22
-24.4
-22.5
-20.63
-18.7
-16.73
-14.95
-13
-11.04
-8.87
-6.21
-3.71
-1.05
1.74
4.19
6.8
9.54
11.45
13.34
15.32
17.1
19.1
20.89
22.79
24.8
26.59
28.45
30.42
32.14
34.15
35.93
37.81
39.8
41.6
43.48
45.48
47.24
49.29
51.08
52.98
55
56.72
58.64
60.67
62.4
64.43
