154
66
89
205.29
199.24
203.68
179.94
200.85
187.03
197.16
185.8
171.8
181.83
166.13
139.35
152.22
157.8
138.88
152.98
169.82
158.75
152.03
160.45
158.65
151.46
170.86
173.69
153.35
173.69
175.11
147.39
168.3
176.53
160.73
142.19
178.52
156.76
141.24
160.73
163
150.89
158.46
175.11
150.23
168.77
185.33
163.48
173.03
169.34
165.46
172.75
197.63
184.76
167.26
179.56
185.33
145.5
150.99
161.49
125.92
129.23
143.52
132.92
133.58
142.29
153.54
137.27
149.19
157.23
139.92
144.74
159.98
154.3
158.94
813.98
807.35
794.2
5.2
4.94
4.85
6.85
9.97
3.21
4.59
0.35
6.33
7.89
-108.51
-142.4
-141.62
-129.4
-134.51
-133.65
-118.56
-131.82
-128.01
-130.18
-129.14
-135.55
-136.51
-134.95
-143.79
-144.22
-150.72
-152.71
-147.17
-150.55
-154.79
-156.35
-146.73
-143.7
-136.68
-137.81
-150.89
-142.4
-135.64
-139.28
-149.59
-142.92
-143.18
-140.15
-147.08
-128.79
-147.43
-137.55
-151.07
-150.03
-153.84
-140.06
-140.75
-142.57
-153.15
-149.94
-142.23
-154.62
-144.05
-128.1
-138.59
-135.47
-136.68
-127.75
-127.84
-126.54
-128.7
-135.99
-141.19
-149.42
-158.52
-162.16
-157.31
-163.29
-163.46
-164.24
-166.15
-161.29
-166.41
-150.81
63.1
61.21
59.48
57.45
55.5
53.64
51.73
49.99
47.96
46.04
44.15
42.25
40.36
38.52
36.6
34.9
32.86
30.99
29.14
27.28
25.4
23.51
21.63
19.82
17.82
15.96
14.06
12.14
10.29
7.8
5.11
2.68
-0.04
-2.71
-5.24
-7.83
-10.4
-12.29
-14.22
-16.02
-18.02
-19.87
-21.76
-23.65
-25.57
-27.48
-29.37
-31.14
-33.07
-34.96
-36.82
-38.77
-40.65
-42.55
-44.47
-46.23
-48.22
-50.11
-51.98
-53.86
-55.76
-57.63
-59.56
-61.38
-63.37
-65.21
-67.12
-69
-70.93
-72.79
-74.68
-75.37
-75.44
-75.43
-75.47
-75.44
-75.45
-75.44
-75.46
-75.37
-75.47
-75.46
-75.24
-73.77
-71.84
-69.85
-67.92
-66
-64.16
-62.28
-60.43
-58.51
-56.67
-54.79
-52.88
-50.97
-49.11
-47.21
-45.38
-43.47
-41.57
-39.72
-37.77
-35.83
-34.04
-32.16
-30.31
-28.44
-26.53
-24.61
-22.73
-20.78
-18.96
-17.07
-15.21
-13.28
-11.37
-9.23
-6.59
-3.91
-1.43
1.24
3.8
6.42
9.03
11.19
13.1
15.1
16.87
18.75
20.76
22.53
24.42
26.35
28.21
30.16
31.87
33.82
35.79
37.56
39.41
41.32
43.24
45.24
46.98
48.92
50.94
52.73
54.6
56.46
58.37
60.4
62.13
64.04
