154
66
89
173.88
177.19
169.44
168.68
181.36
166.31
164.42
174.36
173.6
159.69
176.25
162.15
155.25
181.17
173.13
162.53
169.91
175.96
161.21
171.23
176.72
169.82
169.06
175.78
181.55
174.92
183.34
182.4
181.07
188.45
184.29
175.78
184.95
178.9
174.26
190.82
187.51
173.98
157.14
178.42
178.61
162.72
170.86
161.96
150.61
155.25
170.38
142.85
162.15
166.98
161.49
164.99
160.64
169.25
166.88
173.6
158.94
168.87
179.37
166.69
164.23
175.3
175.02
154.02
151.56
160.73
155.91
148.62
162.63
150.42
144.18
701.87
809.15
800.54
5.81
1.47
0.17
4.68
3.12
5.55
0.35
2.86
7.28
3.81
-148.73
-180.53
-183.83
-182.27
-182.7
-200.12
-190.76
-210.43
-202.72
-199.17
-216.93
-214.16
-191.45
-203.5
-198.21
-187.55
-176.11
-169.27
-173.69
-157.31
-158.95
-171.43
-149.07
-170.31
-180.1
-159.21
-184.43
-201.16
-183.31
-203.24
-214.25
-203.24
-211.39
-199.84
-202.39
-217.19
-215.29
-212.86
-186.6
-197.95
-187.99
-180.1
-187.12
-185.73
-177.59
-178.19
-196.31
-179.93
-158.87
-181.92
-192.67
-164.07
-182.35
-194.83
-176.89
-180.45
-197.17
-204.97
-178.02
-189.89
-199.08
-185.39
-189.03
-196.57
-161.99
-165.97
-182.61
-162.94
-154.79
-183.13
63.24
61.36
59.57
57.55
55.86
53.77
51.87
50.16
48.09
46.2
44.3
42.44
40.66
38.64
36.75
35
32.99
31.13
29.26
27.44
25.66
23.64
21.77
19.99
17.98
16.09
14.2
12.29
10.53
8.01
5.35
2.85
0.2
-2.48
-5.04
-7.64
-10.14
-12.16
-14.1
-15.87
-17.85
-19.77
-21.65
-23.49
-25.37
-27.31
-29.22
-31.01
-32.96
-34.81
-36.69
-38.57
-40.43
-42.37
-44.29
-46.08
-48.06
-49.95
-51.83
-53.72
-55.55
-57.51
-59.42
-61.25
-63.2
-65.07
-66.99
-68.86
-70.72
-72.64
-74.51
-75.44
-75.54
-75.53
-75.51
-75.54
-75.44
-75.55
-75.53
-75.45
-75.53
-75.44
-75.28
-73.9
-71.99
-70.05
-68.11
-66.16
-64.33
-62.45
-60.57
-58.68
-56.7
-54.89
-52.98
-51.02
-49.19
-47.31
-45.42
-43.52
-41.56
-39.77
-37.83
-35.91
-34.08
-32.21
-30.37
-28.47
-26.49
-24.67
-22.78
-20.84
-18.98
-17.11
-15.17
-13.3
-11.32
-9.31
-6.65
-3.91
-1.46
1.17
3.97
6.35
9.16
11.15
13.07
15.05
16.85
18.73
20.72
22.49
24.52
26.28
28.17
30.13
31.84
33.75
35.64
37.55
39.53
41.32
43.19
45.2
46.92
48.88
50.75
52.7
54.74
56.44
58.33
60.37
62.14
63.99
