154
66
89
194.32
194.89
201.6
200.56
191.86
189.87
188.55
176.82
175.3
197.34
190.91
158.75
161.87
172.75
147.77
168.49
192.24
170.86
188.17
197.91
189.3
173.5
193.84
179.84
169.34
162.81
168.11
157.42
166.31
165.65
181.45
164.71
182.02
185.05
167.64
177.86
170.48
154.96
175.59
171.52
155.91
163.19
162.53
169.44
165.27
172.18
181.83
171.14
185.52
192.24
181.07
202.26
196.21
171.04
172.65
179.75
153.64
142.1
167.73
176.63
143.7
154.3
153.07
152.6
178.23
187.88
170.86
183.53
180.41
163
160.26
819.56
824.29
813.88
4.07
3.47
5.29
7.37
3.29
6.67
8.41
6.33
6.41
2.43
-171.78
-185.99
-170.39
-170.39
-180.45
-172.82
-145.61
-163.89
-169.87
-141.62
-145.52
-180.45
-147.69
-154.1
-164.76
-183.48
-163.72
-178.02
-190.33
-173.86
-184.26
-175.51
-149.94
-167.45
-176.11
-145.87
-157.22
-162.42
-167.71
-154.1
-167.1
-177.33
-157.57
-161.12
-192.23
-160.43
-182.09
-183.39
-144.74
-160.51
-174.47
-171
-160.25
-165.37
-173.34
-158.17
-175.59
-188.68
-172.91
-179.15
-192.49
-172.91
-171.87
-167.45
-151.07
-147.69
-157.91
-180.45
-153.41
-168.4
-189.89
-183.48
-174.12
-195.61
-166.84
-192.67
-197.95
-182.96
-193.53
-187.29
63.14
61.25
59.36
57.49
55.57
53.69
51.77
50.04
48
46.1
44.21
42.3
40.42
38.55
36.65
34.92
32.92
31.03
29.2
27.37
25.43
23.51
21.68
19.86
17.88
16
14.11
12.19
10.35
7.88
5.24
2.79
0.09
-2.63
-5.18
-7.81
-10.33
-12.26
-14.15
-15.97
-17.98
-19.84
-21.74
-23.6
-25.54
-27.4
-29.3
-31.13
-33.03
-34.93
-36.82
-38.68
-40.57
-42.44
-44.37
-46.18
-48.17
-50.09
-51.96
-53.81
-55.72
-57.62
-59.52
-61.35
-63.27
-65.16
-67.06
-69
-70.89
-72.74
-74.65
-75.26
-75.37
-75.37
-75.34
-75.36
-75.26
-75.37
-75.34
-75.27
-75.32
-75.36
-75.1
-73.71
-71.81
-69.84
-67.84
-65.99
-64.16
-62.24
-60.36
-58.5
-56.64
-54.68
-52.84
-50.92
-49.05
-47.17
-45.32
-43.46
-41.49
-39.67
-37.73
-35.8
-33.97
-32.11
-30.25
-28.37
-26.5
-24.56
-22.66
-20.75
-18.94
-17.01
-15.16
-13.26
-11.31
-9.15
-6.52
-3.81
-1.36
1.3
3.96
6.49
9.11
11.24
13.15
15.12
16.9
18.8
20.69
22.55
24.48
26.35
28.25
30.21
31.91
33.85
35.7
37.61
39.45
41.34
43.29
45.26
47.02
48.94
50.84
52.75
54.67
56.5
58.43
60.43
62.19
64.09
