154
66
89
168.4
178.8
171.33
186.56
190.44
165.84
180.88
187.51
168.02
176.44
173.13
171.33
169.63
162.15
173.69
153.64
160.17
175.11
143.7
150.42
166.13
143.52
159.31
170.19
170.86
168.96
170.76
160.26
170.1
179.09
191.57
164.14
170.38
174.73
156.1
192.14
194.98
189.3
175.21
172.37
168.4
170.1
169.53
169.72
163.76
165.27
180.88
158.46
165.08
164.33
172.09
161.21
156.57
162.81
158.75
163.95
161.58
163.57
168.4
164.61
163.85
174.36
175.02
162.63
155.72
154.21
151.56
147.77
152.69
153.07
153.07
529.5
815.21
806.03
5.81
3.47
8.84
5.98
3.81
4.85
5.2
4.16
2.51
-3.47
-138.07
-144.39
-157.39
-145.95
-142.4
-148.99
-152.8
-156.01
-146.65
-143.35
-144.74
-149.77
-140.93
-143.27
-149.42
-128.88
-134.25
-141.27
-139.28
-140.15
-146.56
-150.72
-143.53
-147.77
-150.98
-152.28
-140.75
-150.29
-138.85
-143.35
-146.04
-151.85
-160.77
-173.86
-184.26
-165.28
-152.45
-154.36
-154.36
-156.96
-158
-148.12
-140.67
-144.57
-155.05
-146.04
-151.41
-151.59
-132.08
-135.99
-164.67
-151.93
-153.32
-149.77
-152.89
-152.63
-153.67
-155.31
-151.85
-147.25
-163.81
-169.79
-162.94
-180.27
-169.35
-166.23
-169.09
-152.97
-149.59
-144.31
63.21
61.33
59.4
57.59
55.84
53.76
51.89
50.15
48.06
46.19
44.3
42.43
40.64
38.62
36.75
35
33.01
31.1
29.42
27.36
25.5
23.63
21.74
20.01
17.98
16.09
14.28
12.29
10.53
7.95
5.35
2.87
0.16
-2.52
-5.02
-7.64
-10.16
-12.15
-14.12
-15.87
-17.88
-19.76
-21.65
-23.5
-25.35
-27.31
-29.17
-31.04
-32.93
-34.83
-36.7
-38.65
-40.42
-42.35
-44.31
-46.1
-48.05
-49.96
-51.85
-53.72
-55.58
-57.52
-59.43
-61.27
-63.21
-65.11
-66.98
-68.88
-70.74
-72.64
-74.52
-75.54
-75.64
-75.68
-75.61
-75.63
-75.58
-75.64
-75.63
-75.56
-75.64
-75.68
-75.34
-73.76
-71.88
-69.89
-67.95
-66.08
-64.16
-62.26
-60.4
-58.5
-56.6
-54.71
-52.81
-50.87
-49.03
-47.1
-45.29
-43.36
-41.39
-39.61
-37.65
-35.71
-33.91
-32.03
-30.22
-28.31
-26.32
-24.5
-22.6
-20.69
-18.83
-16.86
-15.09
-13.13
-11.15
-9.07
-6.36
-3.7
-1.23
1.36
4.02
6.6
9.36
11.31
13.21
15.21
16.99
18.9
20.92
22.7
24.69
26.45
28.35
30.21
31.98
33.91
35.94
37.73
39.67
41.44
43.36
45.37
47.08
49.04
51.1
52.84
54.88
56.6
58.49
60.53
62.29
64.2
