154
66
89
220.62
203.21
190.73
190.66
199.43
198.95
192.24
178.9
174.36
176.63
168.3
156.48
163.19
147.77
152.12
155.62
165.08
175.11
179.37
197.91
187.88
160.07
170.95
170.67
151.93
155.62
155.25
156.29
169.63
173.88
172.09
156.76
175.49
182.59
178.99
186.28
183.91
165.08
191.67
187.13
177.86
171.23
179.84
177.57
173.69
180.51
191.38
189.87
195.17
182.02
186.56
206.81
210.97
163.38
181.36
182.87
171.99
171.14
182.02
200.75
183.72
195.45
186.09
171.8
184.76
203.49
189.02
194.51
204.06
174.45
183.53
883.61
831.29
822.21
2.08
3.12
4.25
3.9
3.99
9.62
7.28
1.99
4.85
7.45
-162.16
-159.82
-155.14
-152.02
-156.96
-143.79
-140.41
-160.25
-158.26
-150.89
-150.29
-176.72
-148.64
-150.03
-151.07
-153.84
-156.79
-155.14
-142.14
-147.43
-154.53
-145.43
-133.82
-153.23
-143.7
-137.37
-133.73
-154.97
-139.8
-146.82
-150.55
-156.27
-148.55
-153.32
-161.64
-144.74
-153.32
-142.92
-134.69
-142.31
-154.36
-149.42
-140.15
-137.98
-144.39
-137.89
-145
-145.78
-150.89
-157.48
-150.72
-137.11
-134.77
-140.58
-129.14
-134.6
-127.75
-137.89
-141.1
-147.08
-144.39
-146.04
-149.16
-158.78
-151.41
-163.03
-179.23
-169.96
-176.37
-165.11
63.15
61.25
59.39
57.53
55.65
53.74
51.86
50.16
48.07
46.21
44.3
42.42
40.53
38.62
36.79
35.05
33.07
31.16
29.31
27.48
25.6
23.67
21.81
20.02
18.01
16.12
14.23
12.33
10.49
8.06
5.45
2.97
0.19
-2.42
-5.01
-7.58
-10.18
-12.11
-14.02
-15.82
-17.82
-19.68
-21.61
-23.44
-25.37
-27.28
-29.12
-30.93
-32.89
-34.79
-36.64
-38.54
-40.46
-42.35
-44.23
-46.03
-48.04
-49.9
-51.78
-53.62
-55.58
-57.49
-59.37
-61.19
-63.12
-65.01
-66.91
-68.87
-70.75
-72.6
-74.49
-75.47
-75.55
-75.54
-75.53
-75.54
-75.55
-75.55
-75.54
-75.44
-75.54
-75.54
-75.3
-73.68
-71.84
-69.85
-67.92
-65.99
-64.17
-62.27
-60.41
-58.52
-56.6
-54.74
-52.84
-50.93
-49.12
-47.19
-45.38
-43.44
-41.56
-39.67
-37.76
-35.81
-34.01
-32.11
-30.29
-28.42
-26.49
-24.59
-22.7
-20.78
-18.93
-17.03
-15.17
-13.24
-11.25
-9.18
-6.53
-3.87
-1.4
1.27
3.86
6.42
9.07
11.2
13.11
15.12
16.89
18.82
20.67
22.56
24.45
26.33
28.25
30.21
31.91
33.8
35.71
37.59
39.46
41.32
43.27
45.26
47
48.95
50.81
52.74
54.61
56.49
58.39
60.42
62.17
64.08
