154
66
89
192.68
190.46
205.1
206.81
197.72
179.18
174.73
181.64
149.48
157.8
174.36
153.73
159.79
169.53
180.88
169.25
180.51
175.59
171.61
178.61
196.97
173.41
180.6
192.8
170.38
179.94
179.28
180.88
184.19
199.71
200.56
169.53
182.97
175.21
175.3
194.41
211.16
177.1
190.25
179.56
177.86
192.71
192.99
193.84
171.52
186.75
191.48
166.98
169.34
169.63
146.35
166.98
161.4
138.12
162.44
168.02
170.29
166.13
166.79
178.9
174.73
187.98
186.94
172.56
189.4
191.67
153.16
158.94
164.9
156.85
158.94
824.67
819.56
820.41
3.03
4.94
7.8
5.03
1.73
2.25
3.21
4.85
5.03
3.81
-164.24
-158.95
-159.04
-160.25
-162.68
-171.95
-178.89
-172.04
-172.82
-164.41
-161.47
-149.85
-137.55
-151.76
-149.42
-126.97
-133.21
-130.61
-153.75
-142.4
-131.74
-162.33
-163.55
-167.71
-179.06
-167.97
-177.76
-191.02
-162.85
-176.98
-174.81
-167.53
-168.49
-173.25
-187.38
-168.92
-155.23
-167.27
-155.14
-169.09
-183.65
-164.33
-175.77
-167.71
-161.64
-165.97
-171.78
-173.34
-155.4
-161.38
-172.39
-151.07
-152.28
-153.49
-139.97
-158.35
-162.07
-138.07
-141.71
-148.21
-154.01
-147.86
-146.3
-173.95
-167.88
-184.95
-186.51
-193.01
-206.88
-178.2
63.12
61.25
59.42
57.47
55.56
53.69
51.73
50.06
47.95
46.07
44.31
42.33
40.42
38.54
36.67
34.91
32.86
31
29.17
27.34
25.47
23.55
21.63
19.89
17.86
16.01
14.1
12.18
10.33
7.88
5.2
2.75
-0.01
-2.65
-5.04
-7.8
-10.33
-12.26
-14.2
-15.98
-17.96
-19.84
-21.74
-23.59
-25.57
-27.44
-29.3
-31.13
-33.09
-34.93
-36.82
-38.73
-40.64
-42.5
-44.39
-46.19
-48.15
-50.09
-51.9
-53.78
-55.72
-57.62
-59.52
-61.42
-63.31
-65.18
-67.11
-69
-70.87
-72.75
-74.65
-75.38
-75.36
-75.34
-75.4
-75.36
-75.37
-75.32
-75.35
-75.38
-75.37
-75.35
-75.1
-73.71
-71.85
-69.82
-67.89
-66.03
-64.16
-62.27
-60.38
-58.51
-56.63
-54.75
-52.87
-50.91
-49.06
-47.21
-45.32
-43.43
-41.53
-39.67
-37.76
-35.84
-33.99
-32.11
-30.27
-28.42
-26.49
-24.56
-22.7
-20.77
-18.91
-17.05
-15.17
-13.24
-11.32
-9.13
-6.52
-3.83
-1.36
1.27
3.85
6.45
9.06
11.22
13.13
15.13
16.9
18.79
20.8
22.55
24.5
26.36
28.23
30.21
31.94
33.84
35.84
37.61
39.43
41.4
43.28
45.26
47.02
48.94
50.87
52.74
54.64
56.46
58.39
60.41
62.18
64.07
