156
67
90
181.55
192.99
196.59
171.61
174.55
186.75
177.67
177.67
192.8
177.57
188.74
195.93
183.25
170.67
189.21
184.29
160.73
163.76
151.27
139.35
146.45
147.02
135.85
147.2
161.21
156.19
154.3
151.56
146.83
151.08
164.99
150.7
143.14
153.73
155.91
145.41
168.11
185.8
155.25
149.57
159.69
138.22
148.25
158.56
148.62
150.61
159.69
158.37
146.73
161.4
159.98
152.03
164.52
167.36
164.42
166.31
172.46
173.6
160.07
168.49
154.77
157.71
167.45
165.65
140.96
140.11
148.62
128.85
135.38
153.07
128.76
139.92
820.98
841.89
833.18
-0.78
2.86
3.55
1.56
4.25
3.9
4.77
1.3
-0.09
6.76
-214.51
-152.97
-165.28
-161.21
-158.78
-161.12
-170.13
-172.91
-173.08
-167.36
-188.51
-169.79
-157.31
-169.87
-171.95
-164.85
-172.99
-164.41
-163.03
-163.11
-164.93
-171
-142.49
-172.73
-171
-145.69
-172.21
-174.29
-143.7
-158
-151.59
-141.01
-150.46
-167.27
-158.35
-154.79
-151.41
-133.21
-134.69
-154.62
-156.53
-151.41
-152.63
-151.07
-153.75
-146.47
-167.36
-154.01
-142.31
-167.27
-150.37
-150.29
-170.74
-155.4
-151.15
-170.74
-178.02
-167.01
-165.54
-184.87
-176.29
-167.71
-184.35
-175.59
-161.29
-170.65
-177.76
-159.82
-175.25
-179.23
-177.93
65.3
63.23
61.35
59.6
57.58
55.71
53.92
51.88
50.15
48.09
46.22
44.47
42.45
40.52
38.82
36.72
35.03
33.02
31.12
29.41
27.43
25.53
23.74
21.77
19.99
17.89
16.13
14.29
12.31
10.44
7.97
5.38
2.9
0.15
-2.49
-4.92
-7.64
-10.23
-12.21
-14.07
-15.86
-17.85
-19.73
-21.54
-23.49
-25.44
-27.31
-29.2
-31.01
-32.93
-34.82
-36.59
-38.57
-40.53
-42.36
-44.27
-46.12
-48.07
-49.95
-51.76
-53.72
-55.59
-57.52
-59.41
-61.24
-63.2
-65.08
-66.97
-68.87
-70.77
-72.61
-74.52
-75.32
-75.45
-75.45
-75.34
-75.45
-75.46
-75.36
-75.44
-75.47
-75.47
-75.44
-75.15
-73.81
-72
-69.99
-68.12
-66.19
-64.3
-62.43
-60.5
-58.61
-56.75
-54.81
-52.96
-51.05
-49.16
-47.29
-45.37
-43.56
-41.61
-39.66
-37.82
-35.95
-34.07
-32.19
-30.28
-28.47
-26.57
-24.56
-22.74
-20.82
-18.98
-17.09
-15.14
-13.28
-11.38
-9.13
-6.61
-3.91
-1.43
1.21
3.95
6.36
9.05
11.27
13.06
15.07
16.87
18.75
20.75
22.47
24.4
26.4
28.18
30.11
31.85
33.8
35.76
37.52
39.38
41.45
43.22
45.2
46.97
48.88
50.91
52.71
54.62
56.6
58.37
60.36
62.13
64.03
65.89
