154
66
89
172.56
178.8
159.6
163.1
178.9
162.25
148.91
169.53
152.79
144.65
152.5
167.26
156.76
163.48
162.63
158.56
152.5
160.73
150.52
155.72
166.88
158.08
160.64
166.5
166.98
153.07
167.64
171.71
171.52
165.84
166.79
147.02
152.5
162.72
157.71
167.64
179.28
153.64
160.54
158.27
166.22
171.33
173.41
177.1
170.19
167.64
184.76
165.65
163.29
158.56
150.14
141.62
157.8
157.8
160.35
149.48
171.04
158.08
166.6
166.13
155.72
167.17
178.61
170.29
166.69
174.83
155.25
157.52
165.46
163.85
151.46
745.96
816.53
811.23
5.37
4.51
5.55
7.45
4.33
3.9
5.89
5.81
5.29
-0.17
-185.82
-211.65
-223.78
-220.31
-210.09
-211.99
-213.9
-228.2
-212.6
-177.41
-189.11
-202.11
-171.61
-198.99
-188.85
-184.87
-182.61
-180.62
-198.73
-180.62
-192.06
-212.43
-199.86
-222.31
-220.05
-195.53
-219.79
-219.97
-202.81
-198.99
-219.1
-196.31
-207.31
-212.34
-217.37
-194.57
-193.19
-187.47
-175.94
-194.14
-208.27
-199.43
-193.19
-213.64
-187.99
-184.43
-205.06
-184.95
-182.61
-191.71
-176.46
-174.38
-177.41
-193.88
-187.64
-183.48
-196.13
-191.19
-181.14
-200.12
-210.52
-179.93
-195.53
-207.66
-181.23
-195.53
-219.45
-200.38
-193.71
-212.51
63.19
61.26
59.47
57.5
55.78
53.7
51.78
50.07
47.99
46.1
44.37
42.35
40.58
38.55
36.69
34.92
32.89
31.06
29.33
27.35
25.61
23.57
21.64
19.88
17.91
16.01
14.13
12.25
10.46
7.87
5.25
2.76
0.04
-2.57
-4.98
-7.74
-10.19
-12.22
-14.16
-15.94
-17.88
-19.8
-21.71
-23.57
-25.51
-27.41
-29.28
-31.1
-33.03
-34.91
-36.72
-38.68
-40.51
-42.44
-44.38
-46.14
-48.1
-50.06
-51.88
-53.78
-55.62
-57.62
-59.49
-61.31
-63.28
-65.16
-67.07
-68.95
-70.8
-72.73
-74.58
-75.48
-75.59
-75.57
-75.57
-75.56
-75.47
-75.58
-75.61
-75.49
-75.58
-75.59
-75.31
-73.66
-71.8
-69.81
-67.85
-65.92
-64.08
-62.16
-60.29
-58.42
-56.47
-54.6
-52.69
-50.77
-48.94
-47.05
-45.11
-43.26
-41.33
-39.53
-37.59
-35.65
-33.81
-31.95
-30.04
-28.21
-26.25
-24.39
-22.52
-20.58
-18.71
-16.84
-14.87
-13.04
-11.15
-8.91
-6.24
-3.61
-1.1
1.55
4.28
6.74
9.51
11.39
13.31
15.3
17.11
18.97
20.95
22.77
24.74
26.54
28.43
30.4
32.11
34.03
36.03
37.77
39.77
41.56
43.47
45.43
47.21
49.12
50.98
52.98
54.98
56.69
58.59
60.63
62.37
64.26
