154
66
89
224.69
222.79
183.91
179.56
207.28
187.32
171.9
182.49
168.3
169.53
181.83
180.51
168.87
184.01
193.47
171.04
187.98
196.78
192.33
198.86
194.51
192.99
187.41
191.95
197.82
191.01
193.94
192.71
182.59
187.03
179.65
179.09
177.1
183.53
167.73
203.97
214.75
211.16
196.21
200.28
202.93
211.91
220.14
225.44
211.35
210.78
222.32
203.02
188.83
185.42
172.27
170.95
180.22
180.69
175.96
165.46
182.78
167.73
173.41
176.82
165.75
182.87
202.83
196.49
196.4
205.29
187.22
169.34
188.74
189.97
176.34
722.21
828.55
822.49
8.58
8.06
4.94
5.81
8.75
3.55
5.63
6.59
4.07
5.72
-153.84
-185.04
-181.14
-170.22
-182.53
-174.29
-184
-193.1
-174.81
-158.09
-163.98
-167.27
-134.95
-155.31
-160.6
-151.85
-151.41
-166.75
-157.05
-146.39
-168.57
-190.15
-169.79
-199.69
-200.9
-170.48
-197.35
-212.08
-178.28
-178.37
-185.13
-158.17
-158.78
-174.55
-178.37
-167.62
-155.14
-153.41
-143.87
-158.69
-168.14
-139.8
-154.53
-164.15
-151.24
-145.95
-163.03
-157.57
-144.57
-141.01
-148.64
-131.56
-157.91
-144.83
-137.2
-144.31
-146.39
-149.25
-131.13
-156.96
-149.16
-129.05
-144.31
-148.55
-135.21
-151.5
-175.94
-156.35
-171.17
-181.05
63.18
61.45
59.35
57.52
55.83
53.76
51.88
50.15
48.1
46.36
44.33
42.44
40.67
38.66
36.8
35.02
33.06
31.3
29.31
27.49
25.71
23.69
21.79
20.07
18.01
16.11
14.27
12.33
10.56
8.05
5.41
2.96
0.22
-2.42
-5
-7.53
-10.09
-12.1
-14.04
-15.85
-17.81
-19.6
-21.57
-23.47
-25.31
-27.26
-29.14
-30.96
-32.87
-34.78
-36.64
-38.54
-40.38
-42.33
-44.27
-46.03
-48.02
-49.92
-51.79
-53.67
-55.49
-57.46
-59.34
-61.16
-63.13
-65.01
-66.91
-68.83
-70.66
-72.56
-74.46
-75.37
-75.46
-75.48
-75.45
-75.44
-75.36
-75.47
-75.47
-75.4
-75.48
-75.37
-75.21
-73.71
-71.82
-69.85
-67.89
-66.01
-64.15
-62.2
-60.39
-58.53
-56.57
-54.74
-52.86
-50.91
-49.08
-47.14
-45.35
-43.43
-41.49
-39.68
-37.76
-35.83
-34.01
-32.13
-30.28
-28.42
-26.45
-24.59
-22.71
-20.79
-18.91
-16.94
-15.14
-13.22
-11.26
-9.17
-6.5
-3.81
-1.36
1.3
3.87
6.48
9.24
11.24
13.11
15.1
16.92
18.89
20.66
22.55
24.55
26.35
28.23
30.18
31.9
33.83
35.71
37.58
39.58
41.36
43.29
45.23
47.02
49.08
50.83
52.74
54.79
56.5
58.4
60.42
62.22
64.09
