154
66
89
191.95
183.15
165.65
170.76
183.25
165.65
181.07
190.82
160.83
181.92
190.34
177.76
180.69
193.75
178.52
161.96
184.1
162.44
146.64
150.99
162.53
146.26
156.38
165.08
168.59
170.19
181.74
161.3
172.56
184.19
171.14
149.19
169.91
187.6
152.41
187.79
198.39
190.06
176.34
180.13
174.36
173.88
178.8
177.95
168.49
182.49
195.17
154.3
179.18
186.94
173.41
177.95
194.6
191.57
184.86
184.48
194.98
192.33
199.8
185.61
160.54
174.17
178.9
152.5
155.81
150.23
139.35
142.66
156.95
140.87
150.23
867.43
807.83
804.42
4.94
6.24
4.51
2.51
7.11
4.77
4.94
5.63
0.78
4.85
-174.99
-152.11
-158.52
-157.05
-155.05
-166.15
-183.22
-184.87
-181.75
-196.65
-203.85
-200.47
-192.23
-210.78
-207.05
-179.06
-189.98
-182.61
-183.57
-178.45
-176.81
-174.47
-167.62
-171.69
-191.45
-171.26
-181.75
-181.23
-170.74
-180.1
-163.55
-166.15
-183.05
-195.79
-191.54
-170.05
-169.35
-179.32
-155.14
-158.69
-173.17
-175.33
-163.03
-161.38
-144.65
-162.33
-153.32
-141.88
-151.93
-153.15
-172.04
-159.04
-166.32
-179.84
-186.34
-183.74
-191.97
-187.12
-187.99
-180.88
-186.69
-171.52
-172.3
-186.95
-174.03
-157.39
-189.29
-170.83
-159.3
-191.71
63.26
61.36
59.44
57.62
55.92
53.83
51.95
50.21
48.16
46.29
44.39
42.52
40.75
38.72
36.85
35.08
33.12
31.23
29.4
27.54
25.78
23.77
21.87
20.12
18.11
16.22
14.35
12.41
10.54
8.19
5.53
3.04
0.35
-2.29
-4.95
-7.46
-9.99
-11.99
-13.95
-15.76
-17.72
-19.61
-21.49
-23.39
-25.23
-27.2
-29.07
-30.89
-32.82
-34.7
-36.61
-38.46
-40.31
-42.25
-44.17
-45.94
-47.93
-49.8
-51.71
-53.59
-55.42
-57.39
-59.28
-61.14
-63.07
-64.95
-66.84
-68.75
-70.66
-72.53
-74.39
-75.55
-75.65
-75.64
-75.66
-75.65
-75.66
-75.66
-75.66
-75.64
-75.66
-75.64
-75.37
-73.62
-71.78
-69.7
-67.81
-65.89
-64.02
-62.15
-60.27
-58.37
-56.48
-54.57
-52.67
-50.71
-48.88
-47.02
-45.16
-43.21
-41.33
-39.48
-37.53
-35.67
-33.82
-31.88
-30.07
-28.18
-26.28
-24.35
-22.49
-20.53
-18.7
-16.84
-14.9
-13.01
-11.09
-8.89
-6.24
-3.51
-1.05
1.56
4.17
6.78
9.43
11.42
13.38
15.35
17.14
19.02
20.92
22.8
24.82
26.59
28.45
30.41
32.14
34.04
35.93
37.86
39.8
41.62
43.49
45.49
47.25
49.16
51.06
52.97
55.01
56.75
58.62
60.68
62.42
64.3
