154
66
89
211.64
227.33
213.53
217.84
211.14
210.88
210.34
199.33
196.87
196.59
171.42
163.67
175.59
177.01
152.98
168.3
193.75
180.69
183.53
207.47
199.62
194.32
216.17
214.09
217.4
211.83
223.65
200.47
220.52
210.68
186.09
187.88
189.4
166.88
163.38
168.87
178.14
165.08
183.06
191.29
181.92
218.63
223.46
213.14
212.78
228.19
210.24
216.82
218.31
215.8
211.78
215.76
210.1
207.85
217.68
203.4
171.71
173.6
176.72
166.22
156.1
178.61
179.37
175.11
184.95
185.61
183.72
203.12
211.25
208.04
230.65
842.74
847.66
845.86
3.64
10.23
3.73
4.25
2.34
-2.17
1.99
5.63
2.69
3.55
-192.75
-187.38
-182.79
-162.07
-159.13
-149.85
-153.84
-156.7
-147.43
-146.3
-150.29
-170.22
-178.11
-167.62
-175.42
-189.2
-211.56
-219.88
-215.03
-198.43
-194.55
-192.06
-193.19
-218.93
-196.83
-193.79
-200.73
-184.61
-162.51
-179.49
-163.2
-156.87
-152.89
-148.64
-172.3
-157.91
-159.47
-174.21
-171.52
-176.37
-167.45
-170.65
-194.92
-190.5
-197.78
-202.72
-193.88
-192.84
-170.91
-165.8
-171.78
-167.62
-168.57
-148.9
-148.99
-155.83
-145.52
-170.31
-165.63
-168.14
-176.98
-182.01
-198.13
-202.29
-208.7
-193.88
-207.75
-192.15
-192.21
-197.95
63.18
61.25
59.36
57.49
55.74
53.62
51.79
49.85
48.02
46.07
44.17
42.31
40.56
38.47
36.65
34.79
32.87
31.03
29.21
27.36
25.56
23.54
21.65
19.9
17.87
16
14.09
12.2
10.44
7.82
5.18
2.75
0
-2.66
-5.23
-7.78
-10.23
-12.24
-14.16
-15.96
-17.98
-19.81
-21.73
-23.61
-25.44
-27.41
-29.31
-31.09
-33.06
-34.95
-36.79
-38.72
-40.55
-42.48
-44.41
-46.19
-48.17
-50.08
-51.95
-53.82
-55.67
-57.62
-59.52
-61.32
-63.31
-65.18
-67.08
-69
-70.84
-72.75
-74.61
-75.45
-75.56
-75.63
-75.55
-75.58
-75.47
-75.54
-75.6
-75.55
-75.6
-75.58
-75.24
-73.68
-71.88
-69.82
-67.89
-66.02
-64.12
-62.23
-60.39
-58.47
-56.6
-54.71
-52.82
-50.98
-49.11
-47.17
-45.35
-43.43
-41.53
-39.7
-37.74
-35.89
-34.01
-32.12
-30.3
-28.37
-26.39
-24.56
-22.73
-20.75
-18.9
-17.03
-15.15
-13.24
-11.21
-9.15
-6.56
-3.83
-1.4
1.28
3.87
6.47
9.25
11.22
13.09
15.1
16.92
18.75
20.66
22.57
24.58
26.36
28.24
30.19
31.91
33.87
35.68
37.59
39.57
41.35
43.25
45.22
47.02
48.91
50.8
52.74
54.75
56.49
58.4
60.27
62.17
64.11
