154
66
89
196.9
224.21
192.71
211.91
211.63
184.1
205.39
201.7
178.9
198.95
217.21
194.03
185.9
203.02
203.02
180.69
198.29
198.1
152.41
171.71
187.51
163.19
185.24
184.29
165.65
162.15
178.8
171.99
161.49
172.56
173.6
166.98
176.25
182.59
161.02
167.07
182.78
189.68
177.48
190.82
173.98
177.86
183.06
186.18
164.04
173.69
168.96
158.94
184.1
195.83
183.34
200.66
196.21
189.11
196.59
211.06
197.91
188.17
210.97
194.98
186.28
202.74
202.08
193.28
186.94
176.25
168.11
185.9
187.7
193.75
180.51
504.43
835.17
826.84
4.07
8.84
4.59
10.66
4.94
7.89
6.67
8.23
5.46
4.33
-142.4
-181.92
-157.74
-165.02
-170.57
-152.11
-153.15
-177.76
-173.86
-159.39
-173.08
-166.93
-164.59
-176.98
-178.45
-171.52
-185.3
-182.27
-166.15
-169.61
-178.45
-161.9
-149.68
-155.31
-148.99
-137.72
-160.86
-167.53
-143.27
-157.65
-172.39
-150.37
-152.63
-161.21
-155.05
-128.27
-145.69
-145.17
-138.76
-143.09
-155.14
-142.49
-140.67
-144.65
-143.7
-138.24
-155.4
-161.21
-156.96
-175.68
-172.39
-161.29
-163.89
-176.72
-179.67
-178.11
-177.15
-187.73
-171.35
-180.27
-192.67
-183.13
-183.39
-181.75
-172.04
-186.08
-199.25
-202.2
-187.47
-197.87
63.24
61.36
59.44
57.64
55.88
53.84
52
50.2
48.15
46.24
44.39
42.49
40.75
38.74
36.85
35.12
33.09
31.19
29.37
27.59
25.76
23.73
21.87
20.08
18.09
16.33
14.3
12.41
10.65
8.16
5.52
3.04
0.31
-2.13
-4.93
-7.48
-10
-12.02
-13.99
-15.78
-17.73
-19.59
-21.51
-23.43
-25.21
-27.23
-29.06
-30.89
-32.79
-34.61
-36.56
-38.46
-40.33
-42.24
-44.15
-45.95
-47.97
-49.86
-51.72
-53.62
-55.45
-57.39
-59.28
-61.11
-63.1
-64.97
-66.86
-68.75
-70.61
-72.51
-74.41
-75.51
-75.58
-75.58
-75.58
-75.61
-75.51
-75.59
-75.59
-75.51
-75.61
-75.57
-75.28
-73.59
-71.74
-69.78
-67.82
-65.93
-64.09
-62.18
-60.32
-58.47
-56.51
-54.68
-52.78
-50.86
-49.02
-47.12
-45.27
-43.33
-41.39
-39.61
-37.65
-35.76
-33.95
-32.04
-30.22
-28.35
-26.35
-24.53
-22.63
-20.67
-18.83
-16.93
-15.13
-13.16
-11.16
-9.08
-6.45
-3.73
-1.32
1.48
3.94
6.55
9.31
11.29
13.17
15.18
16.98
18.83
20.72
22.62
24.63
26.39
28.28
30.26
31.95
34.02
35.74
37.65
39.63
41.43
43.34
45.31
47.05
48.98
50.88
52.78
54.84
56.54
58.43
60.52
62.25
64.13
