154
66
89
191.76
169.82
159.6
164.52
169.63
146.73
153.54
145.5
132.64
154.11
153.92
146.35
151.27
157.33
160.54
158.94
171.8
164.99
149.29
167.36
162.91
163.1
168.68
172.84
151.65
149.1
167.07
154.77
160.07
170.67
161.58
141.53
156.38
170.57
152.69
183.34
169.72
163.38
171.33
168.3
162.72
163.57
177.1
168.4
170.48
176.34
165.46
148.72
152.79
153.45
145.6
154.58
160.64
146.45
144.56
148.06
150.61
150.8
153.16
141.53
150.33
164.61
162.25
137.46
164.8
160.83
154.77
147.3
150.99
147.3
144.46
406.99
816.06
807.26
2.69
8.15
4.68
7.02
0.17
4.68
3.21
1.82
6.93
2.6
-178.19
-180.1
-190.41
-187.64
-189.55
-184.17
-188.51
-185.65
-188.94
-176.11
-167.62
-167.36
-158.61
-161.12
-157.39
-170.13
-165.11
-161.99
-179.67
-178.63
-176.03
-195.09
-195.27
-198.82
-203.76
-207.23
-214.25
-212.43
-205.15
-204.97
-195.35
-197.78
-199.51
-205.84
-194.05
-177.41
-164.07
-171.26
-173.08
-177.5
-176.89
-181.66
-181.4
-169.61
-179.49
-185.04
-190.76
-197.69
-197.35
-181.92
-182.79
-175.07
-178.02
-192.75
-174.73
-171.35
-164.5
-169.01
-159.21
-161.29
-176.89
-168.14
-170.83
-198.65
-200.03
-212.17
-222.66
-215.63
-196.34
-196.03
63.21
61.44
59.39
57.55
55.81
53.82
51.91
50.14
48.09
46.37
44.34
42.44
40.72
38.67
36.8
35.07
33.06
31.29
29.32
27.5
25.71
23.71
21.84
20.03
18.02
16.29
14.26
12.36
10.66
8.07
5.42
2.97
0.22
-2.24
-4.98
-7.53
-10.09
-12.13
-14.02
-15.82
-17.79
-19.59
-21.6
-23.47
-25.27
-27.23
-29.14
-30.97
-32.87
-34.68
-36.65
-38.54
-40.35
-42.31
-44.21
-46.06
-48
-49.83
-51.76
-53.66
-55.49
-57.44
-59.34
-61.19
-63.14
-65.01
-66.9
-68.8
-70.66
-72.57
-74.46
-75.57
-75.64
-75.67
-75.66
-75.67
-75.59
-75.65
-75.67
-75.59
-75.66
-75.64
-75.37
-73.65
-71.8
-69.8
-67.88
-65.97
-64.09
-62.2
-60.33
-58.41
-56.47
-54.64
-52.68
-50.8
-48.97
-47.06
-45.22
-43.27
-41.34
-39.53
-37.61
-35.66
-33.83
-31.98
-30.13
-28.26
-26.26
-24.42
-22.57
-20.6
-18.75
-16.8
-14.99
-13.06
-11.08
-8.91
-6.24
-3.59
-1.13
1.61
4.09
6.7
9.45
11.38
13.3
15.29
17.08
19.05
20.83
22.74
24.76
26.55
28.41
30.37
32.08
33.97
35.87
37.8
39.76
41.54
43.44
45.42
47.19
49.25
51.01
52.9
54.91
56.65
58.57
60.6
62.32
64.23
