154
66
89
162.81
177.38
175.3
153.83
187.98
164.33
155.06
169.63
156.95
155.34
180.98
173.5
161.21
170.19
173.98
154.02
158.56
171.23
166.22
158.18
163.85
164.23
152.03
176.63
172.46
160.17
170.48
167.92
167.92
164.04
178.05
162.72
157.99
191.86
159.69
166.98
187.22
180.6
162.91
170.48
178.8
169.72
183.63
175.96
172.65
167.64
181.74
169.91
160.83
164.42
154.49
151.27
165.27
168.11
160.64
166.5
178.14
162.25
171.04
182.21
172.56
166.13
187.03
176.91
171.61
166.79
157.33
155.34
154.96
166.88
157.99
875.19
830.82
829.02
3.81
7.45
4.33
2.25
-0.35
4.59
3.73
7.11
4.68
3.21
-133.04
-164.07
-153.41
-158.95
-165.54
-171.87
-169.27
-182.7
-166.58
-153.41
-157.74
-172.21
-154.36
-159.91
-163.11
-154.19
-156.61
-156.27
-166.32
-160.6
-157.74
-172.99
-160.34
-181.4
-191.71
-160.6
-184.17
-188.51
-161.47
-177.24
-183.31
-148.47
-160.95
-174.99
-195.27
-168.83
-159.04
-167.53
-158.52
-169.27
-173.86
-154.62
-159.56
-175.33
-151.76
-165.8
-178.63
-163.2
-145.43
-162.33
-159.56
-148.73
-157.91
-174.29
-146.91
-156.96
-175.42
-172.3
-162.59
-184.78
-170.57
-163.11
-160.34
-181.05
-153.84
-170.57
-188.94
-148.03
-160.6
-169.79
63.19
61.46
59.37
57.52
55.84
53.72
51.84
49.93
48.03
46.29
44.26
42.35
40.6
38.59
36.72
34.85
32.92
31.2
29.22
27.39
25.61
23.61
21.68
19.8
17.92
16.18
14.13
12.25
10.44
7.91
5.29
2.8
0.09
-2.42
-5.13
-7.74
-10.17
-12.22
-14.12
-15.95
-17.9
-19.83
-21.7
-23.56
-25.4
-27.37
-29.26
-31.06
-32.96
-34.89
-36.77
-38.68
-40.47
-42.42
-44.36
-46.14
-48.1
-50.04
-51.87
-53.77
-55.6
-57.56
-59.47
-61.34
-63.24
-65.07
-67.07
-68.93
-70.77
-72.71
-74.59
-75.56
-75.6
-75.48
-75.57
-75.54
-75.48
-75.57
-75.61
-75.58
-75.6
-75.47
-75.33
-73.61
-71.78
-69.76
-67.82
-65.92
-64.06
-62.15
-60.26
-58.36
-56.42
-54.56
-52.71
-50.75
-48.91
-46.95
-45.15
-43.23
-41.29
-39.5
-37.54
-35.63
-33.8
-31.86
-30.11
-28.21
-26.21
-24.36
-22.52
-20.49
-18.7
-16.86
-14.96
-13.01
-11.01
-8.88
-6.2
-3.7
-1.06
1.67
4.15
6.72
9.56
11.44
13.33
15.35
17.14
19
20.87
22.82
24.81
26.56
28.48
30.38
32.13
34.17
35.92
37.8
39.79
41.6
43.51
45.31
47.23
49.3
51.07
52.95
54.98
56.72
58.61
60.52
62.39
64.46
