154
66
89
166.79
171.14
175.49
196.3
189.3
167.45
167.26
163.29
143.52
146.16
142.38
127.43
150.23
144.84
149.48
138.31
148.43
163
159.98
169.53
151.46
140.87
150.23
160.26
147.58
143.61
159.22
161.49
158.84
161.4
159.88
151.65
160.92
159.03
148.53
157.33
150.8
144.74
156.48
150.42
147.68
144.84
143.23
156.38
149.95
144.27
163.67
168.02
162.72
164.52
157.8
172.09
169.63
141.62
139.07
156.19
146.54
134.05
142.57
160.92
141.15
154.49
149.48
147.2
151.46
163.29
135.19
156.29
162.72
152.88
144.74
806.22
786.54
782
1.65
2.95
3.73
5.55
6.24
5.03
3.47
5.37
9.53
3.73
-182.7
-146.73
-151.33
-154.1
-152.63
-135.12
-143.01
-146.91
-146.04
-145.78
-137.98
-159.99
-148.29
-148.12
-152.37
-155.49
-149.85
-152.45
-167.1
-167.97
-158.78
-145.26
-144.74
-159.47
-151.59
-128.88
-148.9
-158.17
-147.08
-153.15
-148.55
-160.6
-166.32
-157.48
-156.96
-165.71
-172.3
-165.8
-152.28
-157.13
-160.34
-149.94
-156.18
-149.51
-151.33
-153.41
-147.43
-157.57
-163.11
-153.93
-149.77
-163.29
-165.54
-153.06
-142.75
-143.96
-143.44
-150.2
-159.04
-155.23
-152.8
-160.69
-161.81
-158.52
-155.83
-161.99
-162.68
-163.55
-148.47
-144.83
63.14
61.22
59.49
57.47
55.57
53.67
51.75
50.01
47.97
46.06
44.33
42.24
40.4
38.52
36.62
34.88
32.87
30.99
29.19
27.32
25.43
23.51
21.64
19.85
17.87
15.98
14.1
12.19
10.3
7.82
5.22
2.78
-0.03
-2.68
-5.22
-7.78
-10.31
-12.26
-14.19
-16.02
-17.97
-19.88
-21.75
-23.61
-25.57
-27.43
-29.31
-31.13
-33.07
-34.96
-36.79
-38.72
-40.62
-42.53
-44.41
-46.2
-48.2
-50.07
-51.95
-53.83
-55.76
-57.64
-59.54
-61.4
-63.33
-65.21
-67.11
-68.97
-70.88
-72.76
-74.66
-75.24
-75.37
-75.35
-75.35
-75.33
-75.33
-75.32
-75.33
-75.33
-75.34
-75.34
-75.13
-73.75
-71.86
-69.84
-67.91
-66.05
-64.18
-62.27
-60.38
-58.53
-56.63
-54.74
-52.83
-50.97
-49.08
-47.19
-45.36
-43.46
-41.54
-39.69
-37.77
-35.8
-34.01
-32.12
-30.28
-28.41
-26.5
-24.59
-22.71
-20.76
-18.93
-17.02
-15.1
-13.25
-11.34
-9.21
-6.53
-3.89
-1.4
1.26
4
6.46
9.06
11.19
13.11
15.11
16.9
18.76
20.76
22.52
24.46
26.34
28.24
30.16
31.91
33.82
35.82
37.6
39.46
41.33
43.27
45.25
47
48.91
50.97
52.74
54.62
56.47
58.38
60.43
62.18
64.06
