154
66
89
172.27
175.87
165.37
169.91
173.98
165.56
152.88
164.8
153.73
154.39
163.29
151.93
146.73
152.88
158.46
153.07
155.72
166.6
153.16
151.56
170.48
159.03
159.6
165.46
161.87
159.69
161.49
177.48
161.02
186.75
178.52
151.84
155.81
158.37
160.17
160.35
179.28
144.93
156.95
158.18
166.03
160.35
166.41
163.57
164.8
155.81
159.69
155.62
149.66
161.4
139.64
143.61
156.38
139.92
140.39
151.46
156.19
145.79
147.49
149.38
149.48
144.56
155.53
150.52
144.56
152.31
137.18
133.96
151.37
144.84
150.52
784.56
812.94
815.11
2.08
6.76
5.81
7.71
4.16
3.73
10.05
7.02
4.42
3.55
-123.07
-145
-153.06
-137.03
-145.35
-144.22
-149.59
-159.3
-152.11
-136.94
-152.97
-168.23
-135.47
-141.71
-157.22
-156.35
-139.54
-144.65
-160.77
-152.19
-160.95
-172.47
-159.21
-180.88
-177.07
-163.11
-177.85
-191.11
-175.77
-174.47
-193.27
-159.39
-165.54
-183.83
-183.13
-161.99
-167.1
-166.84
-151.33
-168.83
-175.25
-161.12
-175.51
-175.07
-165.45
-161.03
-170.57
-161.55
-124.72
-153.32
-157.22
-131.3
-145.35
-155.23
-141.01
-149.77
-159.82
-162.16
-158.26
-168.14
-177.67
-164.76
-185.91
-184.61
-173.25
-200.47
-200.47
-175.94
-164.59
-193.88
63.18
61.29
59.38
57.5
55.8
53.7
51.83
50.1
48.03
46.25
44.23
42.34
40.59
38.55
36.68
34.94
32.92
31.06
29.21
27.35
25.61
23.57
21.66
19.94
17.91
16
14.16
12.22
10.45
7.9
5.24
2.8
0.04
-2.46
-5.17
-7.73
-10.19
-12.23
-14.15
-15.96
-17.9
-19.73
-21.75
-23.59
-25.41
-27.43
-29.28
-31.1
-33.01
-34.84
-36.79
-38.68
-40.51
-42.45
-44.39
-46.21
-48.13
-50
-51.93
-53.8
-55.64
-57.62
-59.53
-61.33
-63.28
-65.13
-67.04
-68.96
-70.8
-72.73
-74.59
-75.4
-75.49
-75.41
-75.54
-75.51
-75.44
-75.48
-75.51
-75.42
-75.54
-75.43
-75.26
-73.68
-71.82
-69.78
-67.84
-65.95
-64.06
-62.13
-60.29
-58.43
-56.44
-54.57
-52.71
-50.77
-48.92
-46.98
-45.19
-43.24
-41.3
-39.54
-37.6
-35.64
-33.83
-31.87
-30.13
-28.23
-26.25
-24.37
-22.52
-20.65
-18.71
-16.75
-14.97
-13
-11.05
-8.89
-6.27
-3.51
-1.17
1.57
4.05
6.74
9.51
11.41
13.33
15.3
17.1
18.99
20.86
22.79
24.78
26.52
28.45
30.38
32.12
34.03
35.91
37.8
39.71
41.59
43.45
45.45
47.22
49.14
51.01
52.94
54.97
56.67
58.61
60.66
62.34
64.25
