154
66
89
190.72
193.66
208.41
213.05
205.58
215.89
212.95
192.52
212.01
200.37
189.59
179.46
190.72
178.9
178.14
178.33
166.88
162.81
164.9
159.6
167.92
163.95
163.38
158.46
165.37
177.95
173.5
180.6
182.68
191.2
190.16
188.83
194.79
190.34
175.68
191.1
179.65
186.56
181.92
179.37
172.46
179.28
172.37
170
178.05
173.03
176.91
185.24
208.13
208.41
199.33
210.68
199.62
192.61
212.39
200.28
178.99
184.48
198.39
181.07
166.22
175.78
159.6
153.92
156.57
151.18
153.26
167.45
159.88
165.84
178.42
815.87
804.42
801.39
1.47
3.47
3.99
5.29
5.03
2.17
4.59
6.5
3.29
5.81
-162.07
-162.85
-166.49
-161.12
-163.55
-158.35
-158.26
-156.09
-156.79
-165.8
-162.85
-159.21
-163.11
-157.91
-152.37
-170.05
-166.41
-163.89
-169.09
-169.27
-165.8
-158.35
-161.38
-163.46
-154.79
-156.53
-165.8
-152.97
-155.23
-171.69
-160.86
-171
-171.26
-170.48
-168.4
-161.21
-165.19
-165.37
-167.01
-168.57
-159.3
-163.98
-156.79
-160.34
-152.89
-154.19
-142.14
-151.41
-153.15
-148.81
-165.63
-155.31
-156.87
-160.6
-151.5
-160.08
-166.93
-160.51
-166.67
-166.32
-171.17
-167.71
-164.76
-161.21
-169.44
-173.25
-166.23
-157.48
-158.35
-165.8
63.07
61.18
59.28
57.43
55.67
53.64
51.71
49.98
47.93
46
44.1
42.25
40.51
38.48
36.55
34.85
32.82
30.93
29.1
27.23
25.48
23.47
21.57
19.78
17.81
15.93
14.04
12.13
10.24
7.76
5.06
2.68
-0.09
-2.76
-5.32
-7.87
-10.4
-12.29
-14.27
-16.06
-18.04
-19.92
-21.81
-23.69
-25.52
-27.48
-29.4
-31.17
-33.13
-34.98
-36.89
-38.78
-40.68
-42.53
-44.49
-46.27
-48.25
-50.15
-52.02
-53.9
-55.77
-57.7
-59.63
-61.45
-63.36
-65.26
-67.15
-69.03
-70.97
-72.8
-74.68
-75.55
-75.62
-75.64
-75.63
-75.63
-75.64
-75.61
-75.61
-75.57
-75.64
-75.64
-75.36
-73.75
-71.93
-69.88
-67.97
-66.07
-64.18
-62.25
-60.39
-58.49
-56.62
-54.72
-52.82
-50.94
-49.08
-47.14
-45.3
-43.37
-41.43
-39.62
-37.69
-35.7
-33.93
-32.02
-30.22
-28.32
-26.32
-24.54
-22.63
-20.63
-18.82
-16.95
-15.08
-13.16
-11.15
-9.04
-6.39
-3.7
-1.29
1.39
4
6.61
9.35
11.3
13.21
15.21
16.98
18.87
20.75
22.66
24.66
26.43
28.35
30.27
32.01
33.91
35.77
37.7
39.67
41.45
43.34
45.36
47.09
49.03
50.93
52.85
54.83
56.61
58.51
60.5
62.29
64.16
