154
66
89
185.14
204.06
181.74
171.33
200.66
171.9
170
192.43
179.56
176.91
188.93
169.53
175.59
169.72
179.46
171.52
165.94
185.9
166.69
169.15
175.3
165.65
173.32
184.1
162.91
167.83
173.03
180.13
169.63
170.76
170.29
179.37
177.67
171.52
155.53
167.07
171.04
163.76
170.67
170.38
159.5
168.3
175.4
168.02
176.06
172.37
170
170.76
183.53
172.65
160.07
171.8
188.45
167.92
184.29
197.82
169.44
180.79
182.4
168.11
172.18
181.07
177.29
170.76
172.09
174.83
161.21
174.92
169.25
154.49
168.68
869.32
832.8
832.99
3.47
2.86
1.99
-0.26
0.78
4.07
-3.29
0.87
-0.17
0.69
-174.38
-186.51
-181.83
-193.97
-195.44
-200.29
-190.07
-200.12
-195.01
-203.33
-196.91
-208.61
-210
-204.71
-198.21
-205.23
-210.17
-197.61
-203.5
-209.31
-213.12
-205.67
-187.73
-194.57
-185.04
-168.4
-195.01
-185.47
-166.15
-190.59
-199.25
-186.34
-194.14
-200.21
-171.26
-169.61
-188.51
-194.75
-177.15
-203.07
-194.57
-167.71
-194.57
-194.66
-185.56
-186.77
-199.51
-212.25
-182.79
-204.19
-205.15
-187.55
-205.15
-212.17
-188.42
-205.23
-222.05
-223.26
-210.17
-225.86
-212.35
-220.57
-212.68
-212.81
-202.2
-209.06
-214.04
-192.84
-218.32
-209.45
63.35
61.46
59.54
57.67
55.94
53.88
51.98
50.27
48.21
46.27
44.38
42.51
40.74
38.73
36.89
35.09
33.12
31.24
29.36
27.56
25.76
23.75
21.85
20.12
18.07
16.23
14.33
12.41
10.53
8.14
5.52
3.06
0.3
-2.35
-4.93
-7.48
-10.14
-12.05
-13.95
-15.77
-17.75
-19.61
-21.52
-23.42
-25.31
-27.24
-29.1
-30.92
-32.85
-34.73
-36.6
-38.48
-40.39
-42.28
-44.2
-45.98
-47.97
-49.81
-51.73
-53.63
-55.52
-57.36
-59.31
-61.14
-63.1
-64.96
-66.88
-68.77
-70.66
-72.5
-74.39
-75.32
-75.41
-75.41
-75.39
-75.4
-75.41
-75.43
-75.41
-75.31
-75.43
-75.4
-75.17
-73.81
-71.95
-69.94
-67.99
-66.06
-64.22
-62.31
-60.43
-58.57
-56.67
-54.78
-52.86
-50.93
-49.14
-47.19
-45.36
-43.43
-41.52
-39.68
-37.71
-35.8
-33.97
-32.08
-30.28
-28.39
-26.46
-24.56
-22.66
-20.69
-18.88
-17
-15.12
-13.2
-11.19
-9.14
-6.45
-3.78
-1.34
1.32
3.94
6.53
9.3
11.28
13.18
15.14
16.94
18.83
20.69
22.59
24.66
26.36
28.28
30.25
31.92
33.85
35.7
37.6
39.6
41.4
43.32
45.28
47.03
48.98
50.86
52.79
54.84
56.51
58.4
60.49
62.2
64.09
