154
66
89
171.71
210.87
169.72
162.81
197.63
168.11
161.87
190.06
165.18
173.13
184.57
163
167.07
162.15
181.45
156.57
161.68
182.21
161.3
169.63
167.36
152.41
171.42
171.9
169.82
163.29
169.44
183.63
166.31
171.14
173.5
178.14
180.69
181.17
167.07
166.6
170.86
163.29
161.3
162.34
147.39
152.22
159.69
147.87
153.83
149.1
151.46
149
160.07
152.6
142.19
149.76
158.37
136.7
149.19
163.1
140.87
157.99
170.86
141.81
158.18
164.23
159.22
154.3
171.61
162.63
152.79
156.57
167.45
159.98
165.56
869.04
825.05
802.62
-0.61
2.08
4.07
1.13
-7.02
-1.39
1.04
5.03
3.38
-2.34
-123.07
-200.99
-189.2
-194.92
-196.31
-197.61
-194.57
-198.91
-175.16
-188.51
-178.89
-186.86
-198.73
-198.13
-196.31
-204.19
-204.11
-191.8
-200.64
-189.98
-209.65
-191.71
-184.26
-196.39
-177.85
-170.13
-183.05
-180.88
-175.77
-173.34
-199.08
-188.07
-192.58
-213.55
-193.45
-173.95
-192.67
-189.72
-195.87
-197.87
-209.48
-181.75
-179.75
-196.05
-195.18
-177.59
-209.31
-213.29
-198.3
-203.59
-208.27
-205.93
-203.85
-221.09
-225.08
-211.82
-224.39
-211.9
-204.8
-210.34
-215.9
-221.88
-213.54
-214.08
-219.53
-226.9
-213.69
-210.49
-212.95
-228.81
63.21
61.5
59.44
57.59
55.87
53.76
51.91
50.2
48.14
46.37
44.35
42.46
40.72
38.71
36.83
35.07
33.06
31.2
29.31
27.5
25.73
23.73
21.85
20.06
18.05
16.19
14.3
12.38
10.62
8.1
5.5
2.99
0.27
-2.39
-4.96
-7.54
-10.06
-12.04
-13.99
-15.77
-17.78
-19.64
-21.56
-23.47
-25.25
-27.23
-29.13
-30.94
-32.86
-34.66
-36.61
-38.5
-40.37
-42.27
-44.22
-46
-47.98
-49.8
-51.75
-53.63
-55.45
-57.45
-59.33
-61.21
-63.15
-64.97
-66.9
-68.76
-70.64
-72.53
-74.43
-75.17
-75.23
-75.17
-75.27
-75.22
-75.14
-75.25
-75.25
-75.19
-75.27
-75.17
-75.04
-73.69
-71.77
-69.82
-67.83
-65.95
-64.16
-62.17
-60.38
-58.48
-56.56
-54.71
-52.81
-50.9
-49.08
-47.15
-45.31
-43.4
-41.44
-39.64
-37.74
-35.8
-33.96
-32.01
-30.25
-28.35
-26.38
-24.52
-22.68
-20.69
-18.87
-16.93
-15.14
-13.19
-11.2
-9.13
-6.51
-3.82
-1.36
1.45
3.93
6.53
9.09
11.27
13.15
15.14
16.95
18.93
20.69
22.59
24.63
26.36
28.23
30.24
31.9
33.85
35.73
37.6
39.58
41.37
43.3
45.13
47.03
49.1
50.82
52.75
54.82
56.5
58.41
60.31
62.2
64.25
