154
66
89
219.86
214.66
217.78
194.31
214.18
214.47
205.1
190.44
195.17
201.6
182.78
181.45
182.97
188.36
177.76
188.93
190.82
167.07
187.03
178.9
174.26
169.34
186.18
175.21
168.21
188.17
182.49
164.52
182.49
182.3
162.63
178.23
180.79
157.42
161.96
178.23
176.15
181.55
185.61
211.63
175.78
182.59
184.19
170.86
193.94
179.84
174.64
189.49
206.81
188.83
177.19
191.86
199.43
163.76
178.61
171.8
149.85
164.99
180.6
159.5
163.85
168.77
168.59
161.21
160.83
165.27
161.49
168.87
171.8
165.08
168.96
887.77
820.5
821.26
4.07
3.55
9.45
6.5
3.64
3.47
5.63
3.73
3.29
3.29
-155.05
-149.85
-146.82
-148.03
-151.85
-148.12
-147.17
-149.68
-146.47
-146.21
-141.45
-138.59
-152.8
-143.27
-136.68
-141.79
-155.14
-149.42
-158.61
-163.72
-160.34
-153.32
-156.27
-153.32
-138.07
-144.31
-154.01
-148.99
-146.21
-163.46
-153.32
-156.96
-149.94
-150.81
-140.75
-141.88
-151.24
-142.57
-139.28
-143.09
-154.97
-140.93
-140.93
-141.53
-146.04
-154.79
-150.89
-146.82
-144.22
-152.11
-147.43
-138.33
-151.33
-152.45
-147.25
-147.51
-147.51
-143.44
-154.79
-157.91
-166.49
-158.87
-172.82
-169.27
-161.55
-176.03
-177.67
-168.49
-177.15
-165.63
63.18
61.46
59.39
57.52
55.77
53.74
51.81
50.08
48.07
46.31
44.23
42.36
40.61
38.6
36.69
34.98
32.95
31.2
29.19
27.37
25.61
23.59
21.7
19.91
17.89
16.17
14.16
12.24
10.46
7.88
5.24
2.67
0.05
-2.44
-5.12
-7.72
-10.18
-12.19
-14.14
-16.06
-17.92
-19.72
-21.7
-23.57
-25.4
-27.34
-29.3
-31.15
-32.98
-34.84
-36.75
-38.65
-40.48
-42.46
-44.34
-46.21
-48.12
-50.01
-51.9
-53.8
-55.6
-57.59
-59.49
-61.36
-63.26
-65.07
-67.03
-68.94
-70.8
-72.72
-74.58
-75.26
-75.25
-75.19
-75.29
-75.24
-75.18
-75.28
-75.25
-75.19
-75.24
-75.17
-75.05
-73.68
-71.78
-69.79
-67.84
-65.92
-64.12
-62.17
-60.38
-58.47
-56.5
-54.66
-52.81
-50.95
-49.03
-47.07
-45.29
-43.39
-41.44
-39.63
-37.71
-35.76
-33.96
-31.99
-30.25
-28.36
-26.39
-24.55
-22.65
-20.76
-18.86
-17
-15.11
-13.18
-11.2
-9.13
-6.45
-3.93
-1.3
1.46
3.96
6.52
9.31
11.27
13.18
15.05
16.93
18.82
20.7
22.62
24.63
26.4
28.31
30.12
31.95
33.97
35.75
37.63
39.61
41.42
43.34
45.15
47.06
49.11
50.88
52.78
54.79
56.52
58.48
60.43
62.24
64.28
