154
66
89
194.98
169.06
183.82
199.99
188.17
191.76
202.55
172.94
172.09
197.44
183.06
166.6
183.06
178.14
154.49
157.04
164.14
151.93
136.8
160.83
155.62
137.93
147.96
159.31
147.2
154.68
154.02
157.23
158.65
174.64
161.21
149.1
169.25
161.02
149
159.79
168.68
159.6
174.45
173.98
152.22
169.91
168.4
152.69
164.33
166.03
159.12
166.69
188.26
187.79
164.42
187.41
192.14
153.35
174.64
178.42
154.11
160.45
171.42
154.39
157.23
176.44
174.07
142.47
143.61
154.49
137.37
155.62
165.75
159.12
173.6
866.67
818.33
817.95
4.59
10.75
-0.61
2.34
8.06
6.07
4.25
5.63
6.59
3.9
-147.17
-170.91
-146.65
-148.47
-152.71
-148.81
-145.78
-156.09
-166.93
-164.93
-169.44
-164.41
-172.3
-168.57
-162.94
-164.5
-172.99
-169.09
-176.29
-168.4
-170.57
-162.33
-168.14
-162.94
-160.51
-147.43
-155.23
-157.91
-147.34
-168.75
-165.37
-162.07
-171.69
-166.49
-171.17
-151.07
-156.79
-153.58
-141.36
-156.27
-166.41
-145.69
-150.98
-158
-141.01
-147.08
-143.87
-156.53
-144.13
-155.23
-160.43
-159.56
-158.26
-153.49
-154.71
-177.07
-176.55
-175.59
-178.71
-184.78
-179.49
-183.22
-183.57
-169.35
-190.15
-194.05
-172.56
-167.88
-174.47
-163.98
63.13
61.25
59.53
57.55
55.62
53.76
51.85
49.96
48.05
46.18
44.42
42.41
40.53
38.6
36.73
34.87
33
31.12
29.41
27.46
25.53
23.65
21.76
19.91
17.98
16.13
14.33
12.32
10.44
8.06
5.37
2.76
0.2
-2.47
-4.93
-7.59
-10.23
-12.14
-14.05
-15.95
-17.84
-19.7
-21.54
-23.46
-25.4
-27.28
-29.2
-31.05
-32.89
-34.81
-36.66
-38.56
-40.5
-42.32
-44.27
-46.13
-48.03
-49.95
-51.73
-53.69
-55.59
-57.51
-59.38
-61.28
-63.16
-65.05
-66.9
-68.84
-70.73
-72.62
-74.49
-75.56
-75.57
-75.54
-75.45
-75.56
-75.55
-75.58
-75.55
-75.55
-75.57
-75.55
-75.26
-73.71
-71.87
-69.87
-67.92
-66.05
-64.13
-62.23
-60.3
-58.43
-56.58
-54.67
-52.77
-50.88
-49.01
-47.1
-45.19
-43.32
-41.43
-39.62
-37.62
-35.76
-33.89
-32.04
-30.08
-28.27
-26.39
-24.45
-22.55
-20.7
-18.81
-16.93
-14.93
-13.1
-11.21
-8.98
-6.34
-3.66
-1.21
1.48
4.24
6.66
9.3
11.31
13.25
15.23
17.06
18.92
20.93
22.73
24.6
26.45
28.36
30.18
32.02
33.97
35.92
37.7
39.58
41.49
43.4
45.32
47.14
49.07
51.11
52.87
54.78
56.64
58.56
60.4
62.31
64.21
