115
49
67
239.59
227.22
223.59
223.53
219.75
236.41
238.88
250.18
241.08
236.52
237.7
229.21
235.08
231.92
230.43
230.2
221.11
222.42
212.25
215.3
221.93
216.31
227.16
226.45
232.42
234.56
240.79
258.85
255.39
267.9
261.52
261.08
251.02
243.3
239.95
232.98
233
238.49
241.38
251.43
245.3
249.8
255.22
250.69
259.02
253.11
254.17
253.38
252.14
250.89
250.61
221.09
252.69
978.49
968.94
965.25
1.47
2.25
-1.99
1.3
0.17
-1.56
-2.43
-239.56
-234.88
-251.6
-245.67
-240.7
-239.35
-239.02
-238.08
-243.06
-240.75
-238.81
-248.02
-230.44
-229.06
-217.54
-215.2
-219.32
-222.5
-241
-236.85
-243.06
-240.79
-235.23
-240.52
-223.61
-215.25
-201.57
-187.9
-185.39
-181.45
-177.5
-176.94
-176.37
-184.26
-192.15
-203.37
-203.48
-207.57
-213.33
-208.68
-214.49
-207.83
-222.61
-227.53
-223.31
-215.49
-204.03
-192.58
-195.79
-205.71
-207.03
-210.16
61.82
59.44
56.77
54.42
51.7
49.37
46.64
44.24
41.65
39.15
36.59
34.04
31.47
29.15
26.56
24.1
21.57
19.1
16.49
14.02
11.38
8.6
5
1.61
-2.09
-5.23
-8.93
-11.68
-14.09
-16.81
-19.34
-21.87
-24.39
-26.95
-29.27
-31.94
-34.28
-36.87
-39.32
-42.06
-44.35
-47.08
-49.43
-52.06
-54.44
-57.14
-59.66
-62.18
-64.65
-67.25
-69.68
-72.22
-74.66
-75.2
-75.19
-75.19
-75.2
-75.2
-75.2
-75.18
-75.22
-75.1
-73.15
-70.49
-67.98
-65.36
-62.87
-60.55
-57.84
-55.52
-52.82
-50.37
-47.76
-45.26
-42.73
-40.27
-37.63
-35.13
-32.69
-30.23
-27.57
-25.13
-22.59
-20.1
-17.54
-15.04
-12.33
-9.96
-6.27
-2.88
0.58
4
7.67
10.76
13.28
15.78
18.17
20.82
23.27
25.85
28.35
30.79
33.19
35.85
38.22
40.9
43.36
45.91
48.52
51.12
53.49
56.1
58.54
61.11
63.6
