115
49
67
186.18
173.46
160.73
172.84
180.32
174.17
178.9
183.63
187.08
190.53
161.21
170.67
160.45
175.87
173.88
164.33
159.79
158.18
178.8
180.32
162.44
181.74
158.46
176.44
194.41
180.88
189.59
221.66
221
225.82
217.5
220.81
221.04
206.55
192.05
183.11
174.17
190.63
201.37
217.47
199.18
180.88
182.92
184.95
160.54
178.42
173.6
188.93
163
193.94
195.64
174.92
198.67
990.41
976.13
978.02
-4.68
-1.91
-4.85
-5.72
-1.56
-3.21
-7.54
-229.24
-219.27
-235.05
-223.65
-218.82
-204.58
-190.33
-191.5
-192.67
-202.85
-215.31
-239.74
-226
-228.1
-218.53
-211.79
-215.92
-223.67
-239.02
-243.02
-248.57
-248.05
-246.4
-243.54
-235.83
-223.39
-214.18
-211.53
-218.35
-216.64
-208.56
-206.98
-204.29
-210.22
-205.82
-211.81
-214.63
-211.97
-215.19
-209.56
-221.65
-223.28
-226.48
-228.6
-220.65
-231.53
-220.51
-216.81
-217.52
-216.67
-228.46
-233.49
61.52
58.9
56.46
53.83
51.42
48.79
46.34
43.97
41.28
38.64
36.29
33.91
31.18
28.72
26.41
23.74
21.28
18.63
16.36
13.62
11.29
8.19
4.8
1.16
-2.29
-5.73
-9.17
-12.09
-14.58
-17.1
-19.58
-22.19
-24.63
-27.16
-29.85
-32.18
-34.85
-37.16
-39.84
-42.31
-44.85
-47.35
-49.96
-52.36
-54.88
-57.43
-60
-62.5
-64.84
-67.53
-69.92
-72.55
-74.93
-75.34
-75.31
-75.34
-75.31
-75.32
-75.34
-75.33
-75.34
-75.3
-73.45
-70.98
-68.23
-65.76
-63.05
-60.78
-58.09
-55.74
-53.08
-50.67
-48
-45.41
-43.05
-40.41
-37.97
-35.43
-33
-30.42
-27.91
-25.38
-22.93
-20.29
-17.82
-15.47
-12.7
-10.36
-6.74
-3.23
0.2
3.47
7.24
10.46
12.83
15.59
17.94
20.6
22.97
25.6
28.08
30.56
32.93
35.58
37.95
40.66
43.13
45.63
48.2
50.74
53.31
55.8
58.25
61.08
63.36
