115
49
67
180.6
194.03
188.64
191.48
190.25
188.17
181.83
175.49
177.48
182.3
173.6
190.53
161.77
171.23
166.69
152.22
165.27
167.73
182.4
165.27
165.75
179.94
181.07
186.28
191.48
180.88
180.88
180.88
186.18
191.48
186.84
185.99
164.61
169.63
168.11
188.36
193.9
192.59
191.29
194.22
196.97
201.41
213.19
208.01
210.44
202.52
194.6
211.96
208.58
205.2
209.74
194.51
217.12
991.27
992.78
990.23
-2.77
-5.89
-6.67
-0.61
-6.33
-3.81
-2.86
-212.25
-201.77
-216.93
-212.86
-198.13
-183.39
-193.45
-196
-198.37
-188.24
-178.11
-183.22
-182.01
-180.53
-194.92
-192.19
-189.46
-166.23
-154.79
-163.55
-169.87
-177.41
-175.68
-184.69
-180.88
-176.55
-177.41
-171.78
-174.03
-179.15
-167.97
-168.83
-165.89
-164.07
-156.96
-161.12
-169.53
-163.29
-175.16
-170.31
-177.41
-193.36
-163.11
-163.29
-172.82
-175.42
-177.93
-170.83
-174.47
-186.08
-180.53
-177.15
61.43
58.94
56.33
53.95
51.31
48.82
46.32
43.93
41.29
38.92
36.24
33.95
31.2
28.93
26.32
23.91
21.24
18.86
16.12
13.68
11.1
8.18
4.48
1.27
-2.47
-5.83
-9.22
-12.1
-14.63
-17.27
-19.64
-22
-24.81
-27.08
-29.8
-32.1
-34.79
-37.09
-39.83
-42.26
-44.88
-47.25
-50
-52.39
-55.06
-57.55
-60.03
-62.52
-64.95
-67.63
-70.16
-72.65
-75.05
-75.35
-75.34
-75.34
-75.34
-75.33
-75.34
-75.33
-75.34
-75.3
-73.72
-71.21
-68.41
-65.82
-63.48
-60.83
-58.49
-55.71
-53.32
-50.69
-48.29
-45.63
-43.21
-40.64
-38.14
-35.62
-33.11
-30.56
-28.13
-25.74
-23.07
-20.72
-17.98
-15.5
-13.17
-10.33
-7.21
-3.61
-0.23
3.42
6.81
10.29
12.7
15.39
17.81
20.44
22.9
25.47
27.91
30.41
32.92
35.43
37.93
40.44
42.81
45.46
47.83
50.55
52.91
55.58
57.92
60.64
63.04
