115
49
67
213.53
215.89
213.1
211.13
209.68
215.19
205.51
204.08
209.04
205.37
210.82
196.28
181.74
184.48
187.22
193.09
192.52
199.76
201.53
203.7
207.76
205.2
219.39
213.52
213.24
218.16
218.82
221.04
211.32
214.41
210.42
215.28
218.24
227.33
239.72
246.4
254.18
249.03
243.39
244.25
242.04
238.66
245.58
236.12
233.2
220.24
227.76
233.6
228.24
222.89
222.98
221.94
277.66
328.09
1041.97
1040.08
-1.65
4.42
-0.35
5.03
-2.34
0.52
-187.12
-178.45
-191.89
-183.05
-182.09
-174.29
-179.58
-185.61
-191.63
-185.73
-181.05
-182.7
-190.24
-192.15
-191.41
-190.67
-182.18
-168.75
-153.84
-170.74
-159.13
-183.13
-166.93
-182.01
-177.85
-168.31
-167.62
-171.26
-190.59
-173.08
-159.39
-159.99
-152.45
-166.23
-157.13
-148.9
-164.33
-153.06
-162.25
-168.83
-172.04
-176.03
-158.09
-152.8
-162.59
-175.16
-175.25
-152.63
-174.38
-172.39
-166.32
-167.19
-153.23
64.23
61.75
59.23
56.67
54.17
51.69
49.15
46.61
44.1
41.66
39.03
36.55
33.91
31.55
29.01
26.54
24.22
21.52
18.89
16.52
14.07
11.45
8.71
4.97
1.61
-1.96
-5.34
-9.02
-11.72
-14.14
-16.85
-19.46
-21.85
-24.52
-26.89
-29.31
-31.94
-34.3
-36.98
-39.36
-42.05
-44.47
-47.17
-49.47
-52.1
-54.53
-57.28
-59.67
-62.26
-64.64
-67.34
-69.72
-72.31
-74.73
-75.89
-75.88
-75.86
-75.88
-75.89
-75.89
-75.37
-73.16
-70.5
-68.09
-65.72
-62.98
-60.67
-58.02
-55.63
-52.95
-50.56
-47.9
-45.56
-42.88
-40.51
-37.78
-35.35
-32.71
-30.34
-27.74
-25.29
-22.74
-20.28
-17.61
-15.22
-12.59
-10.07
-6.46
-3.12
0.15
3.85
7.11
10.7
13
15.71
17.99
20.67
23.07
25.82
28.14
30.72
33.06
35.74
38.2
40.77
43.26
45.8
48.3
50.95
53.33
55.96
58.47
60.99
63.45
66.06
