115
49
67
174.73
174.45
175.96
183.15
186.94
181.17
191.76
194.6
207.94
204.77
204.89
202.07
197.39
192.71
179.09
189.97
187.75
185.52
185.52
185.52
202.41
208.11
223.06
223.26
232.44
242.24
247.65
248.8
250.08
245.28
227.13
217.59
211.01
200.96
190.91
194.32
194.89
198.34
208.35
223.8
235.78
240.31
244.52
239.8
238.54
241.45
241.11
241.17
233.64
226.1
228.85
235.94
224.59
973.29
971.59
968.47
-1.47
-1.56
0.26
0.17
-0.52
-0.09
0.26
-223.35
-213.9
-212.6
-212.56
-210.58
-212.85
-219.53
-235.43
-226.66
-222.23
-209.88
-200.27
-190.67
-185.3
-173.86
-175.51
-170.13
-183.13
-180.79
-193.01
-170.83
-190.5
-208.53
-225.3
-217.7
-198.12
-178.54
-179.06
-177.07
-179.84
-182.61
-171.17
-158.43
-169.01
-176.55
-152.63
-176.98
-156.35
-163.55
-173.43
-168.57
-179.84
-178.37
-188.59
-181.83
-171.87
-169.18
-150.81
-149.33
-135.47
-153.49
-158.43
61.89
59.15
56.71
54.17
51.79
49.08
46.7
44.09
41.7
39.16
36.43
33.97
31.44
28.93
26.49
23.9
21.5
18.89
16.55
14.09
11.46
8.71
5
1.75
-1.97
-5.57
-8.84
-11.89
-14.35
-16.88
-19.2
-21.95
-24.54
-26.95
-29.57
-31.98
-34.55
-37
-39.63
-42.01
-44.65
-47.08
-49.67
-52.15
-54.71
-57.16
-59.81
-62.19
-64.77
-67.39
-69.69
-72.39
-74.73
-75.1
-75.07
-75.14
-75.14
-75.11
-75.1
-75.13
-75.12
-75.03
-73.38
-70.63
-68.16
-65.51
-63.09
-60.48
-57.94
-55.45
-52.9
-50.51
-47.9
-45.47
-42.82
-40.45
-37.73
-35.44
-32.77
-30.36
-27.77
-25.3
-22.7
-20.36
-17.75
-15.38
-12.6
-10.23
-6.48
-3.34
0.18
3.84
7.13
10.53
12.96
15.66
18.02
20.66
23.21
25.78
28.32
30.69
33.05
35.74
38.09
40.72
43.12
45.8
48.16
50.83
53.35
55.73
58.46
60.76
63.59
