115
49
67
144.65
170
149.19
153.73
155.72
167.64
186.47
168.49
168.96
149.48
140.39
156.57
127.91
138.78
138.78
150.04
150.23
136.8
160.64
139.54
153.07
143.7
145.41
171.52
155.44
156.19
154.21
165.56
189.11
168.21
189.87
171.71
177.29
182.02
176.82
185.76
194.7
201.04
206.47
212.27
201.82
191.38
188.55
185.71
172.84
187.7
161.11
163.48
165.84
172.94
188.26
163.95
177.86
980.1
974.62
973.29
-3.73
-2.51
-0.43
-3.99
-6.67
-1.13
-2.69
-216.33
-227.08
-230.46
-223.92
-224.63
-222.86
-232.42
-236.46
-244.12
-248.25
-251.27
-267.86
-252.19
-248.39
-239.29
-238.26
-235.01
-230.22
-230.29
-224.7
-225.8
-222.23
-222.1
-230.96
-223.51
-213.98
-201.38
-188.77
-199.65
-195.42
-191.19
-188.42
-185.65
-195.36
-192.02
-188.68
-189.2
-189.72
-192.15
-190.59
-189.03
-203.16
-211.17
-217.05
-224.05
-227.17
-217.46
-216.41
-213.94
-216.52
-215.3
-211.82
61.4
58.98
56.41
54
51.45
48.98
46.32
43.74
41.39
38.72
36.34
33.97
31.26
28.96
26.28
23.84
21.26
18.83
16.21
13.84
11.17
8.36
4.71
1.4
-2.34
-5.77
-9.39
-12.09
-14.59
-17.1
-19.56
-22.19
-24.59
-27.25
-29.7
-32.25
-34.67
-37.19
-39.8
-42.36
-44.84
-47.14
-49.86
-52.19
-54.91
-57.26
-59.93
-62.45
-64.79
-67.55
-69.88
-72.54
-74.9
-75.2
-75.17
-75.17
-75.2
-75.2
-75.16
-75.18
-75.21
-75.11
-73.5
-70.79
-68.01
-65.65
-63.03
-60.41
-58.05
-55.69
-52.98
-50.62
-47.93
-45.53
-42.85
-40.48
-37.77
-35.4
-32.79
-30.42
-27.8
-25.37
-22.73
-20.32
-17.65
-15.24
-12.61
-10.07
-6.52
-2.99
0.32
3.85
7.24
10.39
13.07
15.43
18.19
20.48
23.18
25.51
28.26
30.52
33.17
35.5
38.21
40.52
43.21
45.74
48.12
50.81
53.25
55.83
58.37
60.92
63.38
