113
48
66
223.46
213.43
213
210.85
199.09
187.32
183.06
178.8
177.67
186.09
185.33
194.7
177.29
184.91
192.52
205.72
210.47
219.24
209.33
204.57
206.16
196.93
187.7
185.1
182.49
188.74
193.47
215.28
222.16
231.56
221.55
211.34
203.96
202.07
203.92
205.83
200.03
194.22
182.87
165.08
193.28
188.36
172.75
179.28
164.61
176.63
189.11
197.25
205.39
193.47
195.36
191.86
474.25
920.69
923.43
-5.81
-7.19
-4.85
-3.99
-3.73
-2.77
-181.49
-169.35
-174.64
-175.68
-168.4
-156.79
-150.03
-161.47
-159.04
-148.47
-172.56
-160.43
-161.29
-149.94
-170.48
-177.85
-169.87
-178.45
-154.79
-166.93
-172.3
-189.29
-187.21
-185.13
-187.29
-149.33
-156.53
-153.67
-157.48
-174.99
-173.51
-172.39
-158.09
-172.3
-192.06
-150.98
-184.09
-154.62
-152.8
-153.58
-158.35
-167.45
-167.27
-149.33
-159.3
-149.68
-171.69
-167.88
-173.08
-165.54
-174.38
-192.75
61.51
58.83
56.41
53.77
51.37
48.74
46.27
43.87
41.16
38.74
36.04
33.68
31.32
28.76
26.35
23.65
21.24
18.57
16.18
13.6
11.21
8.05
4.7
1.04
-2.35
-5.92
-9.44
-12.16
-14.68
-17.22
-19.71
-22.39
-24.8
-27.2
-29.89
-32.24
-34.85
-37.34
-39.91
-42.39
-44.86
-47.47
-49.84
-52.49
-54.96
-57.61
-59.99
-62.63
-65.02
-67.48
-70.18
-72.56
-75.15
-75.33
-75.32
-75.31
-75.34
-75.35
-75.33
-75.3
-73.6
-71.17
-68.44
-65.99
-63.32
-60.97
-58.26
-55.84
-53.25
-50.77
-48.3
-45.73
-43.21
-40.68
-38.23
-35.55
-33.21
-30.65
-28.21
-25.64
-23.23
-20.57
-18.22
-15.52
-13.13
-10.38
-7.02
-3.57
-0.23
3.48
6.76
10.06
12.68
15.27
17.77
20.18
22.79
25.27
28
30.45
32.78
35.5
37.86
40.46
42.92
45.25
48.02
50.38
53.12
55.49
58.13
60.58
63.17
