115
49
67
171.42
172.04
172.65
187.6
182.87
173.22
173.89
174.55
174.22
173.88
167.26
162.81
154.11
162.53
144.56
156.67
151.56
149.1
175.11
171.04
174.73
176.82
193.05
200.07
203.15
208.76
212.47
218.34
211.25
217.16
209.43
210.67
200.56
190.44
177.1
181.69
186.28
201.46
210.33
221.86
206.2
190.53
188.93
187.32
179.94
181.36
178.52
177.19
161.96
181.26
189.59
176.44
273.5
936.02
932.71
931.67
1.65
-0.35
1.56
-2.86
-1.04
-1.3
0.26
-219.62
-201.33
-211.21
-185.13
-194.97
-198.32
-202.6
-202.32
-209.71
-209.29
-215.5
-239.27
-227.28
-228.74
-221.1
-210.18
-211.34
-206.38
-215.13
-215.77
-217.95
-228.06
-219.9
-230.64
-229.42
-219.75
-221.94
-211.34
-224.45
-218.09
-208.71
-204.98
-197.87
-190.76
-184.78
-174.99
-182.53
-177.93
-191.02
-186.73
-182.44
-189.29
-202.76
-207.21
-211.51
-224.66
-218.46
-220.47
-217.27
-221.78
-226.47
-228.98
61.64
58.91
56.5
54.01
51.53
48.85
46.43
43.8
41.5
38.8
36.38
33.73
31.33
28.71
26.36
23.71
21.26
18.72
16.29
13.67
11.2
8.35
4.69
1.2
-2.37
-5.77
-9.31
-11.98
-14.68
-17.05
-19.62
-22.18
-24.65
-27.2
-29.81
-32.25
-34.55
-37.2
-39.63
-42.23
-44.66
-47.32
-49.68
-52.44
-54.74
-57.45
-59.88
-62.43
-64.8
-67.53
-69.91
-72.57
-74.92
-75.31
-75.31
-75.32
-75.31
-75.34
-75.32
-75.32
-75.32
-75.24
-73.45
-70.9
-68.29
-65.72
-63.21
-60.58
-58.23
-55.57
-53.16
-50.5
-48.11
-45.53
-43.01
-40.68
-37.96
-35.63
-32.97
-30.62
-28
-25.62
-22.91
-20.45
-17.8
-15.42
-12.75
-10.27
-6.64
-3.37
0.28
3.55
7.23
10.33
12.79
15.46
18.01
20.53
23.18
25.51
28.19
30.58
32.86
35.5
37.92
40.58
42.95
45.57
47.98
50.67
53.07
55.69
58.13
60.87
63.28
