115
49
67
147.3
157.52
157.89
167.73
169.06
174.55
183.63
187.98
178.14
168.3
172.65
161.21
153.64
166.98
145.69
167.64
151.56
151.27
166.22
162.81
166.6
177.1
180.22
183.91
186.94
184.67
171.8
184.38
181.92
172.94
175.78
172.27
166.22
149.95
151.18
153.16
159.98
163.76
179.65
180.22
184.48
178.99
183.25
178.61
168.21
165.46
171.61
174.92
157.14
146.16
144.27
152.88
164.33
995.62
984.27
985.4
0.17
-2.6
0.61
-2.51
0.35
-1.3
0.87
-231.76
-212.77
-212.6
-224.22
-231.28
-231.56
-236.21
-246.03
-252.97
-256.62
-251.77
-256.85
-248.94
-254.65
-245.67
-240.71
-240.48
-233.73
-233.18
-230.3
-228.21
-241.55
-241.38
-250.69
-246.73
-244.05
-238.86
-230.8
-240.25
-237.78
-243.22
-238.48
-239.02
-243.15
-223.28
-232.63
-225.56
-225.62
-233.02
-240.23
-253.98
-262.58
-261.82
-257.49
-243.15
-242.22
-237.81
-246.05
-243.62
-233.79
-228.92
-221.02
61.62
59.25
56.6
54.21
51.5
48.97
46.36
43.93
41.42
38.95
36.28
33.9
31.26
28.89
26.35
23.9
21.25
18.81
16.19
13.82
11.17
8.33
4.98
1.22
-2.01
-5.67
-8.96
-11.99
-14.36
-17.04
-19.37
-22.07
-24.57
-27.19
-29.57
-32.18
-34.61
-37.17
-39.63
-42.22
-44.78
-47.23
-49.7
-52.34
-54.74
-57.35
-59.84
-62.5
-64.83
-67.41
-70.05
-72.49
-74.93
-75.13
-75.17
-75.17
-75.17
-75.17
-75.17
-75.19
-75.18
-75.15
-73.31
-70.87
-68.06
-65.72
-63.05
-60.68
-58.03
-55.69
-52.96
-50.57
-47.93
-45.63
-42.91
-40.48
-37.79
-35.55
-32.81
-30.55
-27.88
-25.4
-22.76
-20.27
-17.72
-15.38
-12.66
-10.25
-6.64
-3.31
0.3
3.69
7.23
10.52
13.07
15.57
18.13
20.61
23.25
25.66
28.19
30.59
32.94
35.65
38.01
40.68
43.12
45.74
48.15
50.78
53.32
55.83
58.35
60.91
63.29
