114
49
67
238.98
238.07
229.96
232.15
223.36
211.72
204.35
209.83
211.92
208.32
210.02
213.8
205.76
210.4
202.74
208.22
213.66
222.06
224.08
207.64
191.2
200.66
206.1
203.1
199.98
201.12
195.64
190.16
185.9
184.48
183.06
182.11
185.52
188.93
187.51
189.64
191.76
183.63
171.61
179.84
170.76
187.6
184.19
182.4
167.73
182.49
188.22
193.94
197.77
201.6
191.67
188.36
192.33
486.55
981.52
986.72
3.73
1.65
0.52
3.9
-0.87
-1.04
-198.82
-178.02
-190.67
-189.89
-196.96
-192.6
-188.25
-177.15
-172.47
-175.07
-173.34
-178.45
-163.55
-162.25
-161.29
-163.11
-177.15
-190.93
-171.26
-190.5
-174.73
-180.88
-176.29
-175.59
-169.53
-171.78
-179.15
-156.53
-168.66
-173
-177.33
-179.19
-181.05
-201.55
-192.99
-184.43
-180.23
-176.03
-189.2
-193.97
-194.05
-185.26
-176.46
-192.06
-194.71
-196.16
-195.32
-194.49
-206.02
-212.82
-221.77
-210.29
63.97
61.58
58.82
56.47
53.8
51.29
48.71
46.28
43.91
41.24
38.85
36.21
33.81
31.19
28.89
26.24
23.88
21.18
18.8
16.15
13.64
11.05
8.12
4.44
1.08
-2.58
-5.82
-9.49
-12.02
-14.71
-17.11
-19.77
-22.18
-24.8
-27.28
-29.87
-32.35
-34.88
-37.24
-39.94
-42.31
-44.93
-47.39
-50
-52.46
-55
-57.52
-60.16
-62.55
-64.9
-67.58
-70
-72.63
-75
-75.18
-75.19
-75.18
-75.19
-75.18
-75.18
-75.09
-73.48
-70.54
-68.16
-65.52
-63.1
-60.43
-58.03
-55.38
-52.88
-50.25
-47.8
-45.28
-42.79
-40.22
-37.75
-35.21
-32.73
-30.17
-27.67
-25.17
-22.64
-20.28
-17.53
-15.09
-12.56
-10.14
-6.37
-3.24
0.49
3.74
7.46
10.63
13.21
15.65
18.22
20.67
23.37
25.8
28.35
30.74
33.36
35.75
38.37
40.8
43.44
45.91
48.48
50.94
53.56
55.88
58.55
60.98
63.62
