115
49
67
142.57
153.26
139.26
144.65
143.7
135.38
147.2
144.74
143.8
137.93
134.05
144.37
133.77
137.65
129.04
133.68
139.54
133.11
151.75
138.12
143.14
158.18
145.79
165.84
136.7
146.83
129.99
142.76
140.3
140.11
158.46
152.22
147.11
149.57
144.08
165.46
157.8
164.23
158.08
156.85
158.27
151.93
161.3
160.73
134.43
148.72
151.46
157.89
155.53
162.72
156.67
150.14
163.57
969.98
968.56
969.13
5.46
1.13
3.03
1.91
3.55
-2.43
3.81
-168.57
-154.36
-160.6
-157.74
-142.57
-137.89
-135.99
-138.59
-145.17
-144.05
-142.92
-146.3
-160.77
-145.35
-159.13
-145.69
-161.55
-148.99
-139.28
-144.31
-135.99
-153.67
-135.81
-131.82
-135.03
-134.43
-139.8
-136.59
-142.31
-156.61
-132.78
-148.38
-133.73
-139.19
-143.7
-117.96
-133.73
-122.98
-124.72
-129.74
-122.38
-134.77
-132.52
-138.85
-142.4
-135.81
-144.57
-136.42
-136.51
-140.49
-128.01
-131.04
61.38
58.89
56.33
53.91
51.25
48.84
46.28
43.73
41.16
38.72
36.13
33.81
31.03
28.66
26.41
23.68
21.31
18.66
16.32
13.63
11.08
7.98
4.36
1.13
-2.27
-5.9
-9.31
-12.21
-14.64
-17.25
-19.72
-22.3
-24.78
-27.37
-29.76
-32.4
-34.79
-37.4
-39.87
-42.17
-44.88
-47.25
-49.98
-52.28
-55.03
-57.38
-60.04
-62.4
-65.07
-67.57
-70.2
-72.59
-75.12
-75.29
-75.3
-75.3
-75.29
-75.28
-75.28
-75.3
-75.3
-75.26
-73.38
-70.9
-68.15
-65.75
-63.17
-60.76
-58.14
-55.73
-53.09
-50.71
-48.04
-45.66
-42.97
-40.61
-38.17
-35.56
-33.13
-30.6
-28.21
-25.37
-23.11
-20.39
-18.07
-15.43
-12.9
-10.19
-6.87
-3.46
-0.03
3.62
6.98
10.44
12.88
15.49
17.95
20.22
23.02
25.32
28.05
30.3
32.96
35.3
37.97
40.33
43.02
45.37
48.1
50.48
53.15
55.51
58.23
60.57
63.29
