115
49
67
177.48
175.49
166.41
180.22
164.8
161.02
171.42
170.1
173.6
167.73
169.06
182.11
159.41
168.96
161.3
170.86
191.2
180.79
193.94
172.46
178.61
184.01
172.18
180.32
163.85
174.64
185.42
169.91
186.47
167.45
194.98
181.07
194.98
194.41
186.09
180.32
182.3
164.33
180.98
180.13
186.47
193.75
188.55
183.34
169.63
154.87
180.6
176.72
174.45
180.41
186.37
187.03
180.69
941.98
935.64
933.75
5.63
1.13
2.6
-0.43
5.81
-0.61
-0.43
-232.36
-242.42
-227.86
-230.11
-231.72
-224.93
-222.75
-233.28
-241.7
-236.69
-234.31
-232.21
-229.68
-226.08
-219.56
-219.24
-227.75
-226.42
-235.2
-225.24
-223.82
-228.83
-225.57
-224.42
-225.79
-235.79
-222.81
-218.96
-231.86
-227.78
-231.29
-219.91
-225.31
-231.87
-230.08
-232.22
-218.6
-222.71
-225.37
-233.59
-242.46
-237.37
-236.04
-233.98
-222.99
-220.74
-219.83
-228.79
-226.11
-226.21
-229.24
-228.38
61.6
59.21
56.47
54.11
51.41
48.92
46.45
43.97
41.34
38.91
36.41
33.87
31.23
28.87
26.29
23.96
21.27
18.83
16.28
13.78
11.21
8.4
4.68
1.34
-2.23
-5.65
-8.92
-11.95
-14.32
-17.01
-19.54
-22.05
-24.6
-27.15
-29.49
-32.14
-34.61
-37.14
-39.67
-42.21
-44.73
-47.22
-49.66
-52.28
-54.78
-57.33
-59.79
-62.44
-64.8
-67.42
-69.93
-72.49
-74.97
-75.17
-75.16
-75.16
-75.18
-75.21
-75.18
-75.18
-75.16
-75.15
-73.34
-70.83
-68.02
-65.71
-63.05
-60.69
-57.93
-55.66
-53.03
-50.62
-48
-45.6
-42.91
-40.57
-37.8
-35.49
-32.81
-30.55
-27.88
-25.5
-22.81
-20.42
-17.73
-15.41
-12.63
-10.27
-6.65
-3.44
0.39
3.52
7.38
10.4
13.05
15.51
18.09
20.58
23.19
25.67
28.16
30.48
33.15
35.63
38.18
40.62
43.25
45.62
48.37
50.72
53.42
55.77
58.47
60.81
63.47
