43
29
46
220.15
227.05
226.86
239.54
254.96
251.65
246.78
239.18
248.44
260.83
261.59
258.79
245.86
245.53
245.61
249.01
253.21
252.43
254.74
250.31
246.39
252
237.25
235.7
225.56
227.49
233.84
237.35
246.54
255.72
228.19
217.4
966.76
961.18
960.71
-5.72
-7.71
-5.81
-4.85
-5.55
-3.21
-7.11
-286.7
8.17
4.82
1.14
-2.12
-5.74
-9.06
-11.77
-14.47
-16.85
-19.54
-21.91
-24.54
-26.96
-29.58
-31.95
-34.6
-36.96
-39.75
-42.01
-44.76
-47.19
-49.73
-52.21
-54.82
-57.22
-59.88
-62.28
-64.87
-67.34
-69.96
-72.4
-75.01
-75.43
-75.46
-75.46
-75.45
-75.44
-75.47
-75.45
-75.44
-75.31
-73.3
-70.9
