115
49
67
245.03
235.57
225.3
212.89
202.28
191.67
192.67
193.66
191.2
188.74
168.3
167.92
190.25
192.99
192.43
210.59
215.42
224.59
207.09
189.59
209.08
203.12
200.32
188.29
176.25
175.02
191.76
202.03
209.81
213.13
215.22
221.85
234.67
223.9
216.87
210.7
202.7
194.7
178.71
172.18
183.06
193.94
177.29
171.71
170.95
170.29
182.21
192
192.97
193.94
189.11
191.76
188.26
1014.63
1004.23
1008.01
2.43
-0.35
1.47
-2.86
0.09
0.43
-2.25
-216.76
-219.62
-211.56
-208.05
-200.75
-193.45
-188.51
-200.9
-201.42
-210.78
-215.81
-217.54
-220.75
-224.52
-228.22
-228.43
-238.16
-244.14
-241.24
-229.39
-226.29
-224.95
-225.36
-225.48
-217.57
-213.61
-210.94
-220.31
-237.86
-240.7
-242.77
-238.26
-240.69
-244.02
-237.33
-239.09
-231.01
-217.08
-216.18
-208.33
-212.76
-213.41
-225.06
-230.01
-229.1
-238.36
-239.39
-238.09
-240.81
-251.32
-255.84
-253.38
61.44
59.01
56.4
53.93
51.29
48.91
46.25
43.87
41.46
38.77
36.42
33.79
31.37
28.77
26.36
23.71
21.3
18.68
16.3
13.53
11.23
8.05
4.71
1.12
-2.31
-5.86
-9.28
-12.06
-14.61
-17.21
-19.57
-22.3
-24.67
-27.33
-29.77
-32.21
-34.74
-37.09
-39.84
-42.16
-44.82
-47.21
-49.91
-52.33
-54.92
-57.48
-59.98
-62.42
-65.03
-67.55
-70.18
-72.54
-75
-75.19
-75.2
-75.2
-75.21
-75.2
-75.19
-75.19
-75.24
-75.17
-73.77
-70.9
-68.4
-65.98
-63.33
-60.94
-58.24
-55.88
-53.15
-50.86
-48.08
-45.83
-43.08
-40.76
-38.05
-35.7
-33.01
-30.61
-28.05
-25.61
-22.93
-20.54
-17.95
-15.51
-12.86
-10.46
-6.9
-3.61
0.03
3.43
7.03
10.29
12.9
15.37
17.96
20.35
22.95
25.46
28.09
30.31
32.99
35.46
38.05
40.43
43.12
45.49
47.89
50.52
53.2
55.69
57.99
60.67
63.06
