115
49
67
272.94
262.39
257.44
254.26
250.12
259.3
251.08
250.42
246.96
235.02
237.28
232.55
232.92
234.1
231.14
232.93
228.05
236.58
231.72
231
233
228.32
232.94
242.24
234.93
236.29
247.33
263.06
262.23
268.67
266.02
264.84
259.62
255.92
267.4
261.42
257.29
265.87
265.33
271.59
264.22
260.21
251.1
247.21
253.22
248.6
256.22
255.26
253.69
252.12
263.47
257.51
273.79
923.53
915.01
907.35
3.81
-0.26
1.47
0.87
-2.86
-1.82
-1.39
-230.89
-227.42
-232.62
-226.3
-225.56
-207.64
-189.72
-187.9
-186.08
-203.11
-211.15
-225.4
-222.38
-232.14
-225.18
-223.7
-230.42
-218.26
-227.91
-223.59
-223.38
-232.25
-215.28
-222.39
-205.84
-189.29
-185.47
-191.37
-171.26
-184.18
-193.45
-190.72
-187.99
-177.59
-193.53
-173.43
-179.76
-186.08
-174.12
-193.62
-171.95
-182.35
-192.75
-205.49
-208.14
-218.65
-216.79
-218.9
-229.45
-227.78
-234.1
-239.78
61.87
59.18
56.81
54.17
51.76
49.05
46.54
44.02
41.58
38.89
36.53
33.93
31.47
28.99
26.57
23.96
21.51
18.89
16.49
13.86
11.45
8.37
4.93
1.45
-1.91
-5.55
-8.96
-11.84
-14.35
-16.93
-19.41
-22.03
-24.45
-27.06
-29.54
-32.02
-34.54
-36.84
-39.62
-41.97
-44.7
-47.07
-49.69
-52.12
-54.7
-57.25
-59.89
-62.19
-64.85
-67.21
-69.88
-72.32
-74.91
-75.28
-75.29
-75.29
-75.27
-75.31
-75.29
-75.31
-75.31
-75.15
-73.31
-70.52
-68.09
-65.36
-62.94
-60.37
-57.99
-55.25
-52.94
-50.27
-47.92
-45.28
-42.85
-40.23
-37.81
-35.19
-32.71
-30.15
-27.67
-25.06
-22.67
-20.05
-17.59
-15.02
-12.53
-9.8
-6.24
-3.12
0.66
3.85
7.62
10.57
13.22
15.74
18.36
20.66
23.41
25.77
28.48
30.8
33.42
35.85
38.44
40.89
43.48
45.86
48.52
50.89
53.61
56.03
58.65
61.11
63.45
