115
49
67
241.43
229.61
230.74
218.07
224.54
233.7
224.22
226.77
214.8
216.24
213.28
204.41
206.37
204.03
207.45
201.36
199.68
208.59
207.79
210.85
214.5
216.19
220.91
220.29
220.83
217.88
230.51
253.14
258.16
264.79
263.19
260.11
258.06
255.8
267.91
260.96
252.76
257.03
256.94
269.1
248.55
245.41
235.14
229.49
238.34
231.23
240.78
238.5
256.62
274.73
265.37
249.95
291.29
973.2
968.28
967.61
-0.43
-2.08
-1.82
0.09
1.13
-2.69
-2.77
-254.98
-224.82
-248.14
-193.19
-194.49
-189.12
-183.74
-181.06
-178.37
-187.95
-195.59
-217.62
-207.87
-207.98
-204.62
-210.47
-227.92
-225.03
-231.68
-232.07
-228.83
-235.19
-223.46
-225.01
-205.33
-185.65
-172.82
-179.67
-153.75
-189.81
-168.49
-174.38
-173.77
-157.74
-176.2
-161.81
-170.05
-157.05
-158.69
-168.31
-158.09
-182.87
-175.77
-187.99
-190.41
-191.11
-181.53
-171.95
-186.69
-197.09
-208.92
-209.07
61.7
59.02
56.67
53.96
51.57
48.88
46.43
43.87
41.53
38.82
36.49
33.8
31.21
28.99
26.31
23.95
21.3
18.85
16.25
13.85
11.23
8.12
4.68
1.17
-2.16
-5.83
-9.12
-12.02
-14.61
-16.93
-19.54
-22
-24.5
-27.22
-29.56
-32.09
-34.53
-37.19
-39.59
-42.23
-44.81
-47.29
-49.66
-52.33
-54.96
-57.33
-60
-62.43
-64.98
-67.45
-70.11
-72.47
-74.95
-75.14
-75.16
-75.17
-75.16
-75.16
-75.14
-75.17
-75.17
-75.12
-73.71
-70.9
-68.4
-65.74
-63.29
-60.64
-58.25
-55.65
-53.32
-50.64
-48.11
-45.75
-43.05
-40.49
-38.08
-35.66
-32.99
-30.72
-27.99
-25.66
-23
-20.37
-18
-15.34
-12.88
-10.16
-6.85
-3.63
0.18
3.6
7.15
10.4
12.94
15.41
17.95
20.39
23.06
25.54
28.14
30.45
32.8
35.5
38.04
40.47
43.18
45.53
48.16
50.64
53.29
55.62
58.09
60.69
63.25
