115
49
67
209.12
210.9
208.14
205.54
209.24
211.57
214.96
208.14
210.22
214.61
224.14
221.01
211.78
212.36
209.4
213.07
213.72
219.96
224.59
214.94
213.38
223.01
238.7
247.25
228.69
241.07
237.75
245.31
245.74
243.77
249.08
238.4
241.8
236.37
241.88
257.17
249.3
250.38
242.17
234.23
232.58
224.66
231.67
237.55
238.83
231.61
227.39
232.1
229.43
226.77
223.65
208.41
212.95
315.6
953.23
942.36
2.95
1.99
2.08
2.08
-5.29
-0.95
-195.87
-190.93
-195.27
-213.9
-199.43
-184.95
-198.21
-212.43
-206.58
-205.43
-199.61
-193.79
-193.36
-205.24
-211.78
-210.8
-208.63
-198.13
-187.64
-203.07
-215.24
-209.5
-215.21
-210.96
-204.81
-197.83
-190.85
-198.65
-192.89
-187.12
-176.29
-171
-164.85
-174.34
-183.83
-176.55
-183.57
-178.37
-186.34
-188.51
-190.63
-192.75
-177.15
-172.82
-184.95
-175.59
-165.28
-160.86
-170.65
-180.45
-174.12
-159.82
-164.33
64.08
61.48
59.01
56.43
53.95
51.36
48.89
46.29
43.88
41.26
38.79
36.22
33.83
31.41
28.82
26.47
23.86
21.44
18.75
16.42
13.64
11.35
8.12
4.91
1.14
-2.16
-5.71
-9.01
-12.02
-14.43
-17.13
-19.55
-22.19
-24.57
-27.2
-29.76
-32.21
-34.69
-37.23
-39.76
-42.37
-44.75
-47.38
-49.8
-52.45
-54.85
-57.49
-59.92
-62.59
-64.93
-67.54
-70.13
-72.52
-75
-75.56
-75.58
-75.55
-75.58
-75.55
-75.59
-75.36
-73.33
-70.88
-68.15
-65.76
-63.13
-60.7
-58.11
-55.65
-53.06
-50.65
-48
-45.6
-43.19
-40.56
-37.85
-35.47
-32.86
-30.55
-27.93
-25.47
-22.86
-20.36
-17.79
-15.34
-12.7
-10.26
-6.97
-3.38
0.25
3.68
7.14
10.38
13.07
15.44
17.84
20.52
22.88
25.61
27.95
30.55
32.89
35.55
37.96
40.59
43.14
45.57
48.07
50.76
53.3
55.8
58.3
60.88
63.31
65.92
