115
49
67
172.94
178.99
174.26
170.38
160.07
153.35
156.85
155.81
154.58
157.42
156.67
183.53
188.83
199.38
196.57
193.75
192.19
190.63
155.91
150.23
157.33
160.92
147.58
154.3
149.57
157.89
172.46
162.63
174.92
159.98
170.86
173.5
172.37
180.79
152.31
160.83
158.18
160.07
157.52
140.3
164.8
143.99
162.06
154.96
168.49
194.51
183.63
187.42
191.2
212.95
220.43
193.47
207.18
922.02
921.92
915.96
-3.81
-0.87
5.55
-0.26
7.45
-0.17
1.04
-232.45
-216.67
-225.95
-221.44
-212.52
-193.58
-174.64
-181.4
-151.41
-175.25
-145
-165.19
-166.75
-157.05
-175.25
-160.69
-179.23
-192.23
-190.67
-177.93
-165.19
-172.21
-166.49
-163.72
-174.64
-149.77
-151.76
-152.28
-144.13
-152.11
-150.55
-156.18
-138.33
-152.63
-191.02
-197.35
-194.79
-192.23
-190.41
-182.61
-176.2
-150.81
-151.33
-165.97
-166.41
-154.19
-171.17
-174.47
-187.95
-193.43
-200.24
-210.71
61.45
58.93
56.44
54.13
51.57
48.99
46.47
43.8
41.25
38.72
36.21
33.96
31.35
28.94
26.32
23.76
21.27
18.93
16.39
13.72
11.26
8.25
4.65
1.2
-2.39
-5.85
-8.94
-11.94
-14.56
-17.04
-19.59
-22.18
-24.47
-27.18
-29.68
-32.2
-34.74
-37.16
-39.85
-42.24
-44.62
-47.12
-49.74
-52.27
-54.81
-57.38
-59.95
-62.24
-64.92
-67.48
-70.05
-72.53
-75.05
-75.29
-75.28
-75.28
-75.29
-75.27
-75.29
-75.27
-75.29
-75.26
-73.54
-70.75
-68.04
-65.5
-62.87
-60.36
-57.89
-55.35
-52.98
-50.4
-47.89
-45.31
-42.73
-40.24
-37.64
-35.36
-32.68
-30.31
-27.69
-25.17
-22.6
-20.05
-17.5
-15.24
-12.56
-10.03
-6.4
-2.94
0.61
4.06
7.27
10.69
13.15
15.78
18.26
20.8
23.3
25.83
28.42
30.62
33.26
35.79
38.38
40.82
43.45
45.96
48.28
50.9
53.49
55.99
58.5
61.12
63.62
