114
49
66
166.6
162.91
174.83
179.94
171.04
166.98
168.87
177.95
182.68
171.33
168.77
176.06
182.11
147.2
168.49
165.84
169.82
171.23
165.75
183.91
173.98
174.45
176.34
168.59
190.34
164.71
181.92
162.25
163.1
177.19
176.91
170.76
153.07
162.81
162.44
178.05
187.13
178.14
180.13
185.8
165.56
170
185.42
175.3
188.55
162.34
168.11
147.3
163.67
175.21
161.49
160.35
165.65
438.68
930.25
927.79
-1.91
-6.15
-3.47
0.87
0.87
0.09
-178.28
-170.57
-171.09
-172.3
-160.08
-152.37
-155.49
-170.57
-166.23
-160.51
-155.66
-155.66
-163.46
-159.73
-165.97
-166.84
-145.35
-154.97
-147.77
-141.88
-145.43
-154.53
-163.55
-163.81
-160.86
-149.42
-163.29
-169.44
-169.96
-161.99
-156.35
-157.05
-149.85
-167.01
-161.55
-157.31
-155.14
-153.23
-148.9
-160.51
-172.99
-166.32
-158.26
-162.59
-154.62
-152.28
-157.65
-160.34
-162.42
-162.77
-152.45
-148.47
63.74
61.23
58.64
56.15
53.79
51.3
48.76
46.08
43.59
41.12
38.46
36
33.44
30.86
28.63
25.98
23.5
21.18
18.49
16.05
13.5
10.9
7.87
4.21
0.93
-2.82
-6.21
-9.41
-12.18
-14.84
-17.29
-19.85
-22.34
-25
-27.44
-30.08
-32.47
-35.06
-37.57
-39.9
-42.48
-45.04
-47.5
-50.12
-52.56
-55.22
-57.7
-60.1
-62.63
-65.14
-67.83
-70.36
-72.82
-74.96
-75.01
-75.02
-75.04
-75.04
-75.03
-75.04
-75.06
-74
-71.02
-68.1
-65.65
-63.08
-60.47
-57.91
-55.69
-53.01
-50.46
-47.92
-45.37
-42.83
-40.29
-37.72
-35.33
-32.74
-30.48
-27.84
-25.31
-22.69
-20.22
-17.62
-15.07
-12.71
-10.07
-6.56
-3.17
0.37
3.9
7.55
10.69
13.23
15.77
18.22
20.7
23.1
25.57
28.31
30.65
33.22
35.71
38.27
40.72
43.42
45.84
48.47
50.81
53.41
55.89
58.51
61.05
63.6
