115
49
67
196.78
187.79
178.8
162.63
164.42
155.06
164.42
158.75
168.96
157.99
154.02
166.69
174.45
165.94
163.85
163.48
189.59
164.61
181.92
155.34
139.54
177.19
133.49
159.12
143.8
144.18
158.37
174.36
177.29
185.8
182.68
167.54
179.56
194.98
175.78
175.11
161.02
146.07
138.97
146.45
141.24
143.8
143.61
145.03
149
149.29
162.25
153.16
158.94
148.53
155.91
152.12
149.29
963.45
953.8
957.21
2.25
-3.64
3.21
1.04
-1.82
-0.78
0.95
-152.97
-159.82
-160.34
-152.45
-150.03
-148.03
-141.45
-149.59
-151.15
-145.17
-161.99
-134.25
-137.2
-157.13
-145.26
-158.43
-163.29
-178.28
-176.89
-178.02
-168.57
-163.89
-169.87
-161.73
-163.46
-139.97
-139.37
-133.65
-139.02
-157.31
-163.55
-151.67
-155.49
-167.97
-179.67
-158.17
-178.63
-160.69
-154.01
-155.49
-141.01
-165.37
-145
-152.19
-163.72
-150.55
-156.61
-149.42
-152.19
-169.27
-176.2
-187.38
61.82
59.34
56.97
54.31
51.91
49.22
46.88
44.16
41.58
39.13
36.58
34.16
31.6
29.19
26.52
24.13
21.51
19.13
16.51
14.09
11.52
8.65
5.13
1.61
-1.74
-5.31
-8.67
-11.68
-14.18
-16.76
-19.19
-21.83
-24.25
-26.82
-29.22
-31.96
-34.21
-36.89
-39.29
-41.94
-44.34
-46.8
-49.45
-51.86
-54.5
-56.9
-59.68
-62.18
-64.53
-67.23
-69.68
-72.26
-74.68
-75.31
-75.32
-75.29
-75.33
-75.3
-75.29
-75.32
-75.3
-75.24
-73.28
-70.7
-67.92
-65.53
-62.88
-60.57
-57.9
-55.55
-52.9
-50.51
-47.82
-45.51
-42.74
-40.38
-37.77
-35.4
-32.75
-30.42
-27.72
-25.12
-22.81
-20.17
-17.51
-15.14
-12.67
-9.98
-6.28
-2.9
0.74
4
7.5
10.64
13.27
15.68
18.25
20.76
23.35
25.78
28.38
30.98
33.27
35.76
38.17
40.82
43.16
45.86
48.54
50.89
53.34
55.97
58.41
61.01
63.45
