116
50
68
194.98
198.01
187.6
177.19
159.79
168.77
155.15
174.73
170.67
175.96
160.92
165.46
179.84
188.45
179.28
178.8
190.72
191.15
191.57
174.73
157.89
156.67
187.32
141.62
164.14
158.18
164.14
163.95
175.96
181.07
186.51
191.95
186.65
194.98
185.43
175.87
179.75
167.73
149.1
154.49
141.62
156.29
150.42
146.73
154.21
147.02
159.31
178.8
174.26
178.23
171.52
175.59
178.71
172.27
935.07
926.46
924.1
-0.87
-0.26
0.61
-0.87
1.39
0.35
-4.51
-162.94
-162.77
-177.93
-161.73
-164.85
-154.1
-149.59
-149.59
-155.75
-141.01
-151.67
-138.24
-136.77
-154.53
-140.41
-155.57
-158.52
-182.01
-184.61
-185.56
-177.67
-167.36
-181.14
-171.61
-163.98
-146.99
-144.48
-134.43
-141.1
-154.19
-162.07
-155.66
-154.71
-165.63
-193.36
-172.13
-188.68
-173.17
-141.27
-170.65
-149.51
-168.23
-148.29
-157.74
-177.07
-150.98
-152.8
-151.07
-155.75
-168.57
-176.98
-191.11
63.75
61.29
58.94
56.4
53.82
51.25
48.64
46.14
43.58
41.32
38.68
36.11
33.58
31.09
28.62
26.05
23.62
21.07
18.73
16.15
13.48
10.97
7.87
4.32
0.92
-2.37
-5.83
-9.55
-12.2
-14.82
-17.27
-19.78
-22.39
-24.99
-27.21
-29.88
-32.35
-34.94
-37.4
-39.98
-42.49
-44.85
-47.45
-50.09
-52.53
-55.12
-57.61
-60.21
-62.44
-65.11
-67.68
-70.27
-72.72
-75.25
-75.42
-75.41
-75.4
-75.42
-75.41
-75.42
-75.42
-75.41
-75.37
-73.5
-71.02
-68.33
-65.81
-63.27
-60.7
-58.16
-55.85
-53.35
-50.71
-48.2
-45.69
-42.99
-40.55
-38.02
-35.57
-32.92
-30.66
-28.13
-25.52
-23.02
-20.43
-17.92
-15.59
-12.9
-10.3
-6.92
-3.53
0.1
3.26
6.87
10.26
12.82
15.41
17.92
20.44
22.79
25.44
27.92
30.41
32.96
35.51
37.98
40.53
43.03
45.32
48
50.57
53.12
55.63
58.18
60.75
63.05
