113
48
66
287.79
293.08
294.74
290.89
275.24
271.53
267.69
259.15
248.21
242.84
249.56
250.08
244.48
245.61
239.97
242.22
234.77
246.52
251.83
249.61
242.5
240.35
240.7
242.49
251.65
254.06
257.68
270.37
274.02
277.16
274.39
269.64
265.09
268.91
264.73
255.54
264.09
270.88
265.66
266.56
268.09
270.37
264.18
266.38
272.63
272.12
274.8
275.95
277.1
268.11
263.28
276.34
724.77
925.33
920.69
1.56
3.73
-0.09
1.21
-2.08
3.21
-268.85
-261.48
-275.18
-284.8
-279.08
-274.14
-277.52
-272.32
-259.1
-246.99
-241.72
-246.36
-254.87
-253.2
-237.45
-225.24
-229.71
-236.8
-240.52
-252.43
-258.25
-259.65
-266.38
-261.89
-253.37
-235.76
-221.27
-206.67
-192.06
-206.32
-216.65
-228.67
-230.77
-229.53
-237.93
-236.23
-239.1
-244.23
-246.57
-249.87
-246.57
-247.01
-245.92
-245.9
-246.59
-257.28
-271.99
-274.97
-275.81
-276.19
-273.08
-271.96
61.42
59.04
56.49
54.06
51.39
49.01
46.29
43.83
41.51
38.82
36.25
33.82
31.44
28.83
26.53
23.73
21.47
18.78
16.43
13.78
11.35
8.13
4.94
1.21
-2.06
-5.77
-9.22
-11.99
-14.51
-17.16
-19.55
-22.18
-24.59
-27.16
-29.58
-32.19
-34.6
-37.2
-39.73
-42.29
-44.76
-47.34
-49.81
-52.37
-54.86
-57.43
-59.92
-62.23
-64.95
-67.32
-70.05
-72.34
-74.94
-75.14
-75.16
-75.18
-75.14
-75.14
-75.15
-75.14
-73.27
-70.85
-68.09
-65.62
-63.06
-60.56
-57.96
-55.5
-52.88
-50.48
-47.78
-45.44
-42.75
-40.45
-37.73
-35.3
-32.69
-30.37
-27.7
-25.32
-22.68
-20.24
-17.87
-15.1
-12.74
-10.09
-6.75
-3.11
0.19
3.9
7.14
10.63
12.97
15.61
17.99
20.69
23.07
25.78
28.11
30.74
33.04
35.68
38.03
40.75
43.14
45.81
48.37
50.81
53.22
55.83
58.26
60.99
63.34
