115
49
67
212.2
208.51
216.27
205.86
195.69
185.52
193.94
190.44
197.02
191.88
186.75
188.79
190.82
188.93
187.03
195.69
202.15
208.4
206.47
203.32
210.55
197.14
183.72
192.9
177.67
194.65
192.41
190.16
186.94
183.72
191.76
196.68
203.92
191.36
178.8
181.17
193.47
180.22
184.67
179.18
185.05
178.8
176.72
175.11
186.47
187.79
186.84
189.4
185.19
180.98
174.55
164.33
181.83
958.72
949.17
947.18
1.47
5.37
3.81
0.52
2.43
-1.21
-2.86
-192.41
-190.07
-196.13
-202.37
-208.44
-199.3
-190.15
-191.19
-190.67
-166.06
-177.59
-177.59
-169.53
-169.09
-177.24
-185.82
-183.57
-181.83
-197.56
-196.29
-195.52
-194.75
-194.23
-186.78
-179.32
-194.66
-180.23
-165.8
-176.11
-187.94
-200.62
-197.12
-193.62
-204.37
-206.88
-213.12
-204.36
-202.63
-202.76
-210.41
-212.03
-205.86
-208.75
-202.44
-197.69
-192.93
-190.93
-206.58
-218.26
-214.6
-211.44
-212.23
61.52
59.11
56.51
54.1
51.36
48.98
46.33
43.96
41.27
38.92
36.28
33.91
31.26
28.76
26.25
23.93
21.29
18.83
16.12
13.85
11.13
8.28
4.53
1.3
-2.43
-5.76
-9.48
-12.01
-14.71
-17.17
-19.61
-22.11
-24.79
-27.2
-29.87
-32.2
-34.79
-37.24
-39.66
-42.24
-44.94
-47.32
-49.73
-52.34
-55.01
-57.45
-59.84
-62.43
-64.84
-67.63
-69.95
-72.61
-74.85
-75.06
-75.03
-75.03
-75.05
-75.03
-75.06
-75.07
-75.03
-75.06
-73.72
-70.94
-68.36
-65.75
-63.38
-60.67
-58.28
-55.7
-53.15
-50.55
-48.12
-45.77
-43.06
-40.48
-37.98
-35.65
-33.02
-30.66
-28.05
-25.65
-22.92
-20.59
-17.85
-15.54
-12.78
-10.26
-6.81
-3.5
0.15
3.45
7.14
10.29
12.93
15.34
18
20.45
23.1
25.54
28.18
30.47
33.02
35.46
37.87
40.45
42.92
45.53
47.97
50.66
53.01
55.69
58.1
60.76
63.13
