113
48
66
175.21
182.59
173.5
191.48
174.36
167.36
163.67
172.75
169.25
159.88
155.06
149.29
141.72
154.21
140.2
157.42
162.81
170.48
174.55
163.95
173.69
162.06
161.11
154.02
159.79
171.23
167.64
160.54
178.14
176.53
163.1
166.98
186.84
185.42
179.56
173.79
164.9
175.68
172.75
185.05
173.32
175.68
165.37
159.03
154.02
148.53
147.02
158.94
160.83
156.19
170.76
170.57
317.49
875.85
931.57
-3.99
-0.87
1.3
-1.39
1.65
1.13
-176.37
-166.32
-177.93
-175.77
-171.35
-172.21
-160.34
-177.67
-181.4
-183.31
-188.25
-175.59
-188.07
-188.16
-186.77
-180.36
-185.73
-187.03
-188.33
-191.11
-184.17
-184.09
-191.54
-187.73
-183.31
-185.3
-188.77
-174.73
-166.49
-192.32
-184.43
-179.45
-174.47
-176.46
-191.63
-176.46
-188.33
-160.17
-176.2
-172.21
-171
-184.17
-172.91
-178.63
-182.7
-161.81
-179.93
-181.92
-180.62
-179.32
-172.3
-179.23
61.57
59.21
56.5
54.21
51.46
48.95
46.41
44
41.38
38.82
36.32
33.87
31.28
28.97
26.33
23.94
21.33
18.8
16.22
13.77
11.21
8.35
4.73
1.43
-2.2
-5.6
-9.28
-11.93
-14.56
-16.97
-19.59
-22.02
-24.61
-27.09
-29.69
-32.12
-34.7
-37.06
-39.53
-42.22
-44.57
-47.21
-49.6
-52.3
-54.81
-57.34
-59.86
-62.4
-64.9
-67.49
-69.91
-72.54
-74.88
-75.68
-75.77
-75.81
-75.75
-75.79
-75.75
-75.54
-73.22
-70.88
-68.11
-65.75
-62.97
-60.68
-57.99
-55.7
-52.85
-50.52
-47.91
-45.49
-42.83
-40.4
-37.8
-35.36
-32.75
-30.51
-27.77
-25.42
-22.74
-20.35
-17.66
-15.21
-12.5
-10.16
-6.47
-3.23
0.48
3.82
7.33
10.61
13.21
15.63
18.22
20.69
23.05
25.67
28.11
30.63
33.06
35.72
38.08
40.79
43.19
45.73
48.38
50.89
53.33
55.92
58.43
60.96
63.45
