115
49
67
228.28
217.97
224.83
223.63
212.61
220.5
216.63
228.09
232.87
231.9
234.96
233.56
238.86
238.59
234.66
230.34
223.4
232.51
221.93
216.73
224.78
218.44
214.75
205.62
216.76
214.67
213.43
218.21
209.62
212.66
211.1
208.77
214.12
215.53
212.35
209.39
208.71
215.66
210.33
215.1
219.37
227.19
235.16
231.91
231.46
229.07
231.32
233.92
224.43
214.94
247.39
224.02
219.58
969.22
961.28
965.91
-2.77
-0.09
-1.21
-2.77
-1.13
2.69
-1.39
-219.71
-212.77
-203.41
-206.49
-209.42
-194.89
-180.36
-189.33
-192.82
-190.19
-187.55
-189.46
-167.53
-158.17
-177.41
-178.11
-165.11
-175.16
-173.34
-189.72
-175.94
-173.51
-189.46
-183.48
-176.03
-187.38
-183.57
-148.64
-150.55
-169.14
-187.73
-184.35
-177.93
-192.75
-180.53
-168.31
-181.83
-187.94
-194.05
-194.66
-203.2
-206.9
-198.66
-190.41
-188.68
-168.31
-175.16
-184.09
-180.1
-193.53
-173.51
-185.82
61.58
58.99
56.5
53.89
51.47
48.83
46.48
43.84
41.39
38.82
36.26
33.71
31.29
28.79
26.43
23.79
21.34
18.76
16.28
13.61
11.23
8.1
4.63
1.49
-2.24
-5.47
-9.23
-11.82
-14.51
-16.9
-19.59
-21.98
-24.62
-27.16
-29.72
-32.12
-34.69
-37.07
-39.77
-42.17
-44.78
-47.22
-49.76
-52.27
-54.88
-57.36
-60.03
-62.42
-64.97
-67.48
-70.07
-72.43
-75.09
-75.33
-75.32
-75.33
-75.31
-75.34
-75.33
-75.31
-75.31
-75.28
-73.88
-71.02
-68.55
-65.84
-63.49
-60.77
-58.46
-55.76
-53.39
-50.71
-48.36
-45.59
-43.15
-40.6
-38.17
-35.5
-33.13
-30.54
-28.12
-25.52
-23.04
-20.69
-18.04
-15.32
-12.97
-10.26
-6.99
-3.41
-0.02
3.53
6.99
10.27
12.83
15.38
17.98
20.36
23.02
25.34
28.05
30.33
32.96
35.39
38.05
40.38
43.09
45.49
47.89
50.51
52.95
55.68
58.02
60.68
63.03
