115
49
67
175.21
177.67
170.76
148.81
162.81
154.02
176.72
178.8
174.73
176.06
157.71
171.61
178.61
170.48
179.84
180.69
176.48
172.27
176.25
180.22
169.06
175.54
182.02
174.64
166.98
172.27
184.9
197.46
203.98
199.76
193.59
187.41
192.14
185
177.86
159.98
161.87
143.23
150.99
142.38
164.14
171.14
160.07
169.44
166.22
167.45
176.06
180.13
192.24
168.49
190.91
184.01
173.88
975.75
971.87
969.51
-0.35
-2.6
-7.89
-2.6
-6.93
-5.98
-0.78
-178.37
-161.9
-163.11
-151.41
-152.45
-152.89
-147.08
-150.55
-137.46
-142.49
-151.67
-138.07
-142.57
-141.62
-148.81
-153.23
-155.31
-171.09
-165.54
-178.89
-169.35
-170.48
-183.13
-169.7
-169.7
-156.53
-160.25
-155.49
-154.97
-180.45
-150.37
-159.13
-161.64
-173.77
-170.05
-160.25
-171.87
-159.91
-162.94
-167.45
-153.23
-165.28
-163.03
-166.23
-164.5
-145.35
-155.57
-142.57
-156.87
-162.42
-162.85
-164.67
61.49
59.15
56.5
54.02
51.42
48.98
46.4
43.96
41.29
38.76
36.36
33.78
31.36
28.88
26.44
23.82
21.38
18.74
16.34
13.76
11.3
8.26
4.79
1.28
-2.23
-5.72
-9.13
-12.09
-14.49
-17.09
-19.61
-22.01
-24.69
-27.06
-29.69
-32.12
-34.69
-37.08
-39.86
-42.14
-44.85
-47.19
-49.81
-52.28
-54.87
-57.29
-59.71
-62.42
-64.72
-67.27
-69.97
-72.29
-75.07
-75.4
-75.38
-75.38
-75.38
-75.38
-75.37
-75.39
-75.41
-75.33
-73.31
-70.74
-67.96
-65.68
-62.98
-60.63
-57.99
-55.49
-52.91
-50.6
-47.91
-45.63
-42.94
-40.54
-37.84
-35.49
-32.73
-30.51
-27.77
-25.44
-22.79
-20.32
-17.76
-15.35
-12.61
-10.12
-6.55
-3.19
0.25
3.79
7.19
10.63
13.04
15.64
18.04
20.63
23.12
25.69
28.2
30.69
33.04
35.7
38.15
40.7
43.19
45.8
48.26
50.85
53.43
55.91
58.44
60.88
63.55
