113
48
66
176.34
190.91
196.12
195.55
194.98
193.94
197.21
202.01
199.25
194.46
189.68
194.41
204.68
195.33
185.99
184.95
190.44
174.17
171.76
169.34
184.1
189.59
168.21
191.1
176.63
204.3
208.35
200.86
193.37
178.61
192
200.21
197.31
194.41
166.6
175.97
185.33
174.55
183.25
191.95
184.57
177.19
188.5
187.53
186.56
179.85
173.13
180.04
186.94
194.79
206.24
181.17
331.87
987.67
983.41
6.67
-0.95
2.34
-1.04
-0.87
1.56
-197.61
-186.86
-207.4
-174.29
-192.23
-193.01
-181.75
-188.86
-190.76
-192.67
-187.21
-179.75
-189.98
-184.09
-176.72
-167.88
-173.17
-173.95
-191.45
-201.94
-198.22
-194.49
-193.41
-192.32
-207.45
-204.39
-189.34
-174.29
-157.48
-178.02
-180.19
-178.97
-174.55
-173.08
-193.53
-170.74
-179.63
-188.51
-195.01
-189.72
-184.43
-199.3
-210.37
-217.38
-210.78
-211.13
-203.02
-194.92
-199.17
-204.37
-193.45
-182.53
61.74
59.17
56.73
54.15
51.64
49.01
46.48
44.22
41.52
38.92
36.54
34.11
31.47
29.17
26.42
24.03
21.47
19.03
16.42
14.07
11.39
8.68
5.02
1.57
-2.07
-5.33
-9.09
-11.74
-14.38
-16.85
-19.41
-21.85
-24.49
-26.83
-29.52
-31.88
-34.6
-36.97
-39.64
-42.01
-44.42
-47.05
-49.66
-52.12
-54.78
-57.15
-59.62
-62.25
-64.77
-67.31
-69.79
-72.39
-74.83
-75.18
-75.22
-75.21
-75.21
-75.2
-75.23
-75.11
-73.21
-70.68
-67.93
-65.57
-62.97
-60.55
-57.96
-55.5
-52.83
-50.53
-47.85
-45.48
-43.02
-40.42
-37.78
-35.29
-32.98
-30.36
-28
-25.34
-22.93
-20.29
-17.89
-15.27
-12.83
-10.12
-6.85
-3.17
0.09
3.81
7.07
10.56
12.94
15.64
17.98
20.66
23.12
25.65
28.15
30.63
33.14
35.67
38.12
40.8
43.19
45.84
48.23
50.66
53.35
55.69
58.4
60.73
63.48
