115
49
67
167.73
186.18
161.77
153.07
171.9
157.8
173.88
150.61
166.13
162.72
152.12
162.91
154.49
147.02
161.11
147.11
149.29
159.88
148.91
161.68
156.38
160.54
164.8
166.6
172.65
159.22
165.27
172.84
193.84
177.01
177.57
175.02
172.18
178.61
163.19
186.65
165.18
167.26
188.36
164.8
162.96
161.11
168.49
178.8
154.68
194.89
185.99
189.49
186.28
167.54
185.14
162.44
182.4
968.66
964.68
960.99
-4.59
-4.94
-2.43
-0.09
-8.32
-4.59
-3.9
-214.51
-211.47
-214.68
-215.29
-212.51
-212.21
-207.34
-199
-190.67
-190.85
-191.02
-194.49
-198.21
-204.76
-200.23
-201.43
-198.65
-198.34
-209.55
-214.28
-218.68
-219.02
-210.14
-209.59
-203.82
-194.82
-185.82
-186.17
-178.45
-192.23
-187.12
-187.03
-183.48
-178.37
-185.47
-190.07
-187.9
-185.73
-192.58
-191.11
-192.32
-188.38
-184.43
-195.79
-194.36
-192.93
-199
-205.06
-206.75
-213.97
-218.61
-222.67
61.72
59.31
56.55
54.26
51.59
49.17
46.67
44.03
41.6
38.89
36.59
33.94
31.54
28.94
26.61
23.84
21.51
18.83
16.46
13.82
11.31
8.39
4.91
1.36
-1.96
-5.64
-9.14
-11.83
-14.24
-16.93
-19.29
-22.01
-24.52
-27
-29.67
-32.02
-34.39
-37.04
-39.48
-42.17
-44.5
-47.22
-49.56
-52.17
-54.57
-57.32
-60.01
-62.26
-64.86
-67.3
-69.98
-72.35
-74.91
-75.32
-75.28
-75.31
-75.31
-75.31
-75.32
-75.32
-75.3
-75.24
-73.33
-70.95
-68.16
-65.76
-63.02
-60.64
-58.16
-55.55
-53.01
-50.49
-48.09
-45.47
-43.01
-40.41
-37.93
-35.59
-32.89
-30.65
-27.82
-25.56
-22.82
-20.28
-17.83
-15.49
-12.69
-10.09
-6.92
-3.33
0.01
3.76
6.97
10.5
12.81
15.63
17.93
20.58
23.03
25.6
28.08
30.59
33.04
35.65
37.98
40.61
43.02
45.6
48.23
50.64
53.39
55.7
58.33
60.7
63.46
