86
35
52
166.13
145.97
169.06
171.52
170.19
166.03
142.85
173.6
169.25
183.53
173.79
168.59
177.01
185.42
188.03
190.63
183.06
186.56
162.63
170.57
175.3
166.13
191.38
172.75
183.91
167.07
160.92
167.92
164.71
194.6
175.21
180.22
172.94
172.27
194.6
165.08
172.56
160.45
159.12
856.74
936.77
925.99
-5.98
-2.43
-3.9
-5.29
-1.21
-4.85
-223
-235.31
-249.61
-255.12
-245.91
-242.04
-246
-248.28
-246.73
-230.58
-223.19
-228.47
-233.84
-237.35
-243.09
-238.34
-234.7
-233.49
-233.57
-239.25
-249.76
-253.72
-256.52
-255.97
-253.78
-242.47
-235.94
-233.85
-235.93
-230.94
-226.75
-227.39
-234.86
-239.25
-243.43
-240.24
-244.36
-246.94
28.81
26.13
23.74
21.18
18.73
16.11
13.6
11.03
7.98
4.66
0.96
-2.39
-5.91
-9.32
-12.07
-14.67
-17.27
-19.69
-22.33
-24.73
-27.37
-29.81
-32.14
-34.84
-37.35
-39.9
-42.43
-44.96
-47.54
-49.76
-52.4
-54.81
-57.53
-59.89
-62.53
-64.93
-67.61
-70
-72.63
-75.03
-75.26
-75.26
-75.28
-75.28
-75.29
-75.28
-75.2
-73.75
-70.9
-68.39
-65.93
-63.31
-60.93
-58.3
-55.78
-53.25
-50.84
-48.17
-45.75
-43.17
-40.74
-38.09
-35.67
-33.13
-30.73
-28.05
-25.6
-23.06
-20.62
-18.01
-15.43
-12.97
-10.33
-7.06
-3.48
-0.16
3.37
6.74
10.33
12.72
15.31
17.79
20.38
22.83
25.45
27.87
