115
49
67
215.89
202.12
188.36
191.77
187.7
183.63
187.13
171.04
180.03
193.56
179.94
192.24
175.02
170.48
180.98
175.3
181.17
179.37
186.94
171.71
167.17
192.9
173.69
176.91
180.13
172.37
178.71
185.05
198.06
201.48
200.6
187.33
174.07
177.76
180.03
193.47
195.78
193.54
191.29
181.55
184.29
170.67
180.51
181.5
182.49
192.43
181.17
195.74
201.42
207.09
198.48
183.53
208.7
940.65
923.81
932.52
1.04
1.99
0.09
-0.43
3.29
1.13
-2.69
-241.2
-229.07
-250.82
-246.1
-220.51
-194.92
-204.28
-204.24
-205.9
-205.14
-202.58
-206.51
-211.24
-223.23
-228.1
-227.07
-210.04
-193.01
-200.64
-208.66
-219.08
-217.79
-220.57
-209.04
-199.38
-189.72
-193.53
-209.92
-208.74
-202.31
-204.38
-195.23
-186.08
-201.68
-199.73
-203.31
-199.37
-198.19
-198.2
-207.48
-211.42
-203
-194.57
-195.87
-205.62
-212.84
-217.27
-225.38
-225.1
-225.65
-237.2
-240.67
61.69
59.41
56.78
54.37
51.68
49.25
46.51
44.19
41.52
39.06
36.52
34.08
31.44
29.07
26.49
24.03
21.44
19.06
16.38
13.97
11.38
8.45
4.91
1.63
-2.09
-5.37
-8.96
-11.75
-14.41
-16.85
-19.47
-21.88
-24.3
-27.03
-29.36
-31.94
-34.42
-36.96
-39.52
-42.07
-44.51
-47.16
-49.54
-52.16
-54.57
-57.29
-59.66
-62.2
-64.71
-67.38
-69.76
-72.35
-74.65
-75.26
-75.27
-75.26
-75.27
-75.24
-75.25
-75.26
-75.24
-75.08
-73.05
-70.26
-67.82
-65.14
-62.74
-60.12
-57.6
-55.15
-52.65
-50.09
-47.61
-44.99
-42.57
-39.99
-37.56
-34.93
-32.52
-30.01
-27.46
-25.12
-22.49
-19.86
-17.39
-14.77
-12.34
-9.56
-6.03
-2.96
0.84
4.01
7.75
10.7
13.41
15.75
18.45
20.99
23.47
25.89
28.59
30.82
33.49
35.83
38.56
41.04
43.54
46.09
48.63
51.16
53.71
56.19
58.7
61.33
63.74
