39
28
42
244.23
243.92
235.48
225.88
223.34
219.9
220.83
219.92
234.74
248.59
234.84
230.38
234.72
233.68
231.5
247.2
263.76
255.05
263.1
247.11
236.27
243.2
239.24
235.51
227.4
225.67
235.58
255.96
276.34
286.37
291.57
304.34
263.76
268.58
-3.12
-5.2
-5.46
-6.76
-171
64.06
61.62
59.01
56.56
53.92
51.52
48.83
46.42
43.95
41.31
38.87
36.31
33.84
31.26
28.86
26.3
23.89
21.3
18.79
16.26
13.74
11.1
8.33
4.62
1.27
-2.4
-5.65
-9.23
-12.09
-14.48
-17.14
-19.51
-22.01
-22.8
-22.82
-22.76
-22.55
-21.57
-20.05
