115
49
67
277.24
282.42
279.05
282.1
270.37
267.3
255.17
253.88
251.16
237.97
228.35
219.28
217.91
228.63
240.95
255.43
251.08
260.25
255.57
261.98
277.01
275.07
274.76
259.04
257.71
256.1
253.4
264.87
263.32
264.58
255.32
251.74
259.78
260.73
273.55
278.16
279.57
280.89
270.48
281.83
278.76
274.38
263.96
250.09
250.21
240.47
251.08
259.73
257.49
255.24
270.76
267.45
295.54
921.35
916.81
916.53
1.91
-3.21
-0.52
0
2.77
-0.69
-0.69
-255.76
-238.34
-222.83
-221.36
-203.37
-185.39
-193.41
-202.27
-212.5
-220.09
-223.93
-218.66
-213.29
-224.6
-233.55
-229.67
-216.63
-205.64
-194.66
-186.91
-179.15
-196.22
-198.65
-202.89
-196.83
-190.76
-181.4
-179.23
-193.79
-207.53
-218.69
-210.23
-212.15
-214.02
-206.08
-212.54
-202.35
-192.15
-172.56
-167.01
-162.68
-182.53
-189.11
-189.03
-188.94
-208.23
-216.52
-228.17
-227.8
-233.98
-237.16
-234.2
61.54
58.93
56.44
53.91
51.49
48.85
46.24
43.73
41.29
38.93
36.22
33.92
31.26
28.94
26.3
23.92
21.25
18.74
16.18
13.71
11.14
8.24
4.5
1.24
-2.4
-5.7
-9.34
-12.02
-14.64
-17.13
-19.47
-22.18
-24.53
-27.22
-29.59
-32.21
-34.57
-37.26
-39.63
-42.28
-44.68
-47.32
-49.75
-52.42
-54.78
-57.51
-59.87
-62.49
-64.83
-67.65
-69.95
-72.55
-74.97
-75.13
-75.21
-75.2
-75.17
-75.2
-75.18
-75.2
-75.24
-75.15
-73.54
-70.78
-68.25
-65.65
-63.19
-60.83
-58.13
-55.69
-53.09
-50.64
-48.1
-45.59
-42.99
-40.57
-37.95
-35.55
-33.13
-30.55
-28.15
-25.5
-23.09
-20.46
-17.87
-15.45
-12.75
-10.29
-7.04
-3.43
-0.09
3.63
6.82
10.36
13.04
15.49
18.02
20.5
22.87
25.55
27.92
30.5
32.9
35.57
37.98
40.55
42.98
45.63
48.07
50.71
53.18
55.7
58.17
60.76
63.34
