114
49
67
199.81
189.59
192.05
194.51
195.22
186.21
177.19
180.03
194.98
199.48
195.34
191.2
189.97
188.74
197.68
205.84
211.43
209.31
211.6
208.12
213.23
224.26
217.52
213.53
210.22
215.42
216.74
216.26
225.02
220.4
227.7
231.16
238.99
235.62
231.62
228.82
222.4
222.45
214.44
215.54
218.74
220.15
219.63
225.18
220.35
215.42
214.42
221.31
224.46
227.62
225.54
223.83
205.86
786.73
978.87
969.98
4.33
-1.13
0
-0.61
-1.56
-2.51
-175.94
-182.96
-187.73
-186.08
-172.82
-158.87
-154.71
-166.58
-166.49
-168.75
-168.49
-170.13
-165.02
-157.31
-171.26
-174.38
-182.01
-182.53
-182.79
-191.28
-187.21
-174.99
-176.46
-179.32
-170.13
-171.43
-167.62
-150.11
-162.42
-178.28
-181.05
-182.44
-165.89
-175.68
-186.77
-177.15
-180.45
-164.07
-155.57
-158.26
-158.52
-157.57
-159.56
-149.85
-152.02
-148.73
-145.09
-161.38
-155.49
-159.47
-147.08
-154.27
63.7
61.2
58.56
56.23
53.59
51.13
48.54
46.08
43.5
41.05
38.42
36.05
33.45
31
28.48
26.02
23.46
20.91
18.59
15.93
13.39
10.86
7.79
4.14
0.91
-2.72
-5.99
-9.76
-12.3
-14.92
-17.41
-20.02
-22.52
-25.02
-27.54
-30.14
-32.48
-35.15
-37.48
-40.12
-42.62
-44.96
-47.66
-50.02
-52.64
-55.06
-57.75
-60.15
-62.8
-65.24
-67.86
-70.29
-72.91
-75.12
-75.18
-75.19
-75.18
-75.2
-75.17
-75.2
-75.15
-73.88
-71.04
-68.51
-65.91
-63.42
-60.8
-58.41
-55.89
-53.29
-50.88
-48.17
-45.78
-43.21
-40.78
-38.08
-35.71
-33.33
-30.73
-28.36
-25.63
-23.27
-20.56
-18.2
-15.57
-13.16
-10.36
-7.26
-3.63
-0.25
3.41
6.67
10.23
12.6
15.35
17.7
20.34
22.76
25.47
27.85
30.35
32.87
35.34
37.78
40.41
42.92
45.52
47.94
50.59
53
55.64
58.08
60.69
63.13
