115
49
67
212.96
217.69
214.61
214.12
203.89
193.66
192
190.34
182.21
191.2
172.94
193.47
171.61
185.33
187.13
188.74
190.34
193.47
192.19
190.91
187.22
191.34
203.19
196.1
189.02
187.13
190.49
193.84
200.33
208.11
204.9
196.3
187.7
188.07
192.8
212.91
210.04
204.59
190.23
175.87
181.55
184.29
187.22
193.56
175.59
181.55
192.05
211.44
217.17
222.89
232.73
221.09
243.23
1020.97
1010
1007.54
-2.69
-2.08
-4.42
-2.6
-2.69
1.65
-5.98
-199.69
-182.7
-208.18
-184.22
-160.25
-149.68
-157.91
-161.29
-163.81
-155.4
-152.8
-156.35
-159.13
-165.19
-186.34
-187.99
-177.5
-178.63
-142.66
-152.37
-162.68
-166.75
-167.45
-163.37
-160.6
-154.53
-155.83
-162.77
-167.62
-172.56
-162.85
-153.49
-155.23
-169.01
-162.77
-152.63
-160.34
-160.34
-158.17
-158.17
-158.95
-172.21
-162.16
-155.4
-156.79
-161.73
-172.04
-173.86
-180.1
-188.07
-179.75
-175.59
61.63
58.93
56.57
53.95
51.46
48.89
46.37
43.74
41.38
38.75
36.31
33.77
31.31
28.82
26.38
23.6
21.25
18.81
16.18
13.75
11.34
8.18
4.92
1.1
-2.2
-5.83
-9.15
-12.14
-14.48
-17.12
-19.61
-22.22
-24.56
-27.23
-29.63
-32.25
-34.7
-37.16
-39.85
-42.23
-44.82
-47.22
-49.86
-52.3
-54.86
-57.4
-59.98
-62.36
-65.02
-67.51
-69.88
-72.49
-75.14
-75.45
-75.44
-75.47
-75.45
-75.45
-75.45
-75.44
-75.44
-75.39
-73.48
-71.01
-68.22
-65.85
-63.21
-60.82
-58.16
-55.79
-53.09
-50.73
-48.03
-45.63
-42.95
-40.55
-38.07
-35.46
-33.01
-30.45
-28.11
-25.42
-23.01
-20.3
-17.88
-15.31
-12.8
-10.1
-6.81
-3.28
0.11
3.6
7.08
10.49
12.87
15.53
18.06
20.48
23
25.53
28.14
30.53
33.16
35.5
38.17
40.58
43.12
45.64
48.22
50.68
53.27
55.72
58.37
60.77
63.16
