148
64
89
50.23
53.55
41.44
48.63
46.73
44.56
47.49
36.33
50.99
46.07
98.2
106.15
43.61
47.96
40.68
43.33
51.09
39.17
46.55
45.03
43.52
50.23
40.4
46.55
50.23
44.84
51.09
37.94
44.65
32.92
42.38
40.87
32.83
44.94
41.25
41.44
45.13
37.27
41.34
35.86
41.06
45.03
72.75
45.69
40.49
43.05
49.57
40.21
45.69
40.11
44.18
50.99
37.75
49.01
45.5
47.59
56.76
47.96
57.24
54.02
50.14
46.73
45.32
141.53
141.62
312.38
776.8
745.2
-2.6
6.07
-5.81
-4.59
-4.77
-3.64
9.62
-1.56
-1.91
-3.38
-2.25
-3.12
-4.59
-1.65
-0.78
-27.39
-29.9
-37.7
-47.67
-45.94
-48.28
-46.8
-44.2
-44.46
-44.55
-42.47
27.99
-44.72
-50.1
-48.8
-45.24
-49.58
-45.76
-47.58
-44.38
-43.85
-47.06
-44.03
-46.8
-46.46
-43.94
-52.87
-47.06
-51.22
-47.84
-47.5
-52.61
-53.56
-53.39
-51.4
-53.22
-48.19
-47.67
-10.14
-51.92
-55.82
-48.8
-50.7
-47.06
-52.18
-52.26
-49.4
-50.01
-57.72
-50.7
-56.94
-52.78
-47.32
-55.56
-53.48
-55.73
-52.87
-50.88
-52.96
-54.78
-42.29
-57.72
-50.7
-45.59
-50.01
60.02
57.48
54.9
52.39
49.82
47.33
44.82
42.2
39.73
37.43
34.76
32.24
29.84
27.23
24.69
22.16
19.71
17.09
14.56
12.03
9.75
6.18
2.57
-0.8
-4.32
-8.06
-11.11
-13.72
-16.1
-18.83
-21
-23.62
-26.08
-28.69
-31.17
-33.67
-36.19
-38.78
-41.27
-43.8
-46.4
-48.9
-51.38
-53.91
-56.53
-59.06
-61.55
-64.1
-66.56
-69.17
-71.44
-73.96
-76.59
-79.1
-81.64
-84.22
-86.74
-89.25
-91.75
-94.3
-96.83
-99.15
-101.64
-104.07
-106.68
-109.05
-110.54
-110.54
-110.56
-110.54
-110.53
-110.57
-109.53
-106.98
-104.28
-101.83
-99.32
-97.07
-94.44
-91.91
-89.31
-86.85
-84.23
-81.78
-79.22
-76.65
-74.1
-71.88
-69.2
-66.8
-64.12
-61.69
-59.08
-56.57
-54.08
-51.54
-48.95
-46.47
-43.94
-41.44
-38.87
-36.37
-34.01
-31.5
-28.92
-26.43
-23.82
-21.27
-18.74
-16.17
-13.68
-11.21
-8.32
-4.79
-1.25
2.23
5.85
9.29
12.04
14.56
17.14
19.62
22.05
24.63
27.15
29.67
32.16
34.63
37.2
39.49
42.13
44.63
47.15
49.69
52.25
54.84
57.44
59.92
62.42
64.74
67.45
69.9
72.46
75
77.44
80
82.59
85.12
