147
64
89
48.44
50.52
69.63
48.15
41.72
41.82
43.33
36.71
46.55
44.46
41.34
47.96
33.96
47.59
43.42
35.48
48.91
38.13
47.96
43.71
42.38
52.98
38.88
47.59
47.11
43.52
52.32
38.22
44.37
41.06
39.92
40.3
29.52
40.59
38.69
40.02
44.18
36.23
41.72
37.37
41.53
46.45
36.9
45.41
41.63
40.77
49.1
39.64
47.11
42.38
44.37
50.23
36.04
43.8
42.38
45.98
57.42
47.68
55.53
50.05
51.56
44.94
61.78
116.93
150.04
328.85
760.05
802.15
-1.82
0.26
1.91
-0.26
2.17
0.87
0.61
1.56
2.34
1.3
-2.51
0.69
-11.7
1.3
1.82
3.55
-27.82
-31.29
-43.07
-40.65
-48.19
-40.91
-22.62
-41.6
-42.64
-40.13
-46.63
49.84
-45.59
-48.1
-41.95
-42.55
-41.34
-44.55
-43.85
-45.07
-43.77
-42.21
-41.86
-41.43
-37.7
-48.45
-44.64
-42.73
-29.21
-41.95
-49.32
-46.11
-48.45
-48.1
-46.28
-43.85
-45.59
-48.36
-47.93
-44.03
-47.24
-48.1
-49.92
-49.23
-46.11
-45.59
-43.07
-50.01
-48.88
-48.71
-47.84
-45.59
-53.74
-50.62
-48.45
-50.36
-39.35
-48.8
-48.54
-51.05
-53.56
-43.16
-46.89
62.54
60.23
57.75
55.13
52.64
50.08
47.49
44.93
42.46
39.92
37.36
34.83
32.62
29.88
27.56
25.04
22.44
19.82
17.38
14.8
12.3
9.6
6.18
2.69
-0.73
-4.34
-7.92
-11.07
-13.29
-16.04
-18.39
-21.06
-23.59
-26.09
-28.56
-31.09
-33.71
-36.22
-38.72
-41.03
-43.57
-46.2
-48.68
-51.26
-53.8
-56.33
-58.83
-61.38
-63.92
-66.48
-68.74
-71.39
-73.92
-76.45
-79
-81.57
-84.08
-86.62
-89.02
-91.6
-94.09
-96.72
-99.22
-101.39
-103.93
-106.49
-107.93
-107.94
-107.93
-107.95
-107.96
-107.93
-106.94
-104.63
-101.93
-99.48
-96.94
-94.65
-92.07
-89.49
-86.95
-84.41
-81.85
-79.44
-76.76
-74.36
-71.74
-69.32
-66.78
-64.25
-61.89
-59.31
-56.73
-54.23
-51.76
-49.15
-46.6
-44.12
-41.56
-38.99
-36.68
-34.21
-31.62
-29.12
-26.53
-24.01
-21.47
-18.87
-16.45
-13.87
-11.34
-8.32
-4.76
-1.55
1.97
5.48
9.09
11.89
14.46
16.97
19.51
22.05
24.58
26.83
29.53
31.94
34.48
36.96
39.55
42.09
44.55
47.17
49.67
52.22
54.71
57.33
59.59
62.09
64.67
67.22
69.75
72.33
74.9
77.4
79.98
82.54
84.96
