141
60
82
76.91
98.39
73.32
87.89
68.3
72.85
86.37
66.22
80.32
72.56
72.66
87.13
68.3
83.44
72.18
78.43
95.65
93.75
83.91
79.09
73.03
73.32
79.56
79.37
73.89
71.33
67.83
79.75
74.55
86.47
71.8
73.41
81.36
72.09
91.1
81.36
88.83
75.31
74.55
88.36
70.48
84.1
69.25
69.44
86.18
75.02
83.54
71.14
71.52
83.25
72.28
82.31
70.48
79.47
81.64
73.03
94.79
75.12
80.7
76.44
77.29
86
83.91
682.86
814.36
811.8
-0.95
-1.99
-1.82
-1.39
8.23
-1.21
-2.6
-0.35
1.47
-0.78
-0.17
0.43
-65.7
-80.08
-71.94
-84.24
-83.12
-85.98
-87.8
-76.62
-97.85
-79.04
-82.68
-81.73
-76.18
-95.08
-37.61
-83.72
-76.88
-70.55
-93.69
-77.4
-78.7
-71.76
-73.58
-91.09
-83.12
-95.25
-81.73
-67.86
-89.7
-78.35
-82.6
-68.04
-68.82
-78.09
-79.74
-82.86
-71.24
-78.18
-80.69
-81.56
-83.46
-81.21
-77.57
-86.5
-88.58
-82.94
-86.06
-74.62
-80.08
-75.32
-77.05
-85.8
-67.52
-80.43
-74.45
-64.05
-83.72
-85.2
-86.93
-89.01
-85.89
-91.09
-78.18
65.28
62.85
60.19
57.74
55.08
52.81
50.27
47.73
45.09
42.65
40.04
37.58
35.19
32.58
30.04
27.5
25.03
22.49
19.91
17.41
14.9
12.27
10.12
6.39
3.04
-0.6
-4.06
-7.74
-10.87
-13.4
-15.95
-18.26
-20.73
-23.42
-25.79
-28.43
-30.93
-33.6
-36.04
-38.61
-41.15
-43.69
-46.15
-48.75
-51.25
-53.59
-56.13
-58.74
-61.21
-63.76
-66.28
-68.87
-71.31
-73.95
-76.15
-78.9
-81.3
-83.97
-86.34
-88.92
-91.43
-94.07
-96.51
-98.38
-99.01
-99.01
-98.99
-99
-99
-98.96
-98.95
-95.99
-93.4
-90.65
-88.24
-85.6
-83.47
-80.72
-78.37
-75.64
-73.21
-70.75
-68.23
-65.64
-63.14
-60.67
-58.3
-55.6
-53.08
-50.48
-48.05
-45.52
-42.96
-40.21
-37.77
-35.47
-33.13
-30.35
-27.83
-25.2
-22.93
-20.38
-17.85
-15.21
-12.64
-10.03
-6.78
-3.12
0.43
4.03
7.33
10.69
12.83
15.58
18.09
20.71
23.13
25.72
28.2
30.9
33.35
35.83
37.99
40.81
43.22
45.8
48.24
50.79
53.28
55.96
58.55
60.94
63.48
65.98
68.56
70.91
73.47
76.02
78.53
81.1
83.67
