152
68
97
0.19
-1.42
50.05
43.42
45.69
45.22
50.05
56.48
42.19
49.86
41.15
47.3
51.65
43.99
47.68
39.73
50.42
47.78
41.53
47.11
37.27
47.78
48.82
43.42
50.14
39.54
47.3
48.91
42.48
46.26
42.76
43.42
53.07
80.51
51.75
46.45
43.61
48.15
38.41
46.83
36.23
44.94
44.94
82.78
46.26
36.8
42.67
42.57
42.19
48.82
34.06
47.4
42.67
45.6
50.23
91.48
45.69
42.19
46.07
49.86
39.64
47.59
50.8
49.67
52.79
46.45
49.29
38.13
47.78
133.87
182.87
500.36
830.44
818.23
-1.21
-0.43
1.82
0
1.82
-1.99
0.35
-0.61
0.61
1.21
2.69
2.34
-0.69
1.3
2.25
-18.37
-24.79
-28.86
-27.3
-39.69
-43.94
-46.11
-41.77
-39.78
75.49
-40.04
-42.12
-37.18
-40.56
-44.64
-36.92
-45.59
-42.55
-48.45
-38.74
-43.42
-44.46
-44.72
-43.33
-44.81
9.27
-45.76
-44.11
-47.93
-32.67
-43.68
-48.36
-49.75
-50.01
-44.29
-48.28
-45.68
-43.94
-48.97
-43.68
-46.63
-46.98
-46.72
-52
-47.24
-46.72
-47.58
-41.86
-52.09
-24.61
-47.41
-50.44
-45.68
-55.04
-55.12
-48.45
-50.36
-47.84
-52.7
-49.84
-51.4
-51.74
-27.73
78.1
75.49
73.01
70.66
68.16
65.59
63.11
60.49
57.93
55.33
52.82
50.26
47.81
45.18
42.75
40.13
37.7
35.2
32.95
30.27
27.8
25.25
22.73
20.22
17.67
15.07
12.56
10.04
6.85
3.37
-0.15
-3.71
-7.27
-10.63
-13.05
-15.68
-18.15
-20.76
-23.22
-25.76
-28.27
-30.73
-33.31
-35.83
-38.39
-40.67
-43.2
-45.8
-48.34
-50.94
-53.51
-55.93
-58.58
-61.09
-63.62
-65.92
-68.42
-70.95
-73.6
-76.1
-78.72
-81.11
-83.75
-86.13
-88.75
-91.3
-93.76
-96.34
-98.86
-101.38
-103.83
-106.17
-106.82
-106.83
-106.81
-106.81
-106.83
-106.81
-106.76
-104.5
-101.78
-99.2
-96.72
-94.39
-91.91
-89.36
-86.7
-84.23
-81.71
-79.17
-76.58
-74.04
-71.55
-69.07
-66.44
-64.1
-61.45
-58.95
-56.47
-53.87
-51.58
-48.97
-46.41
-43.88
-41.33
-38.85
-36.26
-33.77
-31.21
-28.69
-26.36
-23.92
-21.25
-18.74
-16.2
-13.68
-11.11
-8.05
-4.5
-0.97
2.54
5.93
9.64
12.2
14.73
17.15
19.77
22.26
24.85
27.42
29.64
32.18
34.77
37.22
39.75
42.27
44.82
47.33
49.91
52.21
54.75
57.37
60.02
62.53
65
67.58
70.05
72.56
75.1
77.66
80.23
82.72
