145
62
88
49.01
50.9
42.1
49.19
46.36
47.68
46.92
50.33
50.99
47.21
47.59
45.98
36.9
49.86
44.27
43.71
45.98
48.34
46.45
46.17
43.8
48.44
43.05
46.92
48.06
41.25
50.23
45.69
48.82
44.56
42.95
43.05
34.34
43.05
44.37
42.1
46.26
38.22
44.46
40.3
63.48
44.27
36.9
45.22
54.87
44.09
48.72
37.08
46.17
41.06
46.07
45.98
86.37
47.02
40.21
43.61
57.99
48.91
53.92
47.59
50.9
48.34
41.91
110.4
136.04
285.23
727.22
803.85
-0.43
-0.87
0.87
-1.04
1.39
0.17
0.26
1.39
1.47
0.69
-0.09
2.51
0.61
2.17
-23.66
-25.65
-31.29
-37.61
-44.55
-45.68
-45.94
-39.78
-39.09
-40.13
-43.42
-45.24
-41.25
-44.98
-48.45
-39.69
-46.54
-42.29
-48.1
-43.59
-44.38
-46.46
-46.37
-41.17
-48.8
-44.81
-44.81
-44.64
-44.46
-45.68
-44.11
-46.89
-49.23
-49.75
-46.2
-47.5
-46.8
-40.47
-44.98
-46.89
-47.76
-47.41
-48.71
-52.35
-46.89
-45.76
-54.86
-43.16
-44.81
-51.4
-43.51
-52.87
-50.27
-48.8
-48.97
4.77
-52.7
-49.23
-53.04
-51.66
-47.32
-53.48
-49.92
60.02
57.65
55.01
52.61
49.96
47.4
44.88
42.27
39.89
37.36
34.79
32.26
29.86
27.31
24.72
22.45
19.96
17.26
14.83
12.3
9.65
6.05
2.71
-0.96
-4.24
-7.98
-10.82
-13.43
-16
-18.65
-21.03
-23.65
-26.05
-28.68
-31.13
-33.68
-36.15
-38.81
-41.29
-43.8
-46.41
-48.89
-51.48
-53.76
-56.34
-58.84
-61.4
-63.95
-66.53
-69
-71.61
-73.89
-76.41
-78.93
-81.61
-84.09
-86.52
-89.13
-91.7
-94.18
-96.78
-99.26
-101.8
-104.19
-106.85
-108.84
-110.58
-110.61
-110.62
-110.61
-110.59
-110.5
-108.45
-105.86
-103.37
-100.86
-98.65
-96.07
-93.55
-90.89
-88.45
-85.84
-83.5
-80.79
-78.32
-75.75
-73.32
-70.73
-68.23
-65.62
-63.26
-60.56
-58.15
-55.52
-53.14
-50.45
-48.23
-45.66
-43.16
-40.51
-38.11
-35.38
-32.96
-30.4
-27.94
-25.27
-22.93
-20.51
-18.03
-15.43
-12.98
-10.19
-6.92
-3.26
0.04
3.69
7.14
10.46
12.97
15.51
17.99
20.69
23.05
25.47
27.86
30.66
32.96
35.52
37.97
40.71
43.18
45.74
48.25
50.81
53.06
55.66
58.13
60.77
63.24
65.84
68.32
71
73.48
76.02
78.4
