156
71
97
-0.38
-0.47
-0.66
0
0.38
55.82
76.06
44.94
41.15
48.91
55.91
40.59
43.71
38.6
45.88
49.48
41.72
45.5
37.46
43.52
47.4
41.82
44.94
37.75
45.69
49.95
45.5
45.98
41.91
42
52.03
43.52
45.5
53.74
46.92
49.76
51.84
42.67
38.88
41.44
58.28
40.87
39.64
36.9
42.95
43.71
41.44
41.34
36.99
44.65
46.17
42.48
48.82
35.95
44.46
48.44
44.94
49.19
39.73
52.98
45.32
47.68
52.32
46.36
52.32
56.95
50.9
55.06
41.53
50.42
39.83
48.82
121.95
182.59
288.73
613.79
621.84
-3.9
-1.73
-1.13
0.35
-2.43
-2.17
-0.35
1.56
-2.86
-1.04
-3.29
0.09
-1.99
-2.69
-0.61
-17.68
-30.25
-30.25
-42.81
128.36
-44.2
-51.22
-45.33
-44.2
-41.17
-42.38
-44.55
-46.54
-42.47
-46.11
-43.94
-47.24
-46.98
-43.25
-45.07
-43.33
-49.23
-47.76
-44.72
-41.25
-44.81
-46.72
-44.55
-42.64
-44.11
-42.29
-45.94
-49.4
-49.06
-47.76
-47.84
-46.02
-46.11
-46.54
-46.11
-48.97
-51.92
-49.84
-47.06
-48.88
-49.14
-49.66
-48.1
-12.39
-47.76
-42.99
-53.3
-48.02
-44.98
-22.71
-48.02
-55.12
-49.84
-50.18
-54.78
-52
-55.73
-54
-52
86.14
83.69
81.17
78.96
76.32
73.75
71.2
68.73
66.15
63.61
61.06
58.54
55.96
53.45
51.14
48.62
45.83
43.38
40.97
38.34
35.97
33.47
30.82
28.42
25.78
23.3
20.72
18.28
15.65
13.44
10.89
7.7
4.18
0.64
-2.94
-6.48
-9.98
-12.47
-15.14
-17.39
-19.92
-22.6
-25.05
-27.61
-30.01
-32.68
-35.18
-37.75
-40.16
-42.85
-45.24
-47.77
-50.3
-52.67
-55.18
-57.76
-60.3
-62.84
-65.41
-67.95
-70.46
-73
-75.51
-78.14
-80.36
-82.9
-85.54
-88.05
-90.55
-93.21
-95.64
-98.09
-100.59
-103.22
-105.46
-106.01
-106.01
-106
-106
-106
-105.98
-105.9
-103.64
-101.12
-98.56
-96.07
-93.57
-91.05
-88.49
-86.17
-83.57
-81.05
-78.65
-75.95
-73.44
-71
-68.36
-65.82
-63.34
-60.83
-58.33
-55.77
-53.2
-50.65
-48.18
-45.86
-43.24
-40.67
-38.18
-35.57
-33.09
-30.55
-28
-25.71
-23.25
-20.68
-18.05
-15.51
-12.97
-10.45
-7.16
-3.52
-0.12
3.55
6.98
10.36
12.93
15.48
17.9
20.56
22.69
25.29
27.84
30.48
32.99
35.51
37.94
40.51
43.05
45.37
47.96
50.45
52.96
55.59
58.16
60.64
63.2
65.68
68.28
70.83
73.23
75.83
78.35
80.83
83.44
85.97
