141
60
83
70.1
92.24
72.09
82.31
68.12
71.8
77.2
70.86
76.35
70.2
69.06
84.86
72.18
81.64
77.86
71.14
81.45
77.67
85.14
77.1
72.85
71.33
76.54
75.4
77.58
71.52
63.57
81.64
67.74
77.39
75.97
69.16
82.4
64.99
86.28
72.75
71.05
84.86
71.9
80.7
69.53
67.83
77.29
67.17
87.23
74.45
71.14
70.95
75.68
82.31
66.7
76.63
73.13
79.85
81.93
73.6
90.54
74.64
78.43
86.28
69.72
83.63
77.58
568.67
885.78
880.48
-1.82
-1.56
-1.21
-0.09
-0.87
0.43
-0.52
-1.39
-0.69
-0.26
0.61
0.52
-0.43
-82.51
-62.66
-82.6
-79.22
-82.51
-87.8
-76.44
-97.16
-79.3
-83.2
-81.82
-73.15
-95.16
-76.18
-73.58
-77.14
32.33
-90.14
-68.12
-78.44
-79.3
-73.24
-89.18
-79.39
-91.52
-75.84
-77.92
-89.79
-71.33
-76.88
-72.02
-67.95
-83.2
-76.96
-83.2
-74.62
-72.63
-82.51
-80.6
-81.9
-78.44
-80.95
-86.58
-88.23
-83.81
-85.11
-74.71
-86.93
-79.04
-72.28
-86.58
-73.84
-79.82
-75.92
-79.22
-83.38
-89.18
-88.06
-91.87
-83.55
-92.65
-80.95
65.68
63.18
60.78
58.33
55.66
53.14
50.58
48.03
45.51
42.99
40.45
37.99
35.68
33.13
30.5
28.04
25.5
23.08
20.49
17.88
15.39
12.85
10.34
6.79
3.57
0.02
-3.49
-6.77
-10.31
-12.83
-15.34
-17.93
-20.42
-23.02
-25.44
-28.09
-30.31
-32.88
-35.33
-37.96
-40.53
-43.07
-45.59
-48.19
-50.76
-53.38
-55.68
-58.37
-60.62
-63.28
-65.75
-68.33
-70.82
-73.4
-75.91
-78.49
-80.99
-83.59
-85.76
-88.37
-90.96
-93.47
-95.97
-97.97
-99.25
-99.26
-99.28
-99.27
-99.26
-99.26
-98.88
-96.29
-93.46
-91.17
-88.68
-86.11
-83.62
-81
-78.63
-76.05
-73.44
-70.9
-68.67
-65.87
-63.49
-60.99
-58.41
-55.83
-53.32
-50.86
-48.27
-45.74
-43.16
-40.64
-38.14
-35.83
-33.4
-30.62
-28.16
-25.61
-23.2
-20.61
-18.09
-15.49
-12.94
-10.63
-7.31
-3.71
-0.27
3.36
6.68
10.26
12.74
15.34
17.86
20.42
22.93
25.54
27.65
30.41
32.89
35.4
37.77
40.47
42.83
45.52
47.99
50.56
52.81
55.38
58.07
60.64
63.18
65.62
68.15
70.74
73.19
75.76
78.29
80.83
83.3
