149
65
90
43.33
49.48
52.6
41.82
43.33
40.59
49.67
46.55
47.78
46.26
37.37
46.83
44.37
48.25
53.55
41.53
47.96
45.13
48.06
53.74
42.86
48.63
45.41
45.13
51.18
42.38
48.06
46.73
48.06
50.61
36.23
42.1
45.22
45.69
50.61
42.1
43.05
42.48
45.69
42
40.77
45.6
46.55
46.83
52.69
39.54
49.48
42.76
50.9
52.32
43.8
47.49
44.65
187.13
51.84
42.86
56.67
53.64
49.48
55.15
43.23
47.78
43.42
47.78
135.85
170.76
612.94
794.02
790.23
1.04
0.35
-0.87
1.65
1.99
0.35
4.59
1.04
2.86
1.21
1.21
1.3
0
1.73
0.09
-25.39
-27.04
-31.2
-42.12
-42.47
-39.26
-44.29
-41.25
-37.79
-42.9
-42.99
-18.11
-44.98
-41.17
-48.88
-46.28
-48.71
-40.99
-46.98
-44.38
-42.73
-44.2
-43.77
-41.51
85.2
-44.64
-43.16
-45.59
-43.59
-47.5
-43.25
-45.94
-48.62
-49.14
-46.28
-48.19
-46.8
-45.42
-44.29
-46.8
-47.76
-50.18
-55.04
-50.01
-48.19
-38.31
-50.7
-40.73
-44.11
-48.71
-44.72
-13.17
-49.14
-52.26
-50.96
-45.85
-49.66
-50.01
-54.34
-49.4
-49.4
-49.14
-49.92
-47.5
-40.91
61.48
59.04
56.54
53.95
51.45
48.86
46.37
43.83
41.47
38.99
36.32
33.8
31.3
28.83
26.28
23.87
21.25
18.61
16.2
13.65
11.07
8.21
4.57
1.12
-2.4
-5.49
-9.03
-12.03
-14.58
-17.05
-19.64
-22.11
-24.69
-27.23
-29.51
-32.02
-34.58
-37.16
-39.73
-42.21
-44.77
-47.25
-49.83
-52.41
-54.84
-57.39
-59.96
-62.51
-65.04
-67.58
-70.07
-72.35
-74.97
-77.49
-80.03
-82.65
-85.04
-87.75
-90.14
-92.64
-95.29
-97.81
-100.16
-102.75
-105.12
-107.6
-109.89
-110.35
-110.35
-110.37
-110.36
-110.38
-110.36
-110.33
-108.41
-105.72
-103.02
-100.88
-98.23
-95.78
-93.17
-90.63
-88.14
-85.54
-83.06
-80.75
-78.19
-75.6
-73.11
-70.47
-68.04
-65.53
-62.98
-60.46
-57.85
-55.35
-52.85
-50.34
-47.8
-45.25
-42.69
-40.41
-37.81
-35.23
-32.72
-30.23
-27.74
-25.17
-22.59
-20.07
-17.5
-15.26
-12.72
-10.15
-6.68
-2.92
0.45
3.94
7.51
10.75
13.24
15.78
18.25
20.87
23.27
25.94
28.38
30.97
33.37
35.93
38.39
40.97
43.25
45.77
48.38
50.95
53.5
56.05
58.54
61.11
63.56
66.17
68.46
71.14
73.68
76.17
78.65
81.22
83.84
