147
63
90
45.32
51.65
55.44
45.32
42.1
41.53
49.76
50.9
46.36
45.13
39.36
49.95
50.33
42
45.22
38.41
48.91
50.71
48.06
44.18
43.61
44.65
52.88
43.23
43.9
44.75
46.26
49.01
40.02
44.94
40.21
42.86
38.22
40.3
41.34
39.26
45.5
42.57
42
40.77
59.7
45.6
47.49
45.41
50.05
38.69
47.87
45.22
47.68
50.33
36.61
49.86
43.23
47.11
53.07
44.56
54.78
55.82
52.13
53.92
42.19
52.13
40.3
45.32
135.19
183.72
292.9
705.47
684.09
-2.43
-2.43
-0.61
-1.39
-0.09
0.09
-0.78
-0.78
-0.78
-2.6
-0.52
-2.08
2.95
-0.09
1.91
-23.14
-25.39
-34.06
-47.93
-42.99
-44.55
-50.18
-39.78
-43.51
-46.11
-42.12
-42.9
-44.9
-43.51
-42.38
-45.5
-46.89
-47.76
-49.14
-45.33
-42.55
-49.92
-45.94
-38.91
-46.28
-3.38
-41.51
-45.42
-5.89
-43.59
-43.16
3.81
-50.96
-49.4
-47.06
-48.8
-44.38
-48.02
-44.81
-46.28
-46.28
-47.58
-49.14
-51.31
-28.86
-49.14
-55.38
-45.76
-48.36
-49.06
-44.55
-38.13
-50.44
33.71
-51.66
-44.9
-52.78
-47.67
-54.52
-48.54
-52.78
-52.09
-55.04
66.01
63.54
60.97
58.38
55.99
53.44
50.88
48.4
45.82
43.34
40.77
38.29
35.87
33.52
30.83
28.42
25.77
23.27
20.83
18.24
15.65
13.27
10.61
7.31
4.22
0.7
-2.94
-6.54
-10.07
-12.56
-15.06
-17.64
-20.19
-22.74
-25.03
-27.67
-30.11
-32.62
-35.1
-37.67
-40.21
-42.72
-45.3
-47.82
-50.34
-52.95
-55.38
-57.9
-60.44
-63.08
-65.51
-68.12
-70.36
-72.9
-75.45
-78.05
-80.54
-83.17
-85.69
-88.21
-90.72
-93.29
-95.77
-98.07
-100.65
-103.19
-105.49
-106.02
-106.03
-106
-106
-106
-106
-105.94
-103.6
-101.06
-98.52
-96.04
-93.5
-91.02
-88.48
-85.95
-83.64
-81.04
-78.55
-75.91
-73.4
-70.9
-68.27
-65.79
-63.33
-60.98
-58.31
-55.89
-53.29
-50.77
-48.17
-45.73
-43.17
-40.63
-38.1
-35.54
-33.01
-30.42
-28.18
-25.55
-23.13
-20.5
-17.97
-15.44
-12.91
-10.33
-7.15
-3.42
-0.21
3.35
6.83
10.32
12.82
15.42
17.85
20.49
22.89
25.53
27.98
30.6
33.12
35.69
38.09
40.35
42.83
45.51
48.03
50.58
53.08
55.63
58.2
60.75
63.25
65.79
68.1
70.64
73.24
75.81
78.32
80.83
83.37
