142
60
83
83.82
79.18
69.53
83.16
67.17
78.9
69.53
68.59
79.75
72.18
117.69
78.24
67.64
82.78
72.75
81.08
76.35
74.64
83.44
79.28
75.49
76.44
72.85
72.28
73.89
68.68
74.36
70.29
62.44
83.25
70.29
80.22
72.28
65.37
87.32
116.55
90.54
72.75
63.57
79.56
72.47
85.62
65.47
65.94
87.23
69.53
91.58
69.63
70.86
74.93
73.41
82.97
67.74
140.01
76.35
70.57
89.02
74.74
77.39
73.89
71.52
82.78
81.17
782.38
882.28
880.58
0.35
-0.95
-0.69
-0.26
-1.3
0.52
1.21
-0.26
1.21
73.5
-2.08
-0.87
2.25
-74.8
-67.86
-70.9
-82.25
-76.7
-92.13
-86.32
-91
-82.94
-78.26
-96.81
-73.15
-79.04
-82.42
-73.67
-95.42
-80.17
-78.52
-74.8
-71.76
-92.48
-81.12
-86.41
-81.99
-78.61
-92.39
-81.99
-83.64
-72.98
-59.98
-77.83
-73.41
-82.94
-63.79
-73.67
-82.08
-78.78
-83.64
-79.56
-78.7
-82.77
-82.42
-84.94
-92.65
-80.26
-81.99
-82.68
-81.04
-88.84
-72.98
-84.68
-77.22
-62.49
-83.9
-75.32
-81.82
-87.8
-86.24
-89.18
-86.24
-85.28
-88.14
-82.42
64.83
62.3
59.71
57.24
54.6
52.17
49.63
47.01
44.61
42.24
39.75
37.12
34.67
32.15
29.6
27.05
24.55
21.99
19.46
17.17
14.56
11.99
9.36
5.68
2.46
-1.23
-4.81
-8.41
-11.27
-13.89
-16.36
-18.93
-21.46
-23.78
-26.18
-28.87
-31.35
-33.97
-36.5
-38.98
-41.56
-44.07
-46.63
-48.92
-51.44
-54.1
-56.66
-59.21
-61.79
-64.25
-66.75
-69.3
-71.88
-74.3
-76.88
-79.43
-81.93
-84.53
-86.81
-89.38
-91.88
-94.42
-96.95
-98.88
-99.32
-99.34
-99.36
-99.33
-99.34
-99.36
-99.32
-97.8
-94.68
-92.18
-89.56
-87.06
-84.52
-82.05
-79.68
-77.17
-74.5
-72.09
-69.48
-67.01
-64.4
-61.88
-59.36
-56.81
-54.47
-51.87
-49.42
-46.81
-44.29
-41.72
-39.27
-36.62
-34.18
-31.58
-29.1
-26.62
-24.07
-21.81
-19.21
-16.66
-14.09
-11.51
-8.6
-5.14
-1.54
2.1
5.21
8.64
11.61
14.22
16.7
19.27
21.77
24.38
26.82
29.35
31.87
34.45
36.89
39.37
41.94
44.25
46.82
49.39
51.92
54.48
57.06
59.59
62.14
64.68
67.18
69.73
72.02
74.63
77.25
79.8
82.28
84.74
