151
67
92
47.49
45.32
55.63
50.61
51.09
43.33
52.51
50.42
44.84
45.5
37.56
50.52
49.19
44.56
49.76
40.77
51.28
56.86
57.33
50.23
43.61
50.61
50.05
43.05
51.46
39.07
48.53
48.72
49.1
54.49
43.14
45.03
43.05
41.91
62.06
36.33
45.03
43.71
44.09
46.36
40.11
45.6
39.92
44.27
46.92
37.37
44.56
47.21
48.63
51.65
37.84
46.07
42.29
45.22
46.92
38.79
47.68
45.5
44.46
59.79
46.07
56.86
50.42
52.22
48.15
46.07
115.32
144.37
311.82
733.47
817.38
1.91
1.04
12.31
62.84
1.04
3.9
3.21
1.82
2.34
3.64
3.38
2.6
2.77
0.61
-1.65
-26.69
-27.56
-32.33
-42.29
-40.21
-46.8
-40.47
-38.31
-40.99
-39.69
-37.35
-44.03
-40.13
-44.64
-46.37
-33.63
-44.2
-42.55
-47.41
-40.04
-42.99
-45.94
-41.77
-46.37
-44.11
-40.39
-46.72
-44.2
-41.17
-39.09
-48.54
-47.76
-46.54
-48.02
-48.36
-46.54
-42.29
-44.72
-45.68
-48.36
-49.32
-47.06
-44.38
-51.4
-44.2
-48.62
-45.16
-45.5
-50.1
-48.1
-50.1
-52.87
-30.25
-13.43
-48.88
-50.44
-49.49
-48.88
-10.14
-48.71
-49.4
-50.88
-45.94
-42.81
-44.03
67.85
65.27
62.77
60.28
57.76
55.2
52.61
50.31
47.75
45.17
42.64
40.14
37.55
35.02
32.52
30.05
27.56
25.22
22.49
20.14
17.44
14.99
12.46
9.88
6.43
2.8
-0.69
-4.01
-7.7
-10.8
-13.43
-15.92
-18.53
-20.69
-23.34
-25.85
-28.47
-30.92
-33.48
-35.96
-38.55
-41.02
-43.61
-46.14
-48.45
-50.96
-53.62
-56.13
-58.73
-61.21
-63.73
-66.31
-68.87
-71.29
-73.86
-76.42
-78.95
-81.5
-83.77
-86.21
-88.79
-91.39
-93.87
-96.53
-98.99
-101.44
-103.93
-106.54
-108.95
-110.49
-110.5
-110.49
-110.49
-110.5
-110.46
-109.28
-106.92
-104.16
-101.81
-99.25
-96.76
-94.21
-91.7
-89.36
-86.9
-84.26
-81.78
-79.18
-76.64
-74.09
-71.61
-69
-66.53
-64.03
-61.71
-59.11
-56.66
-53.98
-51.4
-48.98
-46.34
-43.8
-41.34
-38.79
-36.22
-33.72
-31.22
-28.68
-26.46
-23.8
-21.32
-18.75
-16.22
-13.72
-11.14
-7.98
-4.36
-0.92
2.54
5.74
9.14
11.99
14.5
17.17
19.65
22.12
24.75
27.29
29.74
32.25
34.75
37.23
39.85
42.3
44.82
47.42
49.66
52.23
54.87
57.38
59.83
62.43
65.04
67.56
70.04
72.64
74.94
77.44
79.98
82.61
85.04
