144
59
137
40.96
43.42
45.98
34.81
42.67
37.94
42.29
48.34
38.5
41.72
38.03
43.52
48.34
38.13
43.61
35.29
41.34
48.82
43.23
43.9
41.25
43.05
52.69
39.54
45.03
39.36
36.23
42.76
30.56
37.46
30.56
68.21
40.4
72.47
38.5
31.88
39.26
46.07
36.42
43.05
36.33
41.72
46.64
38.31
43.05
37.27
43.52
39.45
39.92
42.57
40.68
43.99
50.33
46.83
53.17
57.14
45.32
42.29
46.45
123.36
146.54
356.47
792.88
789.76
0.78
0.61
0.17
0.87
0.52
0.69
-0.09
7.11
-1.04
-0.61
1.91
2.25
1.56
0.17
0.09
-25.91
-26.35
-28.43
-30.16
-38.91
-39.61
-42.21
-37.27
-36.23
-40.65
-39.78
-43.25
-40.65
-37.09
-42.47
-40.21
-43.42
-39.26
-46.28
-41.43
89.44
-40.39
-40.91
-40.82
-41.08
-37.35
-43.25
-39.26
-43.77
-39.78
-40.13
-46.11
-42.73
-42.21
-44.64
-44.72
-43.42
-46.54
-48.97
-43.33
-41.51
-43.68
-46.72
-48.19
-48.62
-42.12
-46.28
-43.25
-45.94
-48.19
-37.27
-48.54
-48.54
-49.23
-51.83
-42.73
-49.4
-48.97
-60.41
-51.31
-48.45
-54.6
-51.66
-50.18
-42.99
54.14
51.58
49.14
46.55
44.04
41.47
38.96
36.46
34
31.52
29.01
26.45
23.98
21.33
18.9
16.33
13.81
11.48
8.51
4.97
1.56
-2.07
-5.58
-9.22
-11.88
-14.55
-16.94
-19.34
-21.87
-24.44
-27
-29.4
-31.98
-34.58
-37.05
-39.57
-42.11
-44.65
-47.19
-49.7
-52.3
-54.78
-57.32
-59.85
-62.16
-64.7
-67.2
-69.84
-72.34
-74.89
-77.44
-80
-82.52
-85.04
-87.32
-89.91
-92.48
-94.99
-97.5
-99.93
-102.54
-104.91
-106.02
-106.02
-106.02
-106
-106
-105.99
-105.89
-103.23
-100.52
-98
-95.5
-93.05
-90.48
-87.85
-85.39
-82.83
-80.63
-78.11
-75.51
-73
-70.46
-67.97
-65.32
-62.9
-60.3
-57.79
-55.24
-52.71
-50.11
-47.63
-45.14
-42.55
-40.07
-37.54
-34.89
-32.55
-29.93
-27.38
-24.89
-22.41
-20.07
-17.58
-14.93
-12.39
-9.77
-6.32
-2.72
0.84
4.37
7.75
10.78
13.37
15.91
18.36
21.03
23.46
26.02
28.56
31.1
33.56
36.13
38.6
41.08
43.59
46.17
48.44
51.05
53.59
56.18
58.7
61.31
63.72
66.28
68.87
71.34
73.95
76.22
78.75
81.3
83.8
86.47
88.94
