156
72
98
1.23
5.3
0.28
0.57
48.72
45.88
47.96
45.22
52.51
54.87
40.59
46.17
41.25
48.34
50.52
42.86
47.68
40.49
47.02
49.01
40.96
47.96
40.11
48.34
46.83
49.1
49.95
42.29
47.96
56.67
43.52
49.76
44.09
47.3
52.88
44.27
48.82
43.71
42.86
47.49
39.17
49.67
39.17
44.09
45.6
43.42
46.55
42
45.88
45.69
43.9
49.95
38.88
45.69
45.32
45.6
52.51
40.3
48.82
45.88
47.11
53.64
46.07
53.64
58.37
51.94
56.86
43.05
50.71
42
51.65
153.73
190.16
508.12
849.74
839.99
1.73
2.69
2.17
-0.09
1.04
-0.17
0.52
1.13
2.51
2.34
0.78
0.35
1.3
0.35
1.3
-19.85
-24.09
-27.47
-41.51
-40.39
-39.35
-44.64
-37.87
-40.47
-42.12
-40.3
-45.16
-40.13
-44.64
-40.13
-43.42
-47.41
-45.07
-48.36
-44.38
-39
-43.85
-41.95
-42.47
-45.24
-45.07
-44.64
-42.64
-42.29
-43.94
-41.17
-47.76
-46.98
-49.66
-45.33
-45.24
-46.28
-44.03
-46.02
-33.97
-45.94
-45.94
-46.37
-49.84
-49.58
-47.5
-49.58
-38.57
-44.03
-46.11
-43.25
-46.46
-45.85
-51.66
-50.36
-43.59
-50.44
-48.88
-51.14
-47.84
-50.53
-52.18
-49.66
-47.41
-39.78
79.45
76.91
74.42
71.79
69.36
66.76
64.25
61.69
59.16
56.89
54.35
51.7
49.11
46.7
44.07
41.56
39.06
36.45
33.97
31.54
29.1
26.51
23.97
21.43
18.93
16.3
14.12
11.56
8.62
5
1.49
-1.93
-5.35
-8.99
-11.87
-14.4
-16.67
-19.27
-21.79
-24.32
-26.93
-29.47
-31.89
-34.45
-37.02
-39.58
-42.09
-44.65
-47.21
-49.66
-52.19
-54.72
-57.04
-59.58
-62.13
-64.71
-67.26
-69.78
-72.31
-74.85
-77.18
-79.68
-82.28
-84.76
-87.29
-89.88
-92.41
-94.99
-97.53
-100.06
-102.51
-104.91
-107.5
-109.88
-110.51
-110.52
-110.53
-110.5
-110.51
-110.49
-110.52
-108.31
-105.65
-103.05
-100.53
-98.03
-95.45
-93.15
-90.66
-88.02
-85.57
-83.1
-80.48
-77.97
-75.46
-72.86
-70.41
-67.85
-65.31
-62.76
-60.29
-57.68
-55.25
-52.69
-50.11
-47.84
-45.32
-42.71
-40.13
-37.65
-35.04
-32.56
-30.01
-27.58
-24.96
-22.47
-20.16
-17.62
-15.07
-12.51
-9.92
-6.32
-2.72
0.63
4.28
7.73
10.8
13.39
15.92
18.36
21.03
23.54
25.99
28.59
31.14
33.3
35.84
38.41
41
43.46
46.04
48.52
51.16
53.65
56.28
58.52
61.09
63.58
66.21
68.68
71.3
73.84
76.35
78.89
81.37
83.91
