147
64
84
46.73
53.26
45.69
48.06
51.94
42.86
43.61
39.92
101.7
52.69
43.71
46.45
39.26
49.67
71.52
40.3
47.49
42.48
47.59
49.29
43.23
48.91
41.15
49.67
50.8
44.27
49.86
45.69
46.83
46.92
39.64
45.22
38.5
44.18
48.25
43.14
43.99
37.75
42.67
49.67
41.06
44.84
37.65
44.56
49.86
38.79
49.38
35.1
45.98
43.05
44.18
45.5
41.72
48.15
45.88
40.96
57.99
46.17
56.2
49.67
47.21
48.15
47.3
102.93
141.43
272.65
705.28
807.35
-1.21
-0.69
-0.26
-1.47
1.73
-1.56
0.17
-0.95
1.73
-2.86
0.09
-2.08
-46.02
-0.35
0.95
-24.01
-27.73
-35.62
-43.25
-41.86
-47.32
-39.95
-39
-41.77
-41.6
-37.09
-45.59
-42.12
-49.06
-46.89
-42.81
-41.86
-42.73
-49.14
-48.28
-45.16
-43.33
-44.46
-46.2
-47.67
-40.99
-13.61
-41.34
-49.84
-44.55
-48.36
-50.01
-51.83
-49.06
-49.49
-45.94
-44.46
-47.84
-50.96
-41.86
-51.4
-45.59
-46.98
-49.75
-51.74
-48.8
-49.4
-44.98
-50.18
-50.62
-52.78
-51.57
-50.44
-55.21
-47.93
-50.44
-54.08
-46.63
-52.52
-48.02
-53.82
-54.34
-45.94
-45.59
60.26
57.8
55.27
52.77
50.14
47.66
45.17
42.88
40.34
37.77
35.14
32.7
30.21
27.71
25.14
22.63
19.95
17.79
15.17
12.59
10.08
6.59
3.18
-0.42
-3.75
-7.33
-10.69
-13.28
-15.68
-18.24
-20.76
-23.35
-25.88
-28.18
-30.69
-33.27
-35.78
-38.37
-40.9
-43.47
-46
-48.55
-51.06
-53.34
-55.91
-58.46
-61.01
-63.52
-66.05
-68.68
-71.17
-73.71
-76.19
-78.71
-81.23
-83.82
-86.32
-88.84
-91.3
-93.93
-96.23
-98.73
-101.31
-103.8
-106.3
-108.77
-110.69
-110.74
-110.74
-110.73
-110.73
-110.71
-109.21
-107.03
-104.35
-101.93
-99.38
-96.87
-94.34
-91.84
-89.3
-86.82
-84.21
-81.79
-79.12
-76.69
-74.11
-71.66
-69.1
-66.54
-64.24
-61.66
-59.11
-56.54
-54.06
-51.47
-48.92
-46.39
-43.9
-41.35
-38.91
-36.34
-33.85
-31.37
-28.81
-26.34
-23.78
-21.24
-18.71
-16.21
-13.69
-11.15
-7.94
-4.75
-1.32
2.31
5.83
9.28
12.02
14.6
16.95
19.47
21.99
24.49
27.05
29.67
32.17
34.62
37.19
39.64
42.21
44.76
47.29
49.76
52.4
54.89
57.41
59.92
62.44
65.06
67.55
69.83
72.41
75
77.49
80.08
82.64
