146
62
90
50.61
53.36
44.75
51.46
48.06
48.15
114.28
36.71
49.38
50.9
46.07
50.33
39.83
49.01
42.48
51.75
49.01
41.82
47.4
46.64
42.48
50.99
38.31
46.17
43.71
43.71
51.09
42.76
45.88
43.05
44.65
45.88
41.25
46.26
45.13
43.23
46.36
39.83
45.03
35.86
44.18
43.71
35.48
45.41
42.76
44.27
49.38
41.63
44.56
44.27
45.69
47.21
38.31
60.36
44.46
49.95
55.53
50.61
109.55
48.44
47.87
53.64
45.03
112.77
141.81
307.65
761.19
779.16
0.78
-0.61
-1.65
1.04
1.91
67
1.39
0
-0.43
0.17
-1.73
2.43
10.14
1.39
1.13
-22.19
-24.27
-22.71
-43.59
-34.41
-43.77
-40.39
-38.05
-41.69
-41.95
-35.53
-42.73
-38.13
-35.71
-42.38
-39.43
-42.21
-42.12
-45.76
-43.25
-38.83
-45.5
-44.38
-43.51
-42.81
-42.64
-51.66
-45.33
-44.11
-41.95
-42.38
-48.02
-45.16
-46.98
-47.41
-42.21
-43.68
-51.14
-47.41
-48.28
-44.55
-48.8
-51.66
-52.26
-50.01
-43.85
-51.22
-46.02
-52.52
-51.66
-49.92
-53.65
-50.79
-44.55
-52.35
-52.09
-54.6
-48.36
-53.39
-52.09
-45.24
-52.44
-48.62
60.43
57.85
55.3
52.78
50.27
47.62
45.14
42.65
40.36
37.8
35.13
32.62
30.21
27.64
25.09
22.58
20.09
17.54
15.05
12.7
10.18
6.63
3.18
-0.35
-3.77
-7.46
-10.73
-13.3
-15.76
-18.35
-20.63
-23.2
-25.71
-28.2
-30.69
-33.33
-35.8
-38.38
-40.85
-43.42
-45.92
-48.48
-50.98
-53.54
-56.09
-58.6
-61.1
-63.7
-66.26
-68.57
-71.19
-73.65
-76.19
-78.78
-81.31
-83.86
-86.35
-88.89
-91.17
-93.72
-96.36
-98.82
-101.46
-103.83
-106.31
-108.75
-110.3
-110.32
-110.31
-110.35
-110.3
-110.33
-109.26
-106.95
-104.59
-102
-99.46
-96.99
-94.38
-91.91
-89.35
-86.86
-84.35
-81.83
-79.23
-76.97
-74.27
-71.85
-69.19
-66.77
-64.25
-61.64
-59.15
-56.65
-54.11
-51.52
-49.03
-46.47
-43.9
-41.7
-39.12
-36.62
-33.94
-31.47
-28.96
-26.44
-23.84
-21.31
-18.81
-16.49
-13.95
-11.48
-8.32
-4.81
-1.29
2.21
5.69
9.2
11.96
14.43
17.07
19.54
22.08
24.61
27.11
29.64
32.19
34.36
36.96
39.54
42.09
44.62
47.17
49.69
52.24
54.78
57.35
59.89
62.15
64.82
67.32
69.92
72.38
74.93
77.34
79.89
