120
49
70
41.44
51.09
62.91
46.92
46.92
41.53
50.71
47.68
45.98
54.49
146.92
46.92
42.67
49.38
53.07
36.14
48.82
41.82
48.25
55.44
40.87
45.79
42.95
43.61
52.22
43.52
50.61
41.44
41.82
51.37
41.06
42.57
40.87
42.86
47.96
40.87
40.87
41.34
44.94
48.63
39.36
42.48
41.82
44.94
48.63
37.27
46.17
39.64
47.11
47.59
42.19
44.56
243.04
48.06
50.61
2.86
1.21
-0.52
0.78
19.85
1.13
-0.95
0.43
1.82
0.69
1.21
-49.75
-43.16
-18.2
-48.02
-50.1
-48.8
-43.25
-50.88
-48.02
-52.26
-51.48
-46.8
-48.45
-46.2
-46.28
-47.76
-41.69
-49.32
-47.06
-51.48
-47.32
-48.54
-50.44
-48.28
-50.53
-46.2
-45.24
-44.55
-44.64
-45.94
-44.9
-45.94
-27.47
-45.42
-43.94
-44.03
-46.02
-49.49
-46.37
-51.48
-48.28
-51.31
-51.83
-51.92
-52.61
-52.61
-46.98
-54.26
-53.04
-53.04
-50.01
-53.82
-51.92
-48.1
61.19
58.68
56.08
53.54
51.01
48.68
46.16
43.61
41.06
38.53
35.95
33.56
30.99
28.55
25.97
23.46
20.95
18.42
15.87
13.35
10.8
7.65
4.45
0.89
-2.65
-6.12
-9.75
-12.42
-14.91
-17.41
-20.03
-22.59
-24.83
-27.46
-29.92
-32.45
-35.01
-37.55
-40.02
-42.6
-45.09
-47.66
-50.22
-52.77
-55.27
-57.62
-60.1
-62.71
-65.29
-67.85
-70.32
-72.88
-75.41
-77.78
-78.43
-78.41
-78.44
-78.13
-77.04
-75.43
-73.31
-70.78
-68.22
-65.74
-63.13
-60.64
-58.16
-55.57
-53.09
-50.57
-47.94
-45.7
-43.09
-40.56
-37.99
-35.49
-32.89
-30.36
-27.98
-25.42
-22.83
-20.5
-17.98
-15.27
-12.86
-10.23
-6.79
-3.19
0.2
3.71
7.24
10.56
13.09
15.52
18.09
20.63
23.17
25.43
27.97
30.59
33.09
35.6
38.14
40.68
43.19
45.73
48.27
50.57
53.09
55.83
58.26
60.8
63.37
65.9
68.36
70.89
73.43
76.03
78.48
81.05
