142
58
147
60.45
32.83
45.32
41.25
51.28
47.96
35.48
45.13
40.11
38.79
50.33
35.76
39.45
39.83
38.88
46.73
32.64
37.94
40.77
36.33
43.33
34.53
43.14
40.21
38.41
42.1
25.73
37.37
27.34
31.6
32.92
37.27
30.37
25.92
31.22
32.35
26.21
36.23
31.98
35.57
40.87
32.64
40.68
39.92
43.42
74.64
40.02
50.05
45.5
61.97
59.22
48.15
56.95
50.71
46.64
45.79
47.3
122.42
154.02
395.07
698.46
685.79
45.68
43.77
45.76
44.64
43.59
43.33
47.15
43.85
46.28
44.2
46.72
48.36
43.77
49.06
87.97
22.53
19.5
30.68
5.55
7.54
2.51
2.69
7.45
2.6
4.42
1.73
4.16
5.81
-0.78
2.34
5.81
3.03
9.79
3.12
5.37
24.61
6.33
6.59
4.16
6.93
9.79
-0.17
11.01
39.17
5.37
4.07
-2.86
-1.47
-0.17
-1.13
2.6
12.13
-3.38
-3.29
0.43
2.86
0.35
-3.73
-3.81
-3.99
-0.78
-3.38
1.73
-6.33
-8.67
-3.12
-5.98
-4.07
-11.87
-7.02
-5.29
-7.02
-3.47
-8.67
-6.85
-6.76
-1.47
-6.76
-11.7
-3.38
49.21
46.61
44.15
41.63
39.02
36.54
34.11
31.78
29.19
26.63
24.1
21.51
19
16.46
13.94
11.38
8.41
5.27
1.84
-1.89
-5.43
-9.03
-11.75
-14.36
-16.76
-19.37
-21.85
-24.43
-26.91
-29.44
-31.95
-34.52
-37.09
-39.54
-42.09
-44.4
-46.91
-49.54
-52.1
-54.64
-57.13
-59.61
-62.16
-64.7
-67.18
-69.77
-72.34
-74.83
-77.42
-79.71
-82.18
-84.97
-87.2
-89.84
-92.36
-94.88
-97.41
-99.83
-102.42
-104.83
-105.92
-105.91
-105.91
-105.9
-105.93
-105.91
-105.6
-103.19
-100.35
-97.9
-95.35
-92.82
-90.31
-87.74
-85.27
-82.7
-80.23
-77.76
-75.14
-72.67
-70.36
-67.85
-65.24
-62.68
-60.13
-57.55
-54.98
-52.55
-50.03
-47.52
-44.97
-42.48
-39.91
-37.45
-34.79
-32.32
-29.78
-27.21
-24.84
-22.45
-19.83
-17.3
-14.84
-12.22
-9.62
-6.24
-2.54
1
4.52
7.9
11.11
13.55
15.96
18.36
20.97
23.54
26.09
28.64
31.26
33.75
36.29
38.73
41.04
43.49
46.05
48.68
51.22
53.73
56.32
58.84
61.38
63.89
66.53
68.93
71.51
74.09
76.56
79.12
81.7
83.88
86.46
88.98
