154
70
96
0.28
-0.66
0.85
0.09
-0.66
41.82
45.79
49.38
41.72
49.38
54.21
44.37
48.44
42.67
49.19
46.17
48.15
54.68
43.05
49.29
44.65
46.73
52.13
37.56
48.44
45.32
50.05
53.64
42.86
49.95
45.13
47.02
52.79
44.84
48.63
43.99
45.41
57.05
40.49
43.99
42.1
46.17
51.28
44.09
43.9
42.38
112.39
51.56
38.41
46.36
43.42
47.68
53.74
38.5
46.83
40.68
47.96
47.49
42.57
48.25
43.42
75.87
54.59
43.05
62.63
49.67
50.33
53.45
43.8
49.57
41.06
87.89
138.31
247.96
558.17
736.02
0.09
0.61
8.23
0.52
87.54
1.91
1.73
1.56
6.41
4.16
2.95
12.39
2.86
2.77
-26
-26.17
-31.37
-43.59
-40.21
-38.05
-46.54
-39.35
-39.61
-38.91
57.72
-43.33
-38.48
-40.91
-43.77
-44.64
-43.51
-41.77
-49.14
-41.25
-40.21
-45.76
-46.54
-38.05
-44.72
-45.07
-42.9
-44.81
-42.99
-42.99
-40.99
-46.28
-49.92
-49.49
-44.64
-48.8
-47.15
-45.33
-41.6
-45.76
-45.85
-47.58
-47.67
-48.62
-49.92
-43.85
-53.04
-43.16
-47.06
-47.76
-47.32
-52.87
-48.02
-39.87
-51.4
-45.24
-52.61
-48.28
-53.04
-50.62
-48.02
-51.57
-48.54
-49.14
85.13
82.65
80.11
77.64
75.02
72.51
69.92
67.44
65.16
62.68
60.03
57.53
54.91
52.37
49.93
47.35
44.82
42.28
39.71
37.28
34.99
32.54
29.84
27.33
24.83
22.3
19.79
17.17
14.65
12.14
9.52
6
2.65
-0.98
-4.58
-7.79
-10.97
-13.54
-16.02
-18.63
-21.16
-23.68
-26.17
-28.73
-31.22
-33.9
-35.99
-38.62
-41.13
-43.78
-46.2
-48.77
-51.42
-53.93
-56.39
-58.97
-61.42
-64.13
-66.59
-69.14
-71.61
-74.22
-76.39
-79.02
-81.57
-84.17
-86.62
-89.18
-91.7
-94.27
-96.73
-99.27
-101.7
-104.05
-106.1
-106.58
-106.56
-106.57
-106.59
-105.92
-104.07
-101.7
-99.16
-96.99
-94.34
-91.86
-89.27
-86.78
-84.25
-81.76
-79.34
-76.61
-74.16
-71.64
-69.29
-66.63
-64.12
-61.55
-59.18
-56.57
-54
-51.44
-48.95
-46.44
-43.95
-41.39
-38.9
-36.31
-33.76
-31.23
-28.97
-26.35
-23.91
-21.33
-18.8
-16.24
-13.72
-11.1
-8.09
-4.47
-1.33
2.24
5.58
9.31
11.95
14.6
17.01
19.63
22.17
24.67
27.18
29.75
32.23
34.8
37.21
39.77
42.24
44.64
47.18
49.74
52.24
54.87
57.44
59.97
62.42
65.01
67.28
69.86
72.34
74.96
77.47
80.01
82.58
85.07
