147
64
84
50.14
48.63
43.33
45.03
46.17
41.63
44.65
39.45
47.68
49.38
40.68
42.86
35.57
47.49
49.38
36.99
50.05
42.19
49.67
49.38
41.53
46.36
43.23
50.33
51.09
45.79
49.76
41.15
44.46
48.06
40.77
41.06
38.98
40.77
45.69
44.84
43.99
40.59
43.14
43.8
43.14
44.84
38.13
45.88
50.05
41.82
50.05
40.02
49.29
51.75
46.83
48.25
44.46
46.26
48.53
41.91
59.6
48.53
56.38
51.46
49.57
48.44
44.18
108.7
146.73
323.07
728.64
813.41
1.39
0.78
-0.61
-0.78
28.43
-0.35
-0.69
0.52
1.65
-1.91
3.55
1.99
-39.95
2.6
1.13
-20.89
-27.56
-28.95
-42.03
-40.73
-44.29
-39.61
-40.21
-42.12
-41.86
-41.43
-43.07
-39.95
-48.36
-49.23
-40.56
-42.81
-41.69
-45.24
-44.46
-45.59
-42.29
-42.99
-0.78
-42.21
-37.87
-45.33
-41.25
-48.02
-40.21
-49.23
-49.4
-48.88
28.17
-46.46
-46.72
-42.47
-44.11
-48.19
-44.46
-47.32
-23.57
-46.63
-50.62
-46.72
-46.37
-46.98
-41.86
-48.54
-46.54
-47.41
-49.58
-48.71
-48.8
-46.72
-50.79
-47.24
-46.63
-48.62
-13.17
-54.6
-51.74
-43.59
-44.55
60.67
58.16
55.61
53.09
50.58
48.04
45.46
43
40.54
38.01
35.46
32.99
30.55
28.2
25.61
23.08
20.55
17.99
15.47
12.92
10.32
6.95
3.47
-0.03
-3.14
-6.65
-10.12
-12.86
-15.26
-17.85
-20.38
-22.93
-25.44
-27.98
-30.5
-32.99
-35.47
-38.07
-40.58
-43.17
-45.69
-48.27
-50.51
-53.09
-55.62
-58.23
-60.69
-63.3
-65.85
-68.39
-70.86
-73.44
-75.67
-78.25
-80.76
-83.38
-85.85
-88.48
-90.97
-93.42
-95.97
-98.55
-101.03
-103.55
-105.98
-108.42
-110.31
-110.37
-110.35
-110.37
-110.35
-110.32
-108.95
-106.66
-104.07
-101.56
-99.01
-96.54
-93.97
-91.44
-88.98
-86.65
-84.14
-81.51
-78.9
-76.38
-73.85
-71.39
-68.87
-66.41
-63.87
-61.36
-58.76
-56.3
-53.75
-51.37
-48.74
-46.21
-43.69
-41.21
-38.63
-36.03
-33.54
-31.03
-28.52
-26.24
-23.68
-21.15
-18.64
-16
-13.53
-10.91
-7.79
-4.11
-0.65
2.84
6.26
9.76
12.4
14.91
17.47
19.91
22.25
24.85
27.37
29.94
32.46
34.87
37.48
40
42.55
45.1
47.61
49.9
52.51
55.05
57.59
60.11
62.63
65.23
67.68
70.25
72.83
75.33
77.81
80.45
82.91
