147
64
88
43.14
48.53
49.95
44.37
45.03
65.75
46.64
45.03
45.69
49.48
40.59
48.91
41.34
47.59
52.22
37.56
46.83
46.83
47.49
52.13
43.9
49.29
46.55
44.37
55.25
43.33
48.63
43.23
41.63
51.56
55.53
45.5
42.1
44.18
47.4
39.64
42.86
41.06
45.6
47.78
41.44
44.37
40.02
45.22
52.88
35.95
46.92
41.15
47.78
53.92
38.88
47.96
42.38
47.4
52.32
41.63
64.52
48.91
48.06
51.37
43.71
49.38
48.91
47.59
142.66
262.34
583.05
775.76
-4.85
-2.25
-2.17
-1.39
-3.47
-3.73
-1.21
-3.47
-1.56
-3.03
-5.46
-2.34
-5.11
-3.12
-28.25
-26.87
-33.02
-45.85
-45.07
-42.9
-50.44
-44.46
-42.55
-46.72
-43.68
-45.85
-45.59
-47.41
-43.85
-9.27
-50.18
-46.46
-53.56
-46.98
-44.11
-48.8
-49.49
-44.9
-48.71
-46.54
-48.19
-47.41
-44.11
-51.22
-46.2
-51.57
-52.09
-54.78
-49.66
-53.56
-50.79
-50.18
-49.4
-45.07
-51.92
-54
-51.14
-53.82
-53.65
-50.1
-57.64
38.39
-47.06
-53.39
-50.53
-56.16
-52
-53.82
-50.27
-49.49
-51.05
-19.93
-57.2
-55.3
-52.52
-58.94
-52.18
-50.96
-44.81
61.26
58.77
56.16
53.65
51.01
48.5
45.94
43.46
40.86
38.37
36.05
33.58
30.95
28.52
25.93
23.43
20.86
18.35
15.92
13.4
10.82
7.74
4.19
0.58
-2.8
-6.29
-9.85
-12.48
-15.01
-17.55
-19.85
-22.35
-25
-27.54
-29.97
-32.51
-35.04
-37.72
-40.16
-42.76
-45
-47.54
-50.17
-52.68
-55.22
-57.74
-60.31
-62.79
-65.31
-67.9
-70.38
-72.99
-75.5
-78
-80.28
-82.89
-85.38
-88.01
-90.49
-93.1
-95.6
-98.17
-100.65
-103.16
-105.59
-108.11
-110.06
-110.54
-110.53
-110.54
-110.54
-109.98
-108.2
-105.92
-103.36
-100.88
-98.38
-95.83
-93.29
-90.82
-88.3
-85.71
-83.3
-80.62
-78.38
-75.82
-73.24
-70.72
-68.19
-65.65
-63.09
-60.51
-58
-55.49
-53.02
-50.64
-48
-45.44
-42.94
-40.4
-37.84
-35.26
-32.75
-30.24
-27.81
-25.23
-22.69
-20.24
-17.61
-15.05
-12.87
-10.28
-6.78
-3.14
0.25
3.75
7.27
10.5
13.11
15.66
18.17
20.5
23
25.7
28.21
30.76
33.16
35.68
38.19
40.81
43.25
45.73
48.3
50.89
53.41
56.06
58.47
60.78
63.28
65.95
68.46
70.97
73.54
76.09
78.56
81.14
83.7
