147
63
91
42.1
48.15
57.24
45.32
48.44
39.26
51.37
49.86
45.6
48.63
40.87
48.44
48.72
45.69
52.13
37.27
47.11
45.6
47.96
51.75
41.82
47.78
49.29
43.71
49.19
39.73
45.88
45.98
45.13
52.79
38.98
44.75
43.99
43.33
47.49
40.87
50.14
39.83
43.99
43.71
39.36
45.32
43.8
46.45
50.52
34.63
45.22
43.14
46.17
50.99
38.6
45.6
44.56
50.33
52.98
40.77
53.83
54.49
51.94
54.78
41.72
47.3
39.73
49.19
134.05
179.09
576.61
832.71
829.02
1.04
0.69
1.82
9.27
3.21
4.68
3.21
3.64
1.82
3.29
3.38
3.29
4.16
3.21
-0.26
-20.63
-24.79
-28.51
-42.38
-39.35
-43.25
-48.45
-41.86
-41.95
-42.38
-38.91
-41.77
-40.21
-43.25
-46.63
-8.23
-44.2
-41.86
-46.02
-43.51
-42.47
-45.59
-42.47
-40.73
-46.02
-41.69
-40.39
-43.77
-43.33
-43.07
-40.73
-43.94
-50.1
-48.19
-48.62
-49.06
-45.16
-46.2
-43.25
-45.16
-47.06
-47.06
-48.45
-46.89
-46.02
-46.37
-50.27
-42.73
-45.85
-48.71
-42.73
-49.92
-51.14
-49.75
-44.81
-46.11
-48.8
-47.84
-56.34
-48.02
-42.38
-51.31
-52
65.32
62.86
60.31
57.79
55.25
52.9
50.2
47.77
45.14
42.78
40.1
37.68
35.26
32.72
30.09
27.57
25.07
22.58
20.02
17.51
14.9
12.73
10.18
6.65
3.08
-0.39
-3.97
-7.53
-10.73
-13.24
-15.79
-18.29
-20.61
-23.19
-25.76
-28.3
-30.73
-33.42
-35.88
-38.38
-40.94
-43.49
-45.97
-48.58
-51.03
-53.67
-56.16
-58.37
-61.04
-63.62
-66.04
-68.69
-71.16
-73.73
-76.25
-78.88
-81.05
-83.67
-86.11
-88.72
-91.26
-93.87
-96.38
-98.9
-101.29
-103.87
-106.05
-106.57
-106.57
-106.57
-106.57
-106.58
-106.58
-106.57
-104.68
-101.89
-99.32
-96.87
-94.31
-91.79
-89.25
-86.77
-84.25
-82
-79.47
-76.82
-74.33
-71.82
-69.31
-66.73
-64.13
-61.73
-59.18
-56.58
-54.09
-51.57
-49.09
-46.51
-44.11
-41.5
-39
-36.43
-33.95
-31.34
-28.92
-26.31
-24.09
-21.52
-19.01
-16.36
-13.8
-11.28
-8.32
-4.75
-1.21
2.37
5.81
9.34
12.02
14.57
17.04
19.65
22.08
24.7
26.9
29.46
32.07
34.71
37.1
39.64
42.13
44.72
47.21
49.8
52.03
54.6
57.3
59.87
62.29
64.9
67.34
69.95
72.46
75
77.43
80.08
82.48
