143
59
147
36.23
43.52
39.17
39.92
43.99
32.54
41.15
38.98
38.88
44.27
30.84
57.8
37.37
44.84
44.09
38.98
42.38
39.07
40.96
46.26
38.03
45.22
42.57
41.82
47.96
30.18
38.13
37.27
39.64
37.65
32.35
36.52
33.21
33.77
35.86
31.41
35.57
36.04
39.64
42.67
28.48
37.65
35.95
41.82
45.98
36.61
41.82
41.25
44.09
43.42
34.63
46.55
44.56
51.56
51.94
39.73
44.56
39.83
50.14
144.84
259.78
667.43
785.03
44.72
41.34
45.33
46.28
50.44
45.85
44.29
46.28
45.94
45.59
48.8
46.11
-1.21
48.54
23.31
16.29
16.99
8.84
3.73
18.81
1.13
7.45
7.45
3.9
5.29
2.6
2.95
5.03
-0.61
3.21
1.82
5.11
4.33
2.95
3.64
4.68
4.68
6.67
4.94
4.16
6.67
6.85
6.33
3.12
6.07
1.65
-3.64
-4.25
-0.17
-2.86
-1.04
1.3
2.08
-1.3
-2.08
0.52
0.26
0.43
-1.65
146.39
6.76
3.38
2.86
-1.56
-0.61
3.47
-2.43
-0.26
1.65
6.07
-4.51
-5.37
0
-7.37
-2.6
-11.53
-10.83
-9.88
-0.87
-3.03
53.01
50.47
48.08
45.48
42.91
40.54
37.75
35.5
33.18
30.43
27.66
25.38
22.93
20.43
17.92
15.33
12.9
10
7
3.38
0.17
-3.52
-7.19
-10.27
-13.33
-15.41
-18.05
-20.45
-23.29
-25.56
-28.09
-30.48
-32.97
-35.57
-37.96
-40.95
-43.1
-45.69
-48
-50.58
-53.35
-55.52
-58.56
-60.73
-63.31
-65.68
-68.52
-70.84
-73.37
-75.96
-78.5
-80.84
-83.57
-86.41
-88.38
-90.97
-93.6
-96.04
-98.58
-101.01
-103.84
-105.63
-106.01
-106.05
-106.09
-106.06
-106
-104.22
-101.9
-99.46
-96.86
-93.68
-91.82
-89.36
-86.9
-84.37
-81.83
-79.27
-76.32
-74.24
-71.82
-69.24
-66.65
-64.31
-61.72
-59.15
-56.56
-54.06
-51.56
-48.59
-46.69
-44.04
-41.4
-38.88
-36.51
-33.97
-31.15
-28.86
-26.39
-23.95
-21.3
-18.76
-16.4
-13.85
-11.25
-8.46
-4.84
-0.81
2.42
5.81
9.17
12.02
14.62
16.95
20.02
22.1
24.67
27.08
29.97
32.2
34.5
37.11
39.62
42.21
44.53
47.56
49.68
52.23
54.69
57.21
59.84
62.18
65.23
67.34
69.92
72.34
75.28
77.54
79.85
82.45
85.04
87.67
90.07
