146
62
89
48.44
51.37
43.99
61.4
47.59
44.37
63.48
40.4
48.63
52.69
43.99
51.46
38.79
49.76
49.38
42.67
50.99
40.96
75.31
50.05
47.68
51.46
45.32
51.65
52.88
47.68
54.59
43.14
48.06
50.52
185.52
44.27
41.91
46.36
48.15
47.3
45.32
41.34
44.37
46.64
47.87
50.52
37.08
44.84
50.23
43.33
50.99
44.75
51.46
45.6
44.75
46.83
42.67
48.06
45.32
46.92
120.05
48.15
55.44
49.1
49.38
48.34
42.95
105.11
152.03
276.25
713.03
793.54
3.55
3.29
2.43
1.04
4.33
3.21
2.95
2.95
8.93
4.07
1.99
1.56
4.42
0.61
-6.5
-21.58
-28.6
-38.91
-43.07
-42.12
-44.38
-39.87
-40.99
-40.99
-37.7
-39.52
-37.7
-39.61
-45.59
-41.86
-43.59
-40.82
-42.38
-41.69
-42.03
-45.68
-44.64
-42.29
-42.55
-45.16
-42.12
-43.68
-40.56
-43.59
-43.25
-45.5
-46.63
-49.49
-46.8
-51.92
-47.84
-44.38
-46.8
-46.89
-51.66
-47.15
-47.58
-44.98
-49.66
-46.89
-6.07
-43.51
-46.89
-48.88
-44.98
-48.8
-49.49
-47.06
-44.81
-48.88
-52.44
-51.05
-46.2
-52.78
-46.2
-55.64
-53.39
-49.23
64.53
62.03
59.4
56.86
54.32
51.71
49.26
46.95
44.36
41.76
39.27
36.72
34.3
31.81
29.3
26.72
24.26
21.72
19.17
16.64
14.08
11.8
8.96
5.31
1.91
-1.65
-5.14
-8.84
-11.63
-14.23
-16.74
-19.07
-21.54
-24.12
-26.69
-29.18
-31.66
-34.31
-36.74
-39.33
-41.93
-44.5
-46.98
-49.28
-51.81
-54.49
-56.94
-59.51
-62.04
-64.57
-67.11
-69.68
-72.21
-74.5
-76.96
-79.69
-82.09
-84.78
-87.2
-89.67
-92.32
-94.78
-97.35
-99.81
-102.31
-104.75
-106.54
-106.57
-106.56
-106.58
-106.58
-106.55
-104.88
-102.47
-99.9
-97.43
-94.85
-92.38
-89.81
-87.3
-84.79
-82.3
-79.95
-77.43
-74.73
-72.3
-69.7
-67.29
-64.7
-62.14
-59.62
-57.18
-54.57
-52.01
-49.61
-46.96
-44.49
-41.87
-39.63
-36.98
-34.47
-31.92
-29.41
-26.88
-24.42
-21.8
-19.3
-16.78
-14.47
-11.88
-9.11
-5.57
-2.03
1.58
4.88
8.53
11.42
14.01
16.48
19.05
21.61
24.12
26.57
29.17
31.48
34.13
36.55
39.08
41.63
44.21
46.64
49.25
51.75
54.33
56.81
59.18
61.77
64.41
66.83
69.41
71.82
74.4
76.92
79.57
81.93
84.54
