146
62
90
43.9
49.1
51.75
48.44
52.22
41.15
50.52
46.36
47.3
54.87
39.36
47.11
44.09
50.42
51.94
37.65
48.72
42.57
50.9
53.07
44.46
49.29
44.94
46.55
53.83
43.99
114
41.63
46.64
54.78
39.45
46.36
41.15
46.17
50.61
43.9
43.61
42.1
44.27
50.99
40.21
45.5
40.96
45.6
51.37
42.67
47.11
44.27
47.68
50.71
42.38
46.55
42
43.99
123.36
39.73
57.71
52.13
46.83
53.83
41.25
50.61
40.3
104.63
138.69
253.16
643.31
791.84
1.04
-1.82
0
2.17
0.95
0.35
-1.3
0.78
1.65
2.34
1.21
8.41
29.29
27.39
-23.31
-25.91
-26.52
-29.21
-42.99
-42.29
-49.06
-38.13
-36.75
-39.87
-37.87
-40.73
-38.22
-40.04
-43.77
-43.51
-45.59
-40.82
-40.13
59.63
-43.94
-47.67
-44.29
-44.98
-4.85
-45.33
-46.11
-46.2
-43.07
-46.28
-41.95
-49.32
-50.79
-50.96
-46.54
-45.16
-46.98
-43.07
-46.37
-43.42
-48.02
-49.4
-47.84
-44.72
-47.5
-44.29
-49.75
-45.59
-44.98
-49.4
-45.42
-54.17
-48.28
-49.66
-48.71
-46.63
-51.92
-49.32
-46.02
-52.7
-48.28
-54.78
-54.43
-48.62
64.74
62.26
59.63
57.11
54.59
52.28
49.77
47.15
44.65
42.06
39.55
37.03
34.6
32.11
29.48
27.03
24.5
21.95
19.33
16.87
14.56
12.09
9.21
5.66
2.23
-1.2
-4.87
-8.34
-11.34
-13.92
-16.25
-18.78
-21.4
-23.95
-26.41
-29.03
-31.5
-34.1
-36.51
-39.07
-41.53
-44.14
-46.64
-49.15
-51.81
-54.37
-56.52
-59.08
-61.74
-64.26
-66.76
-69.32
-71.85
-74.4
-76.89
-79.44
-82.01
-84.29
-86.82
-89.45
-91.94
-94.62
-97.05
-99.58
-101.97
-104.47
-106.57
-106.82
-106.82
-106.81
-106.82
-106.53
-104.78
-102.45
-100.16
-97.69
-95.06
-92.58
-89.99
-87.5
-84.97
-82.45
-79.98
-77.34
-74.83
-72.56
-70.03
-67.36
-64.91
-62.36
-59.76
-57.25
-54.67
-52.2
-49.64
-47.15
-44.62
-42.01
-39.51
-37.04
-34.45
-31.87
-29.68
-27.03
-24.54
-21.98
-19.51
-16.96
-14.43
-11.83
-9.04
-5.86
-2.22
1.44
4.77
8.3
11.33
13.84
16.4
18.81
21.41
24.02
26.42
29
31.6
34.11
36.55
39.12
41.32
43.9
46.43
49.02
51.59
54.13
56.71
59.28
61.54
64.05
66.56
69.12
71.71
74.32
76.76
79.39
81.81
84.35
