153
69
97
-2.93
-0.66
-2.27
-0.85
42.67
44.56
51.94
45.22
49.57
41.06
47.11
45.32
44.27
44.94
44.46
48.91
51.46
44.18
43.71
38.13
47.3
46.17
39.54
43.33
37.18
44.56
46.26
42.38
44.65
40.02
45.88
45.41
40.02
50.05
42.29
43.8
40.68
38.98
38.88
35.76
40.11
40.21
39.36
40.87
36.04
43.61
39.26
41.15
44.37
38.31
43.33
113.43
43.23
47.96
37.65
49.38
45.13
44.37
45.98
40.68
48.06
50.61
43.33
66.13
48.44
65.47
50.8
47.49
48.25
41.34
108.89
142.1
249.28
469.9
642.84
-2.08
-0.52
-0.09
-0.43
-0.61
1.65
-2.17
-2.51
-0.35
0.95
26.61
25.31
-2.08
-0.26
-2.34
-22.27
-29.9
-29.03
-46.2
-44.29
-48.54
-45.85
-42.29
-44.72
-42.73
-41.69
-46.8
-43.16
-49.66
-46.02
-43.07
-45.76
-46.54
-49.14
-44.81
-42.9
-47.41
-46.54
-48.54
-43.94
-42.9
-47.58
-46.28
-47.76
-44.2
-43.59
-48.36
-46.28
-46.46
-47.32
-42.64
-42.81
-48.02
-48.1
-46.02
-46.72
-48.62
-50.1
-48.02
-52
-47.41
-52.52
-46.11
-54
-52.44
-44.38
-50.79
-49.66
-56.08
-29.29
-50.44
-7.37
-52.18
-54.43
-53.39
-51.48
-53.3
-47.93
82.39
79.84
77.27
74.76
72.23
69.72
67.38
64.89
62.23
59.72
57.12
54.64
52.16
49.65
47.1
44.56
42.07
39.55
36.97
34.57
32.01
29.53
26.95
24.45
22.12
19.45
17
14.47
11.92
9.08
5.66
2.15
-1.45
-5
-8.25
-11.17
-13.78
-16.32
-18.91
-21.41
-23.95
-26.43
-28.91
-31.47
-34.05
-36.49
-39.09
-41.67
-44.17
-46.66
-49.19
-51.75
-54.33
-56.53
-59.13
-61.73
-64.3
-66.72
-69.31
-71.89
-74.45
-76.96
-79.53
-82.01
-84.32
-86.79
-89.46
-91.94
-94.53
-97
-99.41
-101.93
-104.45
-105.99
-105.99
-106.03
-106
-106
-105.99
-104.73
-102.48
-99.98
-97.5
-94.91
-92.46
-89.77
-87.36
-84.81
-82.32
-79.77
-77.54
-74.82
-72.34
-69.73
-67.31
-64.74
-62.31
-59.72
-57.11
-54.6
-52.14
-49.8
-47.24
-44.62
-42.06
-39.56
-37.02
-34.48
-32.01
-29.39
-26.89
-24.38
-22.1
-19.54
-17.03
-14.39
-11.82
-9.08
-5.58
-1.97
1.61
5.02
8.46
11.48
13.9
16.52
19.02
21.57
24.11
26.62
28.86
31.48
34.04
36.57
38.99
41.57
44.06
46.64
49.18
51.69
54.2
56.54
59.2
61.8
64.33
66.84
69.37
71.84
74.46
76.98
79.52
81.97
84.46
