158
74
99
0
-1.04
0.09
-0.66
-1.7
1.14
54.02
46.45
46.83
45.98
49.48
52.88
48.82
43.9
41.82
47.96
52.13
47.49
49.01
39.64
49.38
51.75
42.86
48.44
37.65
47.3
47.21
49.95
50.05
40.68
47.21
50.33
43.99
49.38
40.4
49.1
48.82
43.99
50.14
41.15
44.09
45.69
44.09
50.42
41.53
44.75
42.19
41.34
43.14
40.3
42.86
47.3
44.65
48.82
37.56
47.78
42.95
45.69
52.79
39.07
45.98
41.72
50.52
52.03
39.26
51.37
50.8
47.4
53.45
38.98
49.48
40.4
48.91
133.01
169.44
571.98
801.11
792.41
1.56
-1.3
-2.77
-1.65
1.65
1.3
0.78
0.69
-1.13
0.69
10.14
0
0.26
-0.95
-0.87
-24.18
-28.08
-32.67
-49.58
-43.51
-40.99
-45.85
-41.6
-42.12
-43.25
-40.91
-44.2
-40.04
-42.81
-46.98
-40.73
-45.5
-46.54
-48.8
-44.11
-39.78
-46.8
-45.59
-41.51
-43.42
-44.03
-42.9
-45.24
-47.67
-45.42
-44.46
-44.81
-48.8
-49.92
-47.76
-48.1
-44.9
-48.28
-44.46
-45.76
-9.1
-4.07
-51.05
-49.92
-48.28
-46.8
-50.1
-44.64
-49.4
-48.1
-47.67
-53.56
-50.62
-52.7
-50.88
-48.54
-50.7
-55.56
-57.29
-54.26
-53.82
-55.56
-54.69
-44.64
-40.3
83.99
81.34
78.89
76.39
73.93
71.31
68.88
66.23
63.82
61.22
58.74
56.4
53.83
51.27
48.74
46.14
43.65
41.12
38.52
36.02
33.53
31.26
28.8
26.25
23.61
21.13
18.66
16.02
13.58
11.02
7.89
4.44
0.92
-2.52
-6.02
-9.57
-12.33
-14.9
-17.1
-19.78
-22.32
-24.81
-27.4
-29.91
-32.44
-34.91
-37.5
-39.96
-42.35
-44.92
-47.41
-50
-52.59
-55.13
-57.65
-60.19
-62.7
-65.25
-67.83
-70.19
-72.73
-75.31
-77.81
-80.31
-82.89
-85.35
-87.73
-90.21
-92.83
-95.33
-97.92
-100.47
-103.02
-105.42
-107.9
-110.23
-110.74
-110.74
-110.73
-110.74
-110.7
-110.74
-110.7
-108.67
-105.93
-103.34
-100.87
-98.36
-95.83
-93.34
-90.75
-88.14
-85.94
-83.42
-80.81
-78.32
-75.76
-73.23
-70.6
-68.1
-65.59
-63.07
-60.72
-58.19
-55.68
-53.04
-50.51
-47.96
-45.5
-43
-40.44
-37.87
-35.21
-32.85
-30.26
-27.75
-25.46
-22.84
-20.31
-17.78
-15.21
-12.73
-10.09
-6.65
-3.05
0.31
3.62
7.1
10.43
12.91
15.59
18.02
20.7
23.18
25.78
28.24
30.78
33.19
35.7
38.25
40.75
43.29
45.89
48.08
50.67
53.32
55.88
58.38
60.9
63.45
66.06
68.56
71.13
73.36
75.92
78.41
81.04
83.57
