148
64
88
42.1
48.34
50.9
45.6
47.11
42.38
48.06
45.79
46.73
51.46
43.33
44.56
44.18
45.69
52.69
37.46
52.03
45.22
51.18
52.13
44.46
50.23
48.25
46.07
54.3
43.14
52.6
45.41
44.75
49.29
37.27
42.76
42.38
43.9
52.79
45.32
44.94
43.71
43.61
79.28
41.82
47.49
43.23
95.74
54.59
40.59
47.87
42.86
50.9
52.32
42.57
47.3
44.65
53.26
55.91
42.19
60.55
57.71
50.52
55.72
46.07
52.41
56.57
51.94
171.8
249
592.98
758.35
0
-0.78
2.51
2.69
5.98
5.98
0
1.47
0.26
1.39
0.87
-0.09
-0.61
1.91
-27.47
-25.05
-30.07
-30.94
-41.86
-41.51
-47.41
14.21
-40.65
-40.47
-39.17
-41.95
-43.85
-40.82
-46.8
-46.63
-46.98
-43.68
-47.84
-42.12
-39.09
-44.81
-44.98
-39.95
-43.85
-41.43
-45.68
-46.63
-40.47
-39.35
-42.29
-42.29
-50.01
-50.79
-45.24
-46.37
-46.2
-44.72
-41.34
-46.46
16.38
-50.1
-48.97
-47.84
-47.58
-43.85
-51.74
-42.47
-45.42
-43.77
-43.94
-50.36
-48.36
-48.36
-44.29
-43.07
-49.23
23.92
-53.91
-46.72
-49.92
-56.42
-52
-47.32
-38.83
-37.7
61.08
58.84
56.27
53.72
51.04
48.56
46.06
43.49
40.93
38.44
35.85
33.39
31.16
28.53
25.99
23.54
20.98
18.51
15.94
13.46
10.83
7.7
4.18
0.61
-2.82
-6.38
-9.78
-12.43
-14.95
-17.22
-19.9
-22.42
-24.93
-27.48
-29.99
-32.59
-35.04
-37.66
-39.88
-42.47
-45.12
-47.65
-50.15
-52.66
-55.22
-57.8
-60.18
-62.81
-65.32
-67.86
-70.43
-72.96
-75.46
-78.02
-80.21
-82.85
-85.4
-88
-90.48
-93.04
-95.56
-98.1
-100.58
-103.12
-105.34
-108.03
-110.06
-110.51
-110.5
-110.49
-110.51
-109.91
-108.17
-105.86
-103.2
-100.82
-98.3
-95.78
-93.19
-90.65
-88.4
-85.81
-83.35
-80.76
-78.19
-75.67
-73.1
-70.56
-68.26
-65.73
-63.04
-60.6
-58.02
-55.51
-53.01
-50.39
-47.97
-45.39
-42.89
-40.31
-37.92
-35.21
-32.75
-30.21
-27.71
-25.41
-22.92
-20.29
-17.79
-15.17
-12.73
-10.06
-6.6
-3
0.35
3.64
7.09
10.56
13.12
15.62
18.14
20.69
23.17
25.69
28.25
30.89
33.29
35.82
38.31
40.91
43.32
45.9
48.1
50.71
53.32
55.89
58.4
60.99
63.48
66.07
68.55
71.1
73.63
75.99
78.42
81.1
83.63
86.18
