148
64
89
44.56
48.25
52.13
44.94
46.17
43.14
46.64
45.79
46.26
51.46
43.14
44.09
47.59
44.27
51.56
36.71
47.02
44.56
45.79
52.88
42.86
48.72
45.5
44.46
53.64
43.05
48.82
42.29
43.71
49.95
36.42
41.15
38.98
40.4
47.68
43.33
43.61
41.15
55.44
49.19
40.4
44.37
43.71
45.22
50.99
38.22
44.94
41.25
47.11
49.1
40.4
45.22
43.8
51.56
52.22
38.98
57.61
52.98
48.63
53.83
44.27
48.15
41.72
49.67
140.68
253.54
604.9
753.05
-0.09
5.11
1.47
3.03
-2.25
0.43
0.35
0.09
0.61
1.65
0.95
1.73
0.52
-0.17
-20.89
105.48
-29.64
-39.52
-41.08
-41.25
-49.84
-40.91
-32.15
-43.07
-41.34
-45.42
-41.95
-42.12
-49.4
-39.95
34.93
19.93
-47.15
-44.29
-42.47
-23.31
-45.68
-40.65
-46.8
-44.38
-44.46
-43.77
-41.86
-44.2
-41.34
-49.66
-51.83
-50.44
-47.5
-47.67
-46.63
-44.72
-45.07
-46.37
-50.96
-48.54
-48.19
-49.66
-48.8
-49.4
-53.22
-43.16
-48.45
-49.75
-46.63
-54
-47.93
-47.76
-50.79
-43.77
-49.92
-48.54
-57.55
-51.22
-51.31
-53.65
-50.96
-46.8
-42.12
-44.11
61.51
58.96
56.44
53.86
51.32
48.77
46.2
43.69
41.14
38.63
36.09
33.83
31.35
28.77
26.29
23.61
21.17
18.62
16.04
13.6
10.99
7.87
4.74
1.07
-2.28
-5.89
-9.49
-12.18
-14.7
-17.2
-19.8
-22.32
-24.89
-27.16
-29.73
-32.33
-34.67
-37.38
-39.85
-42.46
-44.96
-47.5
-50.02
-52.46
-55.11
-57.65
-60.09
-62.7
-65.17
-67.79
-70.29
-72.51
-75.03
-77.67
-80.21
-82.81
-85.26
-87.86
-90.31
-92.83
-95.42
-97.88
-100.21
-102.79
-105.32
-107.81
-109.93
-110.35
-110.37
-110.34
-110.33
-109.76
-108.05
-105.76
-103.19
-100.77
-98.13
-95.62
-93.16
-90.61
-88.37
-85.76
-83.26
-80.72
-78.1
-75.64
-73.05
-70.59
-68
-65.53
-62.92
-60.63
-58.09
-55.47
-52.9
-50.4
-47.93
-45.38
-42.82
-40.34
-37.82
-35.26
-32.75
-30.23
-27.77
-25.2
-22.68
-20.12
-17.58
-15.31
-12.68
-10.09
-6.52
-3.03
0.36
4
7.4
10.71
13.23
15.79
18.05
20.67
23.23
25.69
28.23
30.81
33.22
35.75
38.26
40.82
43.32
45.92
48.32
50.96
53.49
55.83
58.34
60.96
63.41
66.02
68.57
71.12
73.64
76.19
78.71
81.24
83.81
86.1
