148
64
89
41.82
50.52
53.36
47.3
49.01
41.44
51.28
47.3
48.91
48.82
40.87
49.67
45.32
48.72
51.28
38.6
49.86
43.33
48.25
52.51
44.37
46.45
45.22
48.15
54.3
46.36
48.34
43.61
62.63
54.49
42
46.07
47.02
46.45
51.46
41.63
47.11
43.52
44.75
50.71
41.06
48.63
37.84
46.73
51.84
36.61
51.28
41.06
65.28
55.25
40.11
47.21
44.09
51.56
53.55
46.45
57.99
52.51
54.4
58.84
43.05
52.41
41.63
51.09
141.72
253.82
640.38
763.17
0.78
1.91
2.77
0.43
10.14
2.86
-1.47
2.69
-0.17
0.95
1.3
0.87
2.34
2.43
-29.38
-25.48
-26.95
-39.95
-43.51
-39.69
-25.13
-42.99
-36.66
-42.64
-39.35
-44.11
-39.87
-41.34
-45.16
-41.34
-48.71
-44.29
-45.07
-43.77
-40.91
-43.07
-42.81
-40.47
-47.32
-44.38
-43.85
-45.42
-41.86
-46.98
-40.3
-46.89
-49.66
-49.06
-43.85
-45.85
-44.38
-46.72
-46.37
-45.42
-47.5
-50.01
-49.32
-49.66
-48.54
-47.24
-53.74
-44.46
-45.85
-48.02
-44.11
-51.4
-47.58
-51.57
-48.19
-45.76
-50.96
-49.75
-53.48
-50.96
-50.36
-57.81
-50.88
-46.63
-40.65
-40.13
61.17
58.67
56.14
53.6
51.04
48.71
46.19
43.63
41.05
38.54
35.94
33.45
30.98
28.48
25.95
23.4
21.06
18.49
15.88
13.41
10.88
7.66
4.24
0.73
-2.79
-6.29
-9.76
-12.43
-14.91
-17.46
-20.03
-22.54
-24.86
-27.54
-29.94
-32.49
-35.02
-37.66
-40.11
-42.7
-44.95
-47.49
-50.07
-52.61
-55.14
-57.69
-60.21
-62.74
-65.27
-67.82
-70.29
-72.87
-75.37
-77.98
-80.43
-83.03
-85.57
-87.84
-90.34
-92.9
-95.47
-97.97
-100.54
-103.05
-105.56
-108.09
-110.19
-110.54
-110.48
-110.5
-110.5
-110.07
-108.28
-105.97
-103.47
-100.96
-98.38
-95.88
-93.4
-90.82
-88.37
-85.84
-83.27
-80.73
-78.45
-75.94
-73.33
-70.83
-68.27
-65.77
-63.18
-60.63
-58.1
-55.59
-53.03
-50.74
-48.06
-45.52
-43.07
-40.58
-37.97
-35.35
-32.86
-30.3
-27.87
-25.35
-22.85
-20.37
-17.72
-15.21
-12.73
-10.41
-7.02
-3.41
0.11
3.69
7.16
10.47
12.99
15.58
18.05
20.63
22.9
25.44
28.05
30.62
33.03
35.62
38.13
40.68
43.06
45.78
48.18
50.74
53.35
55.91
58.35
60.91
63.41
65.91
68.42
71.03
73.27
75.84
78.38
81
83.54
86.07
