127
53
74
45.88
49.01
54.11
38.5
46.73
76.16
39.26
48.53
39.17
47.3
40.87
43.8
45.98
40.4
45.03
36.71
40.68
45.69
41.06
177.01
41.72
40.68
48.63
37.84
41.53
39.45
38.31
44.09
33.68
39.07
38.98
39.73
40.11
31.31
37.37
33.87
41.15
43.8
39.54
39.64
37.75
42.67
47.4
40.21
42.86
36.71
40.77
48.34
38.69
44.65
36.99
45.41
44.18
38.5
43.42
41.25
220.71
53.36
46.73
0.09
-2.69
114.23
-1.65
-1.04
3.12
-1.39
-4.51
-1.56
-1.82
-2.95
-55.3
-50.79
-50.44
-49.84
-49.92
-52.35
-48.71
-48.02
-53.3
-52
-52.26
-50.62
-48.45
-50.27
-47.15
-51.83
-50.79
-44.55
-52.61
-37.79
-48.88
-48.8
-44.64
-47.32
-45.5
-47.24
-53.3
-50.88
-50.18
-48.62
-47.67
-48.54
-46.72
-48.36
-49.4
-51.4
-51.92
-52.87
-52.7
-50.44
-54.78
-50.01
-44.9
-48.62
-50.18
-55.73
-53.39
-58.59
-53.65
-52.78
-54.43
-52.52
-56.16
-56.42
-54.6
-58.24
-60.24
62
59.62
56.97
54.54
51.92
49.36
46.79
44.43
41.77
39.29
36.64
34.27
31.75
29.26
26.83
24.2
21.67
19.17
16.59
14.39
11.8
8.98
5.28
1.87
-1.59
-4.97
-8.65
-11.6
-14.17
-16.61
-19.23
-21.44
-24.05
-26.69
-29.13
-31.62
-34.12
-36.79
-39.23
-41.83
-44.23
-46.8
-49.39
-51.93
-54.37
-56.98
-59.55
-61.76
-64.36
-66.88
-69.46
-72.02
-74.56
-77.02
-79.61
-82.15
-84.65
-87.03
-87.8
-87.78
-87.79
-87.53
-86.48
-84.77
-82.72
-80.2
-77.74
-75.1
-72.63
-70.11
-67.62
-65.13
-62.52
-60.03
-57.46
-54.97
-52.47
-49.88
-47.33
-44.87
-42.36
-39.7
-37.53
-34.82
-32.33
-29.81
-27.33
-24.76
-22.23
-19.71
-17.18
-14.64
-12.11
-9.21
-6.12
-2.58
0.8
4.4
7.77
10.98
13.44
16.05
18.68
21.27
23.7
26.28
28.76
31.27
33.64
36.24
38.69
41.23
43.84
46.38
48.81
51.38
53.93
56.47
58.96
61.52
64.06
66.37
68.95
71.52
74.06
76.57
79.12
