137
55
84
152.79
132.54
150.04
151.93
144.93
157.71
153.92
130.27
142.1
130.65
142.66
148.15
145.03
135.57
154.21
135.66
126.96
134.15
134.72
133.01
138.03
120.05
129.8
133.3
132.64
143.7
122.8
134.34
138.31
130.65
145.03
121.66
129.42
137.08
131.41
152.03
135.57
116.84
147.96
139.73
149
140.39
135.47
136.8
142.1
138.31
128
139.64
142.47
153.73
148.43
146.92
135.47
141.06
148.43
148.91
143.23
163
154.68
181.64
143.52
138.6
152.6
153.07
687.59
688.06
685.22
1.13
1.21
1.91
0.43
1.99
-1.47
1.3
0.95
0.17
-0.09
1.99
0.26
-0.17
-130.78
-118.56
-133.13
-153.06
-142.75
-136.42
-147.34
-136.94
-136.68
-141.19
-140.15
-141.19
-143.7
-134.25
-142.49
-133.39
-146.65
-129.57
-148.64
-143.79
-145.52
-142.66
-139.89
-140.23
-132.43
-131.39
-136.94
-132.43
-130.7
-123.42
-139.54
-127.75
-130.61
-139.45
-130.96
-133.39
-129.57
-125.93
-143.09
-128.36
-128.88
-137.03
-133.99
-151.24
-137.29
-141.53
-137.29
-130.61
-148.99
-129.83
-141.27
-141.45
-136.59
-143.35
-137.03
-144.57
-148.81
65.45
63.43
60.92
58.56
56.01
53.32
50.93
47.8
45.76
43.21
40.72
38.27
35.75
33.32
30.24
28.18
25.64
23.14
20.26
18.04
15.72
13.05
10.45
7.3
3.75
-0.1
-3.3
-6.78
-10.17
-12.68
-15.32
-17.62
-20.66
-22.79
-25.15
-27.78
-30.71
-33.02
-35.24
-37.9
-40.42
-42.99
-45.53
-48.34
-50.45
-53.04
-55.47
-58.01
-60.63
-63.07
-65.75
-68.19
-70.66
-73.24
-76.02
-78.1
-80.66
-83.27
-85.82
-88.23
-90.86
-94.04
-95.78
-98.31
-99.55
-99.56
-99.57
-99.56
-99.56
-99.59
-99.57
-99.57
-98.75
-95.83
-93.47
-90.71
-88.25
-85.66
-83.2
-80.08
-78.19
-75.67
-73.16
-70.53
-68.16
-65.53
-62.78
-60.5
-58.03
-55.63
-52.57
-50.43
-47.87
-45.43
-42.96
-40.29
-37.93
-35.16
-32.79
-30.1
-27.74
-25.2
-22.7
-20.23
-17.52
-15.04
-12.62
-10.03
-6.47
-3.28
0.35
3.99
7.51
10.59
13.17
15.78
18.08
20.82
23.04
25.74
28.27
30.65
33.7
35.86
38.09
40.78
43.63
45.86
48.3
50.91
53.39
55.97
58.51
61.48
63.45
66.09
68.48
