136
54
83
147.39
161.49
161.02
156
150.23
149
151.37
160.17
138.12
149.29
147.96
162.63
149.1
152.31
147.96
136.99
152.22
147.49
137.55
145.31
126.77
144.37
145.12
135.66
134.15
137.08
134.43
155.81
138.78
151.18
142.1
136.23
151.37
131.78
147.3
143.42
143.23
151.08
139.92
140.49
137.37
145.03
154.58
145.41
152.88
130.93
142.38
138.6
153.26
137.84
150.33
148.34
147.87
147.02
142.19
134.62
167.45
155.53
179.18
149.76
142.38
154.39
158.27
773.58
766.39
766.11
0.52
0
-1.73
0.52
-1.04
-2.34
-0.09
-1.47
1.39
-0.52
0.87
2.69
-1.04
-127.14
-58.16
-140.58
-161.38
-141.79
-96.81
-150.37
-132.43
-135.99
-145.61
-143.35
-141.45
-148.47
-137.63
-146.3
-134.69
-140.49
-134.25
-155.4
-152.63
-149.25
-147.77
-145.87
-149.94
-135.81
-137.89
-137.98
-135.55
-139.28
-131.91
-142.66
-133.47
-134.69
-146.82
-138.15
-137.2
-133.13
-137.2
-153.58
-135.12
-138.85
-139.28
-140.75
-158.87
-143.87
-135.12
-143.18
-143.01
-160.69
-139.19
-150.98
-143.7
-140.41
-146.99
-143.01
-149.51
-153.15
64.74
62.23
59.65
57.08
54.6
52.13
49.56
47.09
44.76
42.27
39.65
37.22
34.69
32.06
29.68
27.05
24.63
22.01
19.46
16.94
14.4
11.91
9.22
5.83
2.54
-1.09
-4.6
-8.1
-11.24
-13.78
-16.34
-18.91
-21.33
-23.98
-26.45
-28.9
-31.37
-33.98
-36.51
-39.11
-41.56
-44.07
-46.6
-49.21
-51.75
-54.17
-56.72
-59.28
-61.75
-64.27
-66.77
-69.31
-71.85
-74.32
-76.86
-79.48
-81.96
-84.48
-86.96
-89.52
-92.04
-94.58
-96.99
-98.87
-98.89
-98.88
-98.88
-98.89
-98.88
-98.9
-98.89
-98.21
-95.14
-92.52
-89.84
-87.41
-84.79
-82.35
-79.75
-77.41
-74.7
-72.21
-69.65
-67.12
-64.55
-62.11
-59.53
-57.28
-54.69
-52.24
-49.66
-47.17
-44.58
-42.02
-39.39
-36.95
-34.35
-31.91
-29.27
-26.8
-24.27
-21.86
-19.3
-16.8
-14.23
-11.72
-8.88
-5.42
-1.79
1.68
5.24
8.65
11.38
13.86
16.43
19
21.61
24.08
26.63
29.16
31.67
34.21
36.68
39.19
41.74
44.24
46.83
49.13
51.75
54.27
56.91
59.33
61.9
64.38
66.99
69.53
