140
58
83
142.76
155.06
164.99
155.81
150.7
149.95
142.38
161.21
142
146.26
141.91
154.39
139.54
151.46
147.58
131.78
145.79
139.35
141.06
140.39
127.81
138.31
142.29
142.76
142.66
128.66
137.65
148.43
144.46
152.88
131.41
135.76
143.04
134.81
149.85
136.42
134.91
147.02
139.83
147.39
139.35
148.72
149.95
149.66
145.12
130.27
142.19
137.65
154.58
137.74
150.14
131.41
147.68
144.93
144.08
142.66
164.14
159.03
187.13
157.23
140.11
155.15
155.06
711.33
696.86
697.24
1.82
-0.26
0.95
0
1.65
0.52
2.43
1.82
2.25
1.3
1.47
2.43
1.21
-133.82
-116.74
-139.19
-163.72
-142.05
-137.2
-149.07
-137.2
-134.6
-139.37
-139.28
-137.72
-144.91
-134.17
-141.1
-137.46
-144.48
-132
-152.63
-145.43
-147.34
-144.48
-145.52
-141.36
-139.02
-133.91
-140.93
-136.94
-138.24
-127.66
-144.05
-128.79
-136.42
-146.73
-134.43
-134.08
-131.39
-131.39
-151.93
-127.92
-135.03
-138.76
-138.15
-153.32
-138.5
-142.66
-139.71
-136.25
-153.58
-134.25
-145.95
-143.27
-138.93
-141.71
-138.93
-148.12
-148.21
-153.15
-154.79
-146.73
-139.89
63.93
61.22
58.94
56.57
53.86
50.71
48.81
46.49
43.81
41.2
38.48
36.2
33.16
31.46
28.76
26.11
23.71
21.07
18.78
16.07
13.66
11.07
7.89
4.09
1.38
-2.57
-6.04
-9.64
-12.62
-14.62
-17.65
-19.67
-22.26
-24.62
-27.12
-29.83
-32.36
-35.35
-37.42
-39.73
-42.42
-44.97
-47.49
-49.77
-52.67
-54.97
-57.8
-60.14
-62.64
-65
-67.56
-70.53
-72.71
-75.12
-77.71
-80.42
-82.67
-85.33
-88.42
-90.3
-92.83
-95.34
-97.94
-99.4
-99.43
-99.43
-99.43
-99.43
-99.43
-99.4
-99.42
-98.93
-95.57
-92.69
-90.45
-88.15
-85.39
-82.98
-80.5
-77.88
-75.3
-73
-70.08
-67.92
-65.26
-62.91
-59.62
-57.78
-55.18
-52.91
-50.34
-47.56
-45.16
-42.33
-40.01
-37.67
-35.02
-32.57
-29.84
-27.6
-24.59
-22.66
-19.98
-17.64
-14.6
-12.48
-9.78
-6.63
-3
1.11
4.28
7.42
10.99
13.28
15.92
18.63
20.81
23.36
26.23
28.44
31.09
33.53
36.43
38.49
41.1
43.32
46.19
48.71
51.15
53.59
56.24
58.63
61.32
64.02
66.31
68.7
71.51
73.77
76.34
78.71
