136
54
82
153.73
139.26
152.98
148.62
154.3
164.71
148.15
144.65
131.22
141.91
149.57
145.5
151.18
163.76
148.72
141.62
135.85
136.7
127.05
136.8
138.41
135
138.6
129.8
135.85
138.88
125.07
146.83
131.5
130.08
145.41
125.63
145.31
127.53
133.11
144.65
139.83
141.34
133.77
136.42
152.22
145.5
148.43
136.42
148.91
138.78
144.08
140.49
150.7
138.41
149.19
143.8
147.87
142.1
146.83
139.83
161.02
158.27
164.9
160.83
149.48
140.87
156.38
553.81
616.25
614.36
0.52
-1.73
0.52
0.52
-2.69
1.65
1.3
-0.52
2.69
-0.17
2.25
-0.26
-128.27
-135.9
-116.83
-137.89
-170.74
-136.51
-145.78
-143.01
-139.71
-144.74
-135.29
-137.55
-140.15
-139.11
-145.78
-141.36
-131.91
-137.63
-137.03
-146.3
-152.28
-147.95
-143.96
-149.07
-143.01
-134.95
-133.21
-134.77
-141.97
-132.52
-133.13
-137.72
-132.86
-140.93
-148.21
-136.07
-134.43
-130
-141.97
-143.53
-133.82
-142.75
-133.65
-140.32
-149.07
-141.53
-144.31
-136.51
-136.51
-154.36
-134.51
-154.19
-144.91
-135.12
-135.29
-94.64
-150.55
-152.54
64.97
62.63
59.92
57.03
54.94
52.34
50.03
47.31
44.71
42.34
39.34
37.29
34.88
32.28
29.62
27.37
24.74
22.26
19.68
17.11
14.8
11.72
9.45
6.15
2.54
-1.07
-4.3
-8.09
-11.36
-13.56
-16.22
-18.53
-21.12
-23.8
-26.16
-28.72
-31.32
-33.94
-36.31
-39.04
-41.17
-43.88
-46.19
-48.78
-51.52
-53.83
-57.01
-58.92
-61.52
-63.99
-66.56
-69.2
-71.53
-74.6
-76.66
-79.06
-81.68
-84.45
-86.67
-89.21
-91.6
-94.29
-96.78
-99.12
-99.42
-99.44
-99.44
-99.42
-99.43
-99.43
-99.39
-97.12
-94.71
-92.24
-89.65
-87.06
-84.72
-82.4
-79.42
-77.2
-74.49
-72.22
-69.2
-67.04
-64.73
-62.06
-59.45
-57.04
-54.43
-51.73
-49.49
-46.93
-44.58
-41.96
-39.33
-36.88
-33.86
-31.74
-29.29
-26.73
-23.88
-21.7
-19.17
-16.61
-14.12
-11.62
-8.76
-4.66
-1.74
1.91
5.21
8.74
11.47
14.07
17.1
19.21
21.74
24.32
27.21
29.23
31.85
34.2
36.79
39.31
41.72
44.71
46.78
49.15
51.86
54.44
56.88
59.48
62.32
64.45
67
69.53
