140
58
83
123.74
126.3
126.86
120.62
118.35
122.8
114.47
123.46
101.7
113.43
120.53
124.4
124.4
118.73
115.42
112.48
117.59
122.32
106.81
111.44
108.23
116.46
123.74
107.94
99.52
107.09
100.28
127.05
107.66
111.16
112.11
107.85
125.35
98.1
105.29
107.75
112.48
118.73
111.35
109.08
109.65
116.27
122.23
112.01
121
101.61
113.43
110.88
124.03
109.36
117.78
116.27
118.54
116.46
121.28
113.24
141.34
131.31
143.99
122.32
112.3
121.47
128.76
513.32
533.57
534.52
1.91
0.87
0.43
0.78
1.21
-0.09
0.35
2.34
0.78
0.61
2.25
16.64
1.3
-130.52
-111.63
-137.03
-169.27
-141.36
-143.61
-141.79
-133.73
-139.28
-140.49
-132.17
-130.52
-131.3
-134.6
-138.5
-129.66
-133.82
-129.83
-144.57
-141.36
-142.4
-138.24
-136.25
-138.85
-126.1
-130.35
-127.49
-127.75
-136.68
-124.72
-135.99
-124.98
-130.44
-138.85
-131.04
-128.96
-126.19
-136.25
-144.48
-128.01
-134.95
-133.04
-136.51
-148.55
-134.77
-134.86
-134.51
-135.29
-146.91
-126.88
-140.49
-131.22
-133.65
-137.55
-131.22
-139.11
-139.71
-148.81
-150.98
-143.35
-136.94
59.74
57.28
54.65
52.18
49.63
47.03
44.58
42.34
39.75
37.29
34.77
32.23
29.79
27.1
24.56
22.09
19.55
17.04
14.52
11.92
9.25
5.68
2.22
-1.01
-4.47
-8.16
-11.12
-13.81
-16.27
-18.74
-21.3
-23.9
-26.35
-29.01
-31.43
-33.87
-36.42
-38.97
-41.5
-44.1
-46.57
-49.11
-51.49
-54.12
-56.63
-59.23
-61.6
-64.24
-66.74
-69.38
-71.92
-74.42
-76.86
-79.47
-81.91
-84.52
-86.96
-89.48
-91.73
-94.31
-96.82
-99.46
-101.99
-103.76
-103.83
-103.82
-103.83
-103.85
-103.83
-103.86
-103.83
-102.87
-99.68
-97.39
-94.78
-92.14
-89.62
-87.14
-84.62
-82.22
-79.56
-77.1
-74.53
-72.09
-69.42
-66.98
-64.46
-62
-59.31
-56.91
-54.28
-51.78
-49.25
-46.75
-44.16
-41.73
-39.16
-36.75
-34.13
-31.63
-29.32
-26.86
-24.12
-21.6
-19.14
-16.63
-14.06
-11.55
-8.55
-5.04
-1.55
1.65
5.19
8.66
11.85
14.25
16.79
19.27
21.78
24.35
26.86
29.37
31.77
34.35
36.82
39.35
41.9
44.38
47
49.41
52.11
54.62
57.02
59.69
62.28
64.63
67.12
69.64
72.17
74.72
