140
58
82
149.95
149.85
148.72
152.5
147.68
163.57
149.66
148.25
138.78
142.57
147.87
147.96
149.85
147.87
149.48
140.68
141.91
142.1
131.12
138.88
129.32
136.99
141.34
131.22
131.12
140.3
127.81
146.45
131.12
138.03
143.23
128.95
148.53
127.91
133.49
139.45
142
146.64
137.65
135.95
151.84
150.42
154.3
139.54
148.25
136.61
143.42
141.15
157.23
132.45
145.12
145.31
149.66
145.31
143.99
132.73
165.75
155.72
165.46
150.14
135.85
144.93
154.49
499.42
682.95
682.29
1.3
2.08
-2.25
1.13
117.78
5.72
1.91
0.95
-0.17
1.91
3.64
1.47
-125.93
-131.65
-112.32
-134.77
-167.62
-135.73
-147.17
-136.85
-139.11
-146.91
-140.75
-136.16
-139.11
-138.67
-157.48
-144.57
-134.34
-138.5
-142.4
-154.36
-155.31
-144.83
-141.1
-147.51
-145.95
-136.77
-135.73
-135.03
-140.23
-139.54
-132
-139.54
-130
-143.01
-146.47
-133.65
-135.9
-124.54
-115.96
-141.97
-133.65
-136.51
-132.43
-137.72
-148.03
-137.46
-144.65
-135.9
-140.75
-156.01
-138.93
-148.47
-144.13
-139.37
-135.64
-144.57
-152.37
-149.51
-153.93
-148.47
-144.22
-142.75
64.59
62.09
59.75
57.01
54.49
51.95
48.83
47.11
44.46
41.97
39.3
36.85
34.45
31.33
29.41
26.93
24.41
21.62
19.25
16.84
13.78
11.82
8.93
5.54
1.58
-1.48
-4.8
-8.48
-11.51
-14.49
-16.35
-19.07
-21.47
-24.21
-26.52
-29.38
-31.6
-34.2
-36.77
-39.1
-41.64
-44.34
-47
-49.23
-51.84
-54.3
-56.8
-59.69
-61.89
-64.46
-66.89
-69.49
-71.78
-74.79
-77
-79.72
-82.02
-84.56
-87.04
-89.63
-92.89
-94.55
-97.15
-99.32
-99.63
-99.61
-99.63
-99.63
-99.61
-99.6
-99.62
-97.46
-94.92
-92.49
-89.59
-87.33
-84.99
-82.41
-79.72
-77.32
-74.8
-72.34
-69.54
-66.8
-64.7
-62.27
-59.71
-57.17
-54.65
-51.95
-49.64
-47.02
-44.38
-41.96
-39.53
-36.94
-34.01
-32.08
-29.4
-26.88
-24.39
-21.77
-19.35
-17.01
-14.43
-11.82
-9.02
-5.13
-1.99
1.55
4.77
8.61
11.31
13.92
16.65
19.02
21.52
23.98
26.69
28.9
31.64
34.23
36.58
38.88
41.54
44.53
46.62
48.98
51.79
54.16
56.74
59.09
62.1
64.29
66.87
69.27
71.85
74.6
76.95
79.37
