136
54
82
145.5
146.83
147.39
149.38
145.12
158.08
148.25
152.22
138.03
143.42
149.85
154.96
153.07
140.58
151.65
144.18
144.18
145.31
128.76
138.12
131.59
142
159.69
133.3
133.39
141.72
130.74
155.15
136.61
145.97
147.39
133.58
149
136.04
135.47
140.77
142.76
150.7
140.3
136.42
149.76
145.12
153.26
135.38
153.45
129.61
143.14
135
156
129.7
142.38
144.65
149.48
144.27
145.88
132.07
164.33
152.88
171.14
147.49
140.87
145.41
151.46
516.73
697.24
698.37
0.17
-1.3
-1.99
-0.35
1.65
2.43
0.09
0.87
2.43
0.69
2.43
-0.35
-125.24
-129.92
-113.36
-137.72
-170.48
-137.46
-148.38
-141.27
-139.8
-141.97
-137.11
-136.07
-140.32
-141.27
-154.53
-139.97
-132.69
-137.98
-138.33
-155.23
-151.07
-148.73
-140.15
-148.64
-146.3
-136.59
-138.41
-141.1
-142.75
-137.98
-137.37
-139.45
-138.59
-140.93
-150.2
-133.91
-140.23
-127.84
-141.88
-146.65
-130.26
-146.3
-133.82
-139.11
-151.93
-140.41
-147.08
-139.37
-142.75
-153.67
-136.77
-156.01
-147.34
-139.97
-140.49
-141.19
-150.55
-152.54
64.78
62.39
59.57
57.36
54.76
52.39
49.4
47.2
44.58
42.32
39.37
36.86
34.67
32.32
29.79
27.17
24.61
21.63
19.72
17.01
14.21
11.79
9.16
5.81
2.33
-1.2
-4.47
-8.14
-11.59
-14.19
-16.16
-18.81
-21.37
-23.98
-26.21
-29.22
-31.4
-34.03
-36.62
-38.85
-41.47
-44.12
-46.8
-48.93
-51.66
-54.21
-56.74
-59.01
-61.67
-64.3
-66.74
-69.12
-71.77
-74.72
-76.89
-79.34
-82.02
-84.41
-86.93
-89.42
-92.35
-94.38
-96.93
-98.93
-99.33
-99.32
-99.32
-99.3
-99.34
-99.33
-99.29
-97.36
-94.8
-92.21
-89.2
-87.17
-84.79
-82.24
-79.39
-77.19
-74.76
-72.16
-69.57
-66.63
-64.69
-62.03
-59.51
-57.01
-54.56
-51.69
-49.32
-47.08
-44.14
-41.73
-39.32
-36.77
-34
-31.72
-29.28
-26.74
-24.13
-21.9
-19.14
-16.66
-14.11
-11.79
-8.78
-4.62
-1.65
1.87
5.69
8.77
11.65
14.11
16.7
19.19
21.73
24.09
26.59
29.51
31.81
34.28
36.65
39.19
41.85
44.54
46.77
49.29
52.23
54.42
56.79
59.47
62.3
64.53
66.86
69.54
