139
58
82
151.27
131.88
141.91
147.11
151.27
157.42
139.45
125.73
132.35
133.01
142.1
130.27
143.33
130.65
146.07
135.28
128.09
129.61
131.59
136.51
136.42
122.8
128.66
123.93
135.57
140.58
119.11
134.05
127.62
129.51
139.26
120.43
127.91
112.86
127.05
140.11
127.24
117.69
129.7
131.03
142.29
135.85
141.34
135.38
141.91
131.59
132.07
135.47
147.3
146.35
145.12
141.53
135.95
145.12
147.11
141.06
150.04
161.49
161.11
184.38
141.06
139.92
150.89
270.1
629.21
629.03
-1.04
4.33
-1.3
-0.35
1.21
0.78
1.21
0.69
0.35
1.73
0.87
1.3
-134.51
-129.14
-130.09
-152.11
-161.29
-136.42
-150.2
-132.17
-137.37
-136.77
-131.91
-134.69
-141.19
-130.87
-138.85
-132.69
-136.68
-129.74
-144.05
-137.81
-142.92
-145.87
-137.63
-131.56
-130.35
-131.13
-134.08
-127.49
-130.52
-120.21
-130.96
-131.65
-127.06
-133.3
-132
-135.47
-128.7
-121.94
-137.2
-129.14
-128.62
-143.7
-128.01
-144.74
-137.2
-137.81
-141.71
-125.84
-139.8
-131.13
-131.91
-144.83
-130.18
-130.18
-130.87
-139.63
-147.08
-145.09
-145.52
-141.62
-133.39
65.5
62.91
60.38
57.86
55.28
52.78
50.18
47.68
45.19
42.65
40.3
37.83
35.38
32.89
30.34
27.81
25.13
22.66
20.11
17.59
15.13
12.47
10.04
6.56
3
-0.37
-3.94
-7.46
-10.77
-13.14
-15.68
-18.27
-20.82
-23.4
-25.84
-28.28
-30.81
-33.42
-35.81
-38.43
-40.92
-43.58
-46.06
-48.57
-51.09
-53.59
-56.13
-58.62
-61.06
-63.62
-66.22
-68.85
-71.27
-73.75
-76.27
-78.98
-81.13
-83.68
-86.25
-88.79
-91.33
-93.91
-96.35
-98.92
-99.63
-99.61
-99.63
-99.62
-99.62
-99.6
-99.42
-96.67
-94.06
-91.5
-88.99
-86.48
-83.84
-81.37
-79.09
-76.3
-73.76
-71.23
-68.88
-66.22
-63.77
-61.13
-58.73
-56.19
-53.69
-51.08
-48.58
-46.03
-43.57
-40.97
-38.5
-35.87
-33.49
-30.72
-28.34
-25.83
-23.4
-20.79
-18.26
-15.74
-13.5
-10.89
-7.86
-4.22
-0.56
3.07
6.35
9.92
12.43
15.1
17.54
20.16
22.61
25.34
27.53
30.09
32.64
35.13
37.6
40.15
42.63
45.16
47.63
50.23
52.62
55.28
57.85
60.36
62.91
65.47
67.84
70.46
72.97
75.54
78.06
