140
58
83
146.16
162.91
163.1
158.37
166.5
155.44
151.46
168.21
137.84
148.34
150.89
152.31
153.64
151.37
146.83
136.33
147.58
152.79
141.24
148.43
136.7
142.38
151.84
134.62
139.54
130.36
135.38
160.83
139.54
158.56
142.85
136.61
161.49
138.97
153.54
144.18
133.96
156.48
144.18
146.83
141.91
145.79
156.38
145.5
154.68
133.77
146.54
143.8
154.02
142
147.3
184.95
153.16
145.97
155.06
138.41
172.46
159.12
190.06
154.39
140.77
155.15
165.56
719.94
705.09
705.84
1.73
0.78
0.52
1.82
2.43
2.51
0.26
1.82
2.51
6.5
0.95
0.95
1.91
-118.65
-116.48
-138.07
-154.45
-134.95
-136.59
-150.37
-139.28
-135.99
-137.81
-134.6
-139.28
-143.53
-140.84
-139.19
-132.69
-144.31
-131.13
-152.54
-141.88
-148.47
-141.79
-139.63
-143.96
-137.37
-137.46
-135.99
-136.42
-137.03
-129.57
-141.1
-131.65
-129.92
-146.91
-131.56
-133.47
-128.1
-129.66
-143.27
-130.61
-137.72
-134.95
-135.21
-149.42
-136.77
-138.24
-137.98
-138.24
-155.23
-132
-147.51
-139.19
-134.43
-138.24
-135.21
-144.05
-146.91
-148.9
-155.75
-145.52
-138.93
63.86
61.54
59.17
56.48
53.44
51.46
49.02
46.49
43.93
41.63
39.02
35.9
33.92
31.4
29.04
26.13
23.85
21.53
18.79
16.4
13.8
11.18
7.76
4.77
1.29
-2.38
-5.89
-9.07
-12
-15.03
-17.09
-19.46
-21.96
-24.73
-27.12
-29.53
-32.76
-34.5
-37.12
-39.73
-42.61
-44.57
-47.24
-49.8
-52.54
-54.81
-57.32
-59.92
-62.46
-64.97
-67.51
-70.29
-72.46
-74.99
-77.74
-80
-82.49
-84.99
-87.95
-90.18
-92.58
-94.95
-97.82
-99.49
-99.49
-99.51
-99.49
-99.48
-99.49
-99.49
-99.49
-98.74
-95.84
-92.92
-90.56
-88
-85.23
-82.93
-80.47
-78.12
-75.32
-73.11
-70.44
-67.55
-65.24
-63.04
-60.31
-57.75
-55.23
-52.82
-49.8
-47.9
-45.15
-42.57
-39.9
-37.84
-35.06
-32.63
-29.97
-27.37
-25.04
-22.31
-19.86
-17.51
-14.84
-12.4
-10.03
-6.5
-2.05
0.74
4.41
7.53
11.37
13.32
15.98
18.27
20.98
23.91
26.06
28.83
30.96
33.47
36.04
38.65
40.94
43.46
46.44
48.63
51.08
53.56
56.54
58.48
61.15
63.72
66.26
69.24
71.15
74.12
76.32
78.91
