140
58
83
142.85
151.08
148.53
148.81
143.04
147.87
143.33
154.3
129.32
142.57
136.8
157.42
144.37
149.57
141.15
138.5
146.16
143.42
134.53
139.73
131.5
145.41
146.83
132.82
129.61
128.85
133.87
145.31
137.08
146.73
143.23
135
148.72
130.65
141.91
143.14
139.26
146.07
136.99
140.49
139.64
143.61
147.68
143.04
146.92
126.3
142.76
138.78
153.16
131.97
145.6
142.85
144.46
143.99
142.57
135.76
166.31
154.11
172.09
149
138.31
146.35
152.79
649.18
655.14
656.74
-2.95
-2.34
-2.17
-0.87
-2.6
-1.56
0
2.69
-0.17
-1.91
-2.34
0.26
-2.25
-133.3
-115.79
-141.62
-167.01
-144.22
-142.05
-146.56
-138.24
-142.23
-142.49
-136.94
-138.24
-143.27
-139.28
-141.45
-136.68
-139.11
-136.68
-150.98
-147.25
-147.69
-142.92
-143.01
-143.18
-134.69
-133.99
-138.5
-135.73
-143.18
-126.97
-144.13
-131.39
-134.34
-143.18
-136.16
-136.42
-132.52
-135.64
-154.88
-129.66
-139.45
-136.77
-141.97
-155.57
-141.79
-142.31
-138.67
-137.98
-157.48
-134.34
-148.64
-138.07
-133.73
-141.19
-134.34
-143.18
-143.61
-150.63
-154.88
-148.12
-139.37
64.17
61.94
59.34
56.75
54.21
51.68
49.15
46.61
44.06
41.56
39.05
36.58
34.11
31.47
28.95
26.66
24.18
21.64
19.13
16.63
14.05
11.55
8.69
5.13
1.75
-2.07
-5.57
-9.06
-11.82
-14.34
-16.78
-19.41
-21.85
-24.54
-27.01
-29.53
-31.96
-34.5
-37.14
-39.59
-42.18
-44.61
-47.14
-49.72
-52.33
-54.81
-57.2
-59.91
-62.3
-64.88
-67.41
-69.9
-72.46
-74.73
-77.25
-79.93
-82.29
-84.94
-87.43
-89.94
-92.5
-94.96
-97.56
-99.33
-99.38
-99.39
-99.39
-99.4
-99.41
-99.41
-99.39
-98.71
-95.52
-92.85
-90.23
-87.77
-85.27
-82.76
-80.3
-77.86
-75.15
-72.66
-70.16
-67.66
-65.07
-62.64
-60.03
-57.52
-55.02
-52.57
-49.93
-47.42
-44.87
-42.35
-39.76
-37.36
-34.79
-32.36
-29.75
-27.29
-24.72
-22.3
-19.69
-17.17
-14.71
-12.19
-9.34
-5.86
-2.68
0.81
4.33
7.86
11.04
13.55
16.08
18.56
21.17
23.65
26.18
28.73
31.3
33.87
36.37
38.56
41.18
43.67
46.24
48.71
51.31
53.79
56.45
58.96
61.45
64.01
66.5
69.04
71.6
74.08
76.57
79.1
