140
58
82
139.64
155.72
149.48
153.07
147.87
159.31
148.53
159.79
135.57
144.56
144.84
156.29
148.81
145.03
139.83
135.19
146.45
141.72
132.35
139.45
134.05
133.49
145.88
128.28
131.12
136.89
131.31
143.61
135.38
143.52
141.72
136.23
148.62
127.43
137.46
138.31
132.35
149.95
142.66
143.8
140.96
147.2
163.85
141.24
150.7
131.41
143.8
140.87
152.5
134.62
146.35
145.03
144.74
146.73
145.88
139.54
166.69
153.64
165.94
153.26
139.45
149.19
150.33
534.33
677.18
675.29
1.39
1.13
2.43
2.69
0.52
2.69
2.17
1.04
1.47
1.65
0
-0.09
-169.96
-130.44
-113.1
-139.37
-165.19
-131.65
-143.35
-141.88
-136.94
-142.49
-146.13
-139.02
-142.14
-139.97
-155.49
-143.53
-130.87
-139.89
-136.42
-148.73
-150.55
-144.65
-142.66
-146.65
-142.14
-133.82
-134.43
-135.9
-132.95
-140.84
-130.44
-138.5
-128.88
-131.22
-146.99
-134.86
-132.95
-127.4
-140.49
-141.71
-129.22
-137.46
-135.55
-138.41
-150.55
-134.69
-138.41
-137.2
-138.93
-154.79
-133.13
-148.38
-142.57
-136.94
-145.09
-141.01
-148.38
-149.85
-158
-154.36
-143.96
-150.46
63.64
61.7
59.31
56.67
54.03
51.58
49.21
46.04
43.9
41.64
39.05
36.48
34.02
31.51
29.01
26.42
23.86
21.37
18.94
16.29
14.02
10.84
8.48
4.7
1.52
-2.06
-5.61
-9.89
-12.11
-14.6
-16.92
-19.52
-22.08
-24.59
-26.99
-29.64
-32.38
-34.68
-37.05
-39.87
-42.17
-44.53
-47.11
-49.69
-52.35
-54.96
-57.64
-59.81
-62.39
-64.88
-67.24
-69.95
-72.46
-75.17
-77.44
-80.05
-82.32
-84.96
-87.57
-90.16
-92.8
-95.07
-97.63
-99.36
-99.65
-99.67
-99.66
-99.68
-99.66
-99.68
-99.66
-98.42
-95.42
-92.75
-89.99
-87.63
-85.2
-82.72
-79.89
-77.66
-75.07
-72.53
-70.07
-67.44
-65.07
-62.21
-60.03
-57.65
-54.9
-52.49
-49.45
-47.3
-44.44
-42.47
-39.79
-37.39
-34.53
-32.29
-29.86
-27.02
-24.76
-22.25
-19.82
-16.81
-14.68
-12.05
-9.68
-6.05
-2.08
1.26
4.48
7.95
11.16
13.47
16.15
18.66
21.3
23.63
26.15
28.76
31.15
34.02
36.25
38.82
41.22
43.74
46.56
48.88
51.53
53.82
56.49
58.99
61.54
63.95
66.55
69.41
71.61
74.09
76.59
79.74
