140
58
82
151.46
157.42
144.56
152.41
143.23
156.19
146.73
173.69
136.89
166.31
147.02
152.31
152.22
142.85
146.83
139.45
142.85
146.16
133.3
140.96
132.54
140.77
145.12
129.99
133.39
137.18
128.28
148.62
133.96
145.31
140.87
135.76
153.92
136.42
138.78
144.46
146.35
151.18
140.3
134.34
143.52
149.66
147.2
143.7
149.66
134.62
146.45
137.27
154.68
129.42
145.12
146.07
147.58
145.79
147.87
141.34
164.8
157.42
169.53
150.33
140.39
146.64
153.26
641.61
797.99
797.33
0.78
1.04
1.04
2.17
1.82
0.52
2.17
2.17
0.95
-1.39
0
1.47
-119.17
-127.06
-121.25
-138.41
-166.23
-135.38
-145.95
-140.67
-121.86
-142.14
-138.15
-133.99
-140.84
-138.93
-153.49
-142.66
-133.73
-134.86
-137.03
-152.63
-156.18
-144.65
-140.32
-148.99
-142.57
-134.34
-135.12
-134.34
-142.05
-145.69
-129.92
-124.2
-135.21
-140.75
-144.65
-134.25
-132.95
-124.11
-135.9
-141.01
-128.36
-138.67
-130.35
-136.07
-147.86
-137.46
-143.96
-133.99
-138.76
-135.73
-133.39
-152.89
-141.53
-132.78
-133.21
-143.96
-149.68
-150.2
-150.55
-146.91
-143.09
-140.58
64.55
61.52
59.64
57.07
54.45
51.93
49.58
46.93
43.84
41.9
39.54
36.95
34.25
31.85
29.57
26.72
24.5
21.78
19.25
16.87
14.24
11.69
8.99
4.88
1.63
-1.68
-4.9
-8.42
-11.58
-14.14
-16.9
-18.98
-21.64
-24.62
-26.59
-29.16
-31.47
-34.45
-36.72
-39.31
-41.66
-44.3
-47.14
-49.36
-52.11
-54.36
-56.91
-59.3
-61.76
-64.56
-66.96
-69.9
-72.02
-74.47
-77.06
-80.13
-82.11
-84.66
-87.13
-89.72
-92.55
-94.77
-97.69
-99.27
-99.61
-99.6
-99.6
-99.62
-99.61
-99.63
-99.52
-97.9
-94.75
-91.7
-89.69
-87.36
-84.68
-82.22
-79.48
-77.09
-74.35
-72.19
-69.54
-66.97
-64.46
-62.13
-59.5
-56.55
-54.36
-52.13
-49.42
-46.55
-44.35
-42.02
-39.33
-36.84
-33.92
-31.98
-28.77
-26.8
-24.21
-21.85
-19.34
-16.68
-14.06
-11.22
-8.66
-5.33
-1.73
2.56
5.31
8.76
11.6
14.16
16.98
19.09
21.94
24.24
26.59
29.22
31.8
34.38
36.66
39.53
41.73
44.37
46.63
49.68
51.82
54.41
56.8
59.35
62.2
64.53
67.26
69.69
72.09
74.66
77.38
79.51
