140
58
83
115.23
125.73
128.95
123.93
118.44
121.85
120.53
131.41
133.11
118.26
114.76
128.19
120.62
122.89
116.93
106.34
118.26
118.44
111.35
116.08
103.4
108.51
121.09
105.39
110.4
104.25
106.81
120.53
110.31
127.24
105.96
103.4
120.15
108.7
121
109.27
112.39
120.05
111.07
115.99
108.32
118.35
119.11
114.47
119.49
96.97
116.08
112.67
125.54
112.01
115.32
116.17
122.23
116.55
119.39
112.96
138.41
134.91
154.21
125.63
110.78
123.65
127.34
588.91
611.05
575.38
1.04
1.3
1.39
2.17
0.17
2.17
2.43
1.13
0.52
1.73
4.07
2.34
2.08
-137.29
-113.36
-137.29
-158.17
-149.42
-134.25
-148.9
-134.95
-132.08
-139.19
-135.38
-132.52
-140.49
-135.81
-138.76
-130.26
-136.68
-131.13
-149.94
-140.67
-142.31
-140.75
-139.54
-140.93
-130.18
-131.48
-134.34
-133.3
-137.2
-121.08
-138.76
-126.8
-132.43
-142.83
-133.3
-136.94
-128.7
-130.35
-149.51
-125.93
-133.21
-130
-138.5
-153.49
-138.5
-139.8
-132.08
-131.48
-148.73
-128.96
-141.97
-134.51
-133.56
-136.16
-129.83
-139.02
-140.23
-143.96
-149.77
-142.83
-136.33
59.31
56.82
54.47
51.94
49.39
46.88
44.38
41.71
39.15
36.7
34.13
31.74
29.19
26.63
24.18
21.67
19.14
16.55
14.1
11.57
8.58
5.09
1.6
-1.85
-5.27
-8.98
-11.77
-14.3
-16.83
-19.41
-21.94
-24.45
-26.9
-29.51
-31.96
-34.45
-36.71
-39.26
-41.82
-44.41
-46.98
-49.47
-52
-54.61
-57.11
-59.67
-62.13
-64.7
-67.15
-69.8
-72.05
-74.58
-77.08
-79.6
-82.15
-84.69
-87.12
-89.68
-92.17
-94.76
-97.33
-99.8
-102.41
-103.97
-103.97
-104
-103.98
-103.97
-103.98
-103.96
-104
-103.32
-100
-97.47
-94.89
-92.48
-89.93
-87.43
-84.83
-82.51
-79.81
-77.44
-75.01
-72.52
-69.84
-67.39
-64.77
-62.31
-59.73
-57.25
-54.68
-52.17
-49.56
-47.09
-44.5
-41.99
-39.43
-37.04
-34.43
-32.18
-29.64
-27.2
-24.42
-21.9
-19.41
-16.95
-14.45
-11.89
-8.98
-5.54
-1.87
1.38
4.96
8.42
11.4
13.91
16.56
18.98
21.47
23.98
26.6
29.03
31.56
34
36.56
39.12
41.63
44.05
46.7
49.15
51.8
54.03
56.61
59.11
61.71
64.25
66.76
69.31
71.85
74.42
