140
58
83
136.89
150.7
148.53
145.5
150.23
143.14
133.77
145.6
136.33
141.72
131.69
144.74
136.51
141.91
139.35
123.93
134.34
131.69
133.49
138.6
118.82
133.2
133.49
133.01
138.41
123.93
127.72
138.12
130.55
148.91
127.72
124.97
138.78
128
141.81
129.8
122.51
141.34
134.62
135.28
135.1
133.01
140.11
142.95
139.92
127.05
139.92
139.64
153.64
138.97
141.62
137.37
143.89
147.11
151.08
139.54
168.4
157.14
187.51
146.45
139.83
148.15
148.15
486.93
489.86
489.96
0.61
0.95
0.09
0.61
-1.65
-4.59
4.94
0.61
1.39
1.47
-0.35
1.39
0.35
-94.99
-118.74
-138.41
-156.87
-143.27
-133.04
-149.07
-137.63
-133.65
-140.67
-133.21
-132.78
-144.57
-131.48
-141.1
-131.13
-138.33
-126.8
-149.77
-142.31
-142.57
-140.49
-138.15
-138.33
-129.74
-132.6
-134.17
-126.97
-125.67
-120.12
-136.59
-126.1
-130.7
-133.82
-131.48
-134.86
-131.74
-125.84
-140.93
-125.5
-130.18
-130.52
-135.29
-148.9
-135.21
-138.07
-135.12
-127.4
-147.08
-129.14
-136.42
-139.45
-132.34
-133.91
-130.96
-139.89
-141.53
-145.17
-151.67
-141.01
-135.47
63.5
61
58.43
55.88
53.41
50.85
48.35
45.85
43.35
40.82
38.27
35.77
33.34
30.74
28.48
25.9
23.42
20.76
18.22
15.69
13.16
10.65
7.4
3.87
0.44
-3.15
-6.63
-10.2
-12.66
-15.24
-17.77
-20.29
-22.49
-25.1
-27.67
-30.24
-32.79
-35.19
-37.8
-40.3
-42.85
-45.35
-47.96
-50.45
-52.9
-55.45
-57.89
-60.44
-63.07
-65.57
-68.12
-70.55
-73.14
-75.69
-78.29
-80.74
-83.24
-85.7
-88.15
-90.81
-93.37
-95.77
-98.14
-99.26
-99.26
-99.26
-99.24
-99.26
-99.27
-99.26
-99.24
-98.87
-95.56
-93.08
-90.39
-87.98
-85.4
-82.96
-80.64
-78.3
-75.58
-73.14
-70.56
-67.85
-65.35
-62.96
-60.3
-57.93
-55.36
-52.88
-50.24
-47.73
-45.17
-42.66
-40.15
-37.73
-35.1
-32.61
-30.02
-27.61
-24.99
-22.5
-20
-17.26
-15.1
-12.56
-9.88
-6.5
-2.89
0.62
4.15
7.62
10.9
13.33
15.95
18.15
20.79
23.25
25.82
28.4
31
33.5
35.9
38.5
41.01
43.45
46
48.44
51.05
53.51
56.12
58.64
61.24
63.72
66.21
68.7
71.31
73.82
76.39
78.82
