73
25
48
151.46
152.31
160.45
152.69
148.91
155.25
148.25
157.71
135
148.25
148.25
155.62
154.77
148.25
146.54
142.57
143.33
142.76
141.81
140.96
127.62
142.57
149.95
132.16
130.93
138.69
131.12
147.96
132.07
140.01
239.35
133.11
157.33
0.69
8.75
-1.04
0.17
1.39
-1.73
0.87
-0.52
2.43
2.17
-1.04
-145.43
-132.17
-144.57
-73.06
-136.77
-136.33
-133.13
-151.5
-131.3
-135.38
-141.79
-138.33
-154.27
-142.75
-145.69
-142.57
-135.21
-151.15
-135.21
-150.03
-144.48
-139.02
-131.39
-143.27
-148.64
-149.51
-153.41
-157.74
-149.07
64.52
62.06
59.28
57.01
54.6
51.66
49.57
46.88
44.29
41.59
39.38
36.83
34.43
31.73
29.4
26.87
24.5
21.95
19.24
16.72
13.85
11.75
8.87
5.49
1.78
-1.52
-5.17
-9.2
-11.38
-14.12
-16.63
-19.04
-19.81
-19.83
-19.81
-19.54
-18.42
-16.82
-14.54
-12.24
-9.36
-5.26
-2.34
0.95
4.47
8.71
11.12
13.72
16.19
18.76
21.51
23.81
26.43
28.78
31.39
33.66
36.75
38.78
41.37
43.7
46.45
48.79
51.39
54.16
56.29
59.02
61.49
64.08
66.36
68.98
71.63
74.13
76.49
