139
58
82
150.8
145.41
145.03
149.1
152.22
158.08
143.42
151.18
136.14
139.92
147.77
148.62
150.89
141.43
155.06
145.31
144.08
141.15
133.3
140.39
138.03
141.91
141.81
131.12
135
138.97
126.2
146.73
134.81
135.66
146.73
132.35
149.66
130.65
136.33
146.35
140.87
135.95
132.45
136.33
147.11
145.97
152.03
138.78
151.75
135.76
145.03
141.62
157.33
133.3
143.61
139.64
143.52
146.35
148.34
136.8
159.79
156.85
164.33
153.16
149.66
142.95
153.54
547
758.73
759.48
-1.56
-0.09
-1.21
-1.13
-1.47
-1.04
0.09
-0.52
0.52
-2.08
-2.34
-0.95
-120.56
-130.35
-127.75
-153.49
-171.61
-137.03
-154.45
-143.61
-137.72
-141.53
-136.59
-137.55
-140.58
-137.63
-152.02
-141.19
-141.27
-139.11
-140.93
-152.11
-151.93
-145.52
-141.45
-147.17
-136.07
-137.46
-137.29
-141.36
-142.23
-136.77
-138.41
-137.81
-131.13
-143.7
-143.7
-139.71
-136.25
-124.72
-142.83
-135.55
-132.6
-146.3
-132.95
-138.33
-142.66
-141.27
-142.83
-133.82
-139.89
-138.15
-132.86
-156.53
-139.8
-136.07
-135.99
-150.29
-157.05
-152.8
-153.75
-148.03
-143.01
65.16
62.5
59.69
56.96
55.01
52.41
49.82
47.32
44.75
41.7
39.94
37.29
34.45
32.35
29.94
27.27
24.35
22.42
19.71
17.14
14.51
11.89
9.52
6.19
2.81
-0.85
-4.57
-8.37
-11.04
-13.67
-15.95
-18.76
-21.17
-23.83
-26.55
-28.61
-31.23
-33.68
-36.4
-39.04
-41.33
-44.27
-46.29
-48.94
-51.37
-54.47
-56.54
-58.94
-61.84
-64.09
-66.78
-70.19
-72.09
-74.56
-76.63
-79.27
-81.47
-84.38
-86.66
-89.36
-91.66
-94.58
-96.77
-98.96
-99.56
-99.56
-99.56
-99.57
-99.57
-99.57
-99.06
-96.31
-93.85
-91.58
-89.17
-86.84
-84.28
-81.74
-79.29
-76.74
-73.81
-71.6
-69.22
-66.61
-63.65
-61.8
-59.09
-56.15
-54.13
-51.59
-48.91
-46.38
-43.99
-41.07
-38.56
-36.36
-33.8
-31.51
-28.97
-26.24
-24.01
-20.87
-18.48
-16.12
-13.8
-11.27
-8.16
-4.79
-0.47
2.49
5.79
9.76
12.05
14.66
17.05
19.89
22.18
24.61
27.17
29.81
32.22
34.69
37.46
39.53
42.24
44.78
47.29
49.76
52.36
55.01
57.34
59.94
62.31
65.35
67.46
69.96
72.53
75.36
77.88
