136
54
83
142.47
146.73
146.07
145.69
138.41
148.34
141.72
154.58
127.43
138.12
143.61
147.3
143.89
129.42
135.66
133.68
135
134.91
127.81
126.39
123.46
131.31
141.24
124.59
120.72
129.32
126.86
142.76
135.38
148.34
139.16
131.97
151.46
128.47
138.03
143.04
143.14
154.49
136.61
135.66
141.72
142.95
157.33
140.3
154.68
137.84
142.95
141.72
152.31
133.3
144.84
143.52
148.62
141.81
149
137.55
164.42
157.99
169.91
148.72
143.04
145.31
155.44
608.31
663.18
662.61
4.07
1.99
25.65
1.82
1.3
1.82
2.77
1.82
2.86
2.25
3.99
2.43
2.08
-123.42
-119.86
-135.29
-133.56
-132.86
-135.03
-148.64
-135.99
-130.52
-139.45
-136.16
-132.43
-144.22
-135.99
-142.31
-127.58
-142.83
-127.84
-148.73
-144.39
-150.55
-144.31
-137.03
-138.33
-131.3
-134.69
-139.71
-108.34
-133.47
-124.02
-137.2
-129.4
-127.06
-140.75
-123.42
-127.84
-120.64
-122.81
-137.81
-118.48
-126.71
-121.6
-127.06
-141.97
-126.97
-132.43
-130.18
-124.98
-140.23
-122.38
-138.41
-135.29
-133.13
-134.69
-130.09
-139.54
-142.66
64.16
61.89
59.35
56.95
54.44
51.83
49.21
46.23
44.34
41.7
39.1
36.05
34.4
31.69
29.25
26.54
24.2
21.65
18.49
16.57
14.02
11.73
8.4
5.1
1.68
-1.79
-5.44
-9.76
-12.29
-14.89
-16.8
-19.46
-21.71
-24.41
-26.89
-29.46
-31.64
-34.66
-36.82
-39.47
-41.85
-44.82
-47.01
-49.57
-51.95
-54.45
-57.07
-59.65
-62.65
-64.84
-67.1
-69.72
-72.24
-74.64
-77.2
-80.22
-82.28
-84.67
-87.3
-90.15
-92.45
-94.72
-97.29
-99.43
-99.56
-99.56
-99.54
-99.54
-99.55
-99.56
-99.56
-99.03
-95.81
-93.23
-90.9
-88.27
-85.64
-83.21
-80.59
-78.39
-75.82
-73.21
-70.6
-67.85
-65.56
-63.08
-60.51
-58.07
-55.41
-52.94
-50.24
-47.92
-45.54
-42.91
-39.99
-37.87
-35.21
-33.05
-30.14
-27.95
-25.24
-22.41
-20.25
-17.61
-15.36
-12.83
-10.1
-6.75
-2.44
0.45
3.7
7.26
10.84
13.13
15.78
18.15
20.63
23.23
25.79
28.43
30.93
33.23
35.75
38.24
40.85
43.25
45.91
48.2
50.88
53.32
55.77
58.35
61
63.52
65.98
68.44
