136
54
83
150.8
147.11
149.57
151.75
148.15
157.71
142.66
145.69
131.12
141.62
176.72
145.12
149.29
136.04
142.66
138.6
142.47
140.58
129.32
138.22
136.8
139.07
142.29
131.31
134.62
145.12
122.99
149.38
135.76
137.46
143.99
133.49
151.65
130.08
132.73
149.85
144.46
148.62
134.05
137.37
147.39
145.97
154.77
135
143.7
136.99
139.35
139.07
155.91
132.07
147.02
147.02
174.36
138.69
143.42
129.89
157.71
157.61
165.84
145.69
145.12
143.23
153.92
535.27
646.81
643.97
-1.04
-0.09
1.91
-0.69
1.3
4.07
1.39
0.35
0.52
-0.43
0.26
-0.26
0.61
-124.02
-114.92
-135.47
-162.33
-140.15
-47.58
-141.1
-135.81
-138.85
-137.11
-135.81
-137.03
-137.63
-141.19
-140.67
-131.74
-137.29
-133.91
-149.85
-151.33
-148.99
-145.69
-144.48
-144.74
-134.6
-133.82
-137.98
-134.95
-145
-131.48
-140.67
-131.22
-135.9
-148.9
-131.74
-136.07
-133.47
-143.87
-148.03
-130.35
-141.88
-135.64
-140.06
-154.88
-141.36
-140.84
-137.11
-141.88
-154.01
-127.58
-150.63
-144.74
-138.24
-140.75
-137.46
-146.82
-149.77
64.95
62.34
59.81
57.25
54.75
51.76
49.6
47.14
44.54
42.1
39.66
37.08
34.21
32.31
29.7
27.04
24.67
22.04
19.5
16.6
14.49
11.93
9.46
5.72
2.25
-1.31
-4.88
-8.37
-11.29
-13.89
-16.86
-19.06
-21.36
-23.97
-26.45
-28.89
-31.46
-34.51
-36.35
-39.01
-41.59
-44.17
-46.58
-48.91
-51.66
-54.2
-56.48
-59.18
-62.05
-64.31
-66.62
-69.32
-71.85
-74.15
-76.83
-79.74
-81.65
-84.35
-86.87
-89.67
-91.91
-94.58
-96.91
-99.19
-99.44
-99.46
-99.46
-99.46
-99.44
-99.44
-99.44
-98.07
-95.23
-92.86
-90.22
-87.62
-85.09
-82.42
-80.08
-77.64
-75.04
-72.5
-70.22
-67.56
-64.56
-62.37
-60.06
-57.48
-54.84
-52.51
-49.88
-46.99
-44.93
-42.31
-39.94
-37.34
-34.76
-32.42
-29.3
-27.12
-24.86
-22.24
-19.64
-17.04
-14.73
-11.81
-9.32
-5.93
-2.29
1.27
4.63
8.1
11.17
13.56
16.22
18.53
21.57
23.84
26.22
28.82
31.48
33.71
36.35
39.41
41.18
43.83
46.41
48.71
51.37
53.91
56.9
58.98
61.62
63.88
66.82
69.16
