140
58
82
151.27
151.56
155.34
148.15
144.46
156.38
146.54
159.31
135.38
146.45
146.45
157.14
150.7
141.06
147.3
140.77
146.64
145.5
134.72
138.6
134.72
138.97
149.38
134.15
135.47
137.55
131.22
152.6
137.93
142
143.99
136.61
154.58
131.69
134.81
138.97
142.19
150.23
137.65
134.24
145.22
148.15
152.69
141.53
153.92
133.87
140.3
143.14
150.33
132.16
143.23
146.07
153.83
147.58
148.53
135.47
165.08
153.83
171.71
151.37
136.61
153.07
153.83
525.05
528.37
534.14
1.04
1.04
-0.26
1.04
0.78
1.56
0.35
1.39
2.43
1.13
1.3
0
-96.38
-127.66
-115.18
-137.89
-172.56
-139.54
-147.77
-142.31
-136.59
-143.27
-141.53
-133.99
-140.58
-138.5
-153.49
-143.18
-135.03
-138.15
-134.86
-152.11
-149.59
-148.81
-142.31
-149.59
-146.04
-135.55
-128.96
-138.76
-134.43
-147.25
-132
-138.24
-134.17
-136.51
-148.64
-135.29
-136.16
-127.92
-142.23
-141.45
-133.65
-141.19
-133.39
-134.95
-154.53
-135.47
-136.59
-137.37
-140.15
-155.14
-133.65
-150.11
-145
-136.94
-136.07
-139.63
-148.38
-148.81
-158.87
-150.81
-146.04
-143.53
64.18
61.85
59.11
56.77
54.17
51.84
48.75
46.65
44.1
41.75
38.85
36.27
34.12
31.76
29.23
26.53
23.97
21.31
18.92
16.54
14.13
11.28
8.66
4.87
1.16
-1.99
-5.44
-9.03
-11.96
-14.46
-16.78
-19.49
-21.95
-24.4
-26.97
-29.56
-32.01
-34.42
-37.39
-39.53
-41.91
-44.57
-47.32
-49.69
-51.97
-54.7
-57.22
-60.2
-62.26
-64.75
-67.21
-69.81
-72.12
-75.12
-77.35
-79.95
-82.52
-84.93
-87.44
-89.85
-92.92
-94.97
-97.5
-99.29
-99.36
-99.36
-99.37
-99.38
-99.36
-99.36
-99.36
-97.49
-95.29
-92.6
-89.8
-87.5
-85.16
-82.46
-79.66
-77.51
-74.96
-72.49
-69.85
-67.52
-64.9
-62.39
-59.85
-57.52
-54.83
-51.8
-49.63
-47.33
-44.46
-42.21
-39.58
-37.33
-34.42
-32.17
-29.51
-27.07
-24.53
-21.86
-19.43
-17.04
-14.53
-12.01
-9.47
-5.39
-2.11
1.37
4.86
8.04
11.32
13.82
16.94
18.76
21.39
23.91
26.46
29.1
31.41
34.52
36.41
38.89
41.39
43.92
46.47
48.88
52
53.85
56.6
59.22
62.2
64.02
66.68
69.3
71.77
74.45
76.8
79.6
