139
58
83
145.97
151.84
150.89
151.18
143.8
159.88
146.16
154.21
133.77
146.92
140.96
159.98
149.19
147.39
141.53
137.27
146.45
141.43
138.03
130.74
131.31
144.46
141.34
132.92
133.49
135.95
127.15
148.25
135.85
140.49
135.95
131.41
149.1
132.07
134.53
138.41
139.92
150.52
144.74
135.95
139.26
144.93
145.5
144.84
153.07
128.19
141.34
133.3
149.95
138.03
141.34
147.58
146.83
144.93
146.26
136.99
167.45
156.38
184.01
155.91
145.69
146.83
152.98
644.82
752.11
749.17
-2.08
-0.35
-0.17
-1.3
-1.47
-0.69
0.35
-1.82
-1.65
-2.43
-0.35
-0.17
-2.69
-134.34
-115.27
-138.24
-173.17
-136.51
-145.61
-144.91
-139.89
-141.88
-137.55
-138.07
-139.89
-140.84
-148.03
-144.13
-129.83
-139.28
-133.04
-151.07
-151.41
-148.03
-141.1
-147.34
-145.09
-133.47
-137.2
-137.63
-138.24
-143.79
-125.76
-137.81
-132.08
-137.98
-146.39
-131.82
-134.43
-129.92
-139.54
-146.39
-127.84
-138.15
-129.57
-138.59
-153.23
-140.15
-139.63
-137.03
-137.81
-152.37
-131.82
-141.36
-144.39
-137.72
-144.13
-143.27
-140.41
-149.33
-159.3
-155.66
-142.57
64.34
62.01
59.33
56.7
54.41
51.82
49.4
46.89
44.21
41.6
38.99
36.69
34.21
31.21
29.2
26.77
24.2
21.3
19.03
16.62
14.11
11.27
8.04
5.16
1.84
-1.74
-5.25
-8.9
-11.78
-14.16
-16.73
-19.85
-21.74
-24.28
-26.8
-29.6
-31.9
-34.38
-36.94
-39.5
-41.8
-44.44
-47.49
-49.59
-51.88
-54.56
-57.21
-59.48
-62.1
-65.06
-67.18
-69.55
-72.12
-75.16
-77.32
-79.65
-82.27
-84.94
-87.69
-89.85
-92.32
-94.88
-97.19
-99.29
-99.52
-99.49
-99.53
-99.49
-99.51
-99.5
-99.51
-97.84
-95.12
-92.51
-90.08
-87.28
-84.56
-82.55
-79.97
-77.44
-74.74
-72.51
-69.43
-67.32
-65.03
-61.91
-59.79
-57
-54.1
-51.66
-49.32
-47.11
-44.6
-42.21
-39.47
-37.16
-34.7
-32.16
-29.33
-27
-24.62
-21.98
-19.41
-17.11
-14.46
-11.55
-9.17
-5.92
-2.07
2.04
4.94
8.18
11.61
13.86
16.49
18.83
21.75
23.97
26.27
28.94
31.58
34.52
36.35
39.34
41.43
44.1
46.42
49.28
51.62
53.89
56.81
59.01
61.72
64.3
67.02
69.17
71.79
74.12
77.17
