140
58
83
139.35
152.22
150.52
149
159.98
147.2
138.03
152.31
135.66
143.33
135.47
149.38
143.89
144.46
149.76
133.49
137.27
139.92
135.28
139.45
125.35
138.97
140.96
134.53
139.64
120.81
134.81
144.65
134.72
145.97
135.19
132.64
142.57
131.22
147.3
134.81
128.38
143.61
136.89
145.5
135.76
135.95
140.01
143.42
142.38
127.91
140.58
136.51
150.33
135.66
145.22
134.53
143.7
143.89
143.89
137.74
163.19
155.44
186.18
147.2
136.61
146.16
150.89
751.44
727.41
728.45
1.56
1.04
-0.78
9.79
2.6
-1.99
2.77
0.43
1.47
3.29
-0.17
1.91
-1.82
-124.54
-116.92
-138.33
-154.45
-142.14
-135.29
-152.71
-137.37
-135.81
-137.63
-136.25
-132.69
-143.7
-135.81
-144.22
-131.82
-138.85
-131.3
-147.51
-143.61
-143.18
-140.49
-140.75
-141.97
-133.13
-127.32
-137.37
-130.87
-131.3
-126.19
-141.19
-129.92
-132.86
-144.39
-131.82
-133.39
-126.1
-128.88
-145.61
-125.76
-133.65
-137.37
-138.33
-152.45
-137.29
-139.19
-137.89
-132
-151.85
-130.87
-142.4
-138.76
-132.69
-138.15
-134.95
-143.09
-146.21
-148.38
-154.45
-141.62
-135.55
63.82
61.36
58.8
56.33
53.7
51.21
48.7
46.17
43.66
41.08
38.53
36.11
33.7
31.16
28.82
26.26
23.74
21.13
18.58
16.09
13.49
10.96
7.88
4.38
0.93
-2.68
-6.19
-9.45
-12.11
-14.64
-17.17
-19.68
-22.14
-24.78
-27.32
-29.85
-32.28
-34.88
-37.47
-39.94
-42.52
-45.02
-47.51
-50
-52.62
-55.12
-57.57
-60.27
-62.71
-65.26
-67.72
-70.26
-72.76
-75.29
-77.85
-80.39
-82.94
-85.46
-87.95
-90.55
-92.74
-95.27
-97.84
-99.58
-99.6
-99.61
-99.65
-99.6
-99.6
-99.61
-99.61
-99.05
-95.91
-93.32
-90.72
-88.21
-85.68
-83.19
-80.65
-78.17
-75.51
-73.09
-70.54
-68.07
-65.47
-63.01
-60.33
-57.83
-55.28
-52.78
-50.28
-47.73
-45.14
-42.78
-40.13
-37.75
-35.12
-32.69
-30.03
-27.57
-25.1
-22.55
-19.92
-17.41
-15.19
-12.68
-10.01
-6.59
-2.9
0.58
4.11
7.45
10.82
13.3
15.87
18.33
20.86
23.41
26
28.47
30.82
33.27
35.8
38.21
40.95
43.37
45.9
48.5
51
53.42
56.04
58.58
61.16
63.54
66.16
68.69
71.26
73.75
76.23
78.77
