140
58
83
144.56
152.31
155.53
151.84
145.69
155.06
145.12
157.99
134.15
143.04
146.07
158.27
151.56
145.41
142.85
134.34
146.07
145.03
137.08
146.26
128.95
148.53
147.2
134.81
134.72
128.66
135
148.91
134.53
147.11
141.62
135.85
149.95
133.11
156.57
140.3
138.69
151.84
138.03
137.65
140.39
139.45
152.31
144.18
153.26
132.73
140.11
139.92
151.27
140.11
151.65
142.95
147.77
144.37
144.37
133.3
162.25
156.38
174.73
152.12
141.06
151.08
150.89
691.75
684.37
684.56
-1.04
-0.09
2.51
0.09
0.09
2.34
3.12
0.78
1.73
0.43
0.09
1.39
2.95
-122.72
-120.64
-136.33
-154.79
-142.4
-136.77
-148.99
-138.33
-134.69
-141.71
-138.67
-144.22
-143.87
-133.39
-146.91
-97.42
-139.37
-133.73
-148.9
-144.91
-148.03
-148.73
-142.83
-139.97
-136.25
-134.77
-142.31
-135.47
-138.15
-130.87
-141.53
-94.56
-134.69
-145.26
-134.34
-137.03
-129.57
-132.6
-148.64
-132.34
-136.07
-138.59
-138.5
-154.45
-138.85
-143.44
-141.97
-134.77
-152.11
-134.17
-142.49
-140.06
-136.42
-141.79
-138.59
-147.34
-149.07
-150.81
-154.19
-145.69
-137.81
64.01
61.8
58.94
56.6
54.01
51.03
48.95
46.62
43.93
41.26
38.85
36.42
33.91
31.37
28.92
26.28
23.78
21.25
18.85
16.3
13.68
11.38
8.32
4.29
1.33
-2.44
-5.73
-9.82
-12
-14.63
-17
-19.51
-22.38
-24.65
-27.69
-29.74
-32.13
-34.79
-37.34
-39.6
-42.22
-45.28
-47.22
-49.95
-52.2
-55.45
-57.28
-59.97
-62.27
-65.21
-67.97
-70.05
-72.36
-74.86
-77.59
-80.15
-82.76
-84.96
-87.54
-90.57
-92.61
-95.19
-97.62
-99.61
-99.63
-99.65
-99.61
-99.63
-99.62
-99.62
-99.63
-99.21
-95.92
-93.38
-90.72
-88.42
-85.81
-82.66
-80.69
-78.5
-75.74
-72.67
-70.68
-68.23
-65.64
-63.21
-60.47
-58.19
-55.06
-53.12
-50.6
-48.06
-45.45
-43.18
-40.44
-37.49
-35.4
-32.86
-30.4
-27.94
-25.33
-23.07
-20.25
-17.81
-14.88
-12.75
-10.36
-6.88
-3.27
0.98
3.53
7.21
10.55
13.41
15.39
17.98
20.79
23.07
25.64
28.16
30.68
33.06
35.87
38.8
40.68
43.19
45.7
48.07
50.79
53.32
56.15
58.46
60.86
63.38
66.07
68.39
70.93
73.26
75.87
78.52
