140
58
83
146.64
159.03
156.95
155.34
162.72
150.8
149.1
157.8
134.72
146.45
147.02
154.68
150.61
146.35
146.54
135.95
140.96
145.31
143.04
143.04
127.15
144.37
142.85
132.45
137.37
128
135.38
148.72
135.66
153.54
142.76
135.38
147.49
132.64
146.54
143.23
139.54
149.38
134.91
139.35
141.24
143.33
147.49
145.69
152.22
132.45
145.22
144.37
150.61
137.74
142.1
137.65
150.42
143.42
144.56
139.64
163.38
153.92
181.26
152.31
139.73
155.06
153.16
706.41
702.91
702.53
1.91
0.95
-0.26
0.43
0.87
0.95
0.95
0.69
0.26
1.56
1.39
0.78
-1.73
-130.09
-115.44
-136.33
-161.21
-132.78
-144.65
-144.83
-137.29
-141.88
-140.75
-137.63
-139.89
-140.15
-138.67
-142.75
-132.17
-138.33
-93.86
-147.86
-145.78
-151.24
-143.18
-148.9
-144.74
-134.6
-135.73
-135.9
-139.97
-143.01
-105.22
-142.49
-134.17
-134.69
-147.43
-133.56
-135.64
-125.58
-136.68
-146.65
-129.22
-140.23
-129.4
-143.09
-153.23
-139.63
-144.13
-137.46
-141.1
-157.91
-138.5
-148.64
-144.13
-137.11
-147.08
-133.91
-146.39
-148.81
-152.8
-155.66
-145.69
-142.66
64.03
61.52
59.11
56.48
53.35
51.35
49.02
46.11
43.84
41.26
38.97
35.97
33.94
31.31
28.86
26.29
23.3
21.41
18.77
16.24
13.64
11.3
7.9
4.56
1.15
-2.87
-6.06
-9.49
-12.12
-14.85
-16.97
-19.62
-22.23
-24.85
-27.27
-29.7
-32.06
-34.81
-37.3
-39.78
-42.69
-44.74
-47.36
-50.13
-52.44
-55.04
-57.43
-60.6
-62.51
-65.11
-67.39
-70.4
-73.01
-74.94
-77.61
-80.17
-82.71
-85.03
-87.9
-90.35
-92.57
-95.43
-97.93
-99.61
-99.66
-99.66
-99.66
-99.66
-99.65
-99.66
-99.67
-98.59
-95.44
-92.86
-90.47
-87.91
-84.91
-83.02
-80.27
-77.62
-75.21
-72.7
-70.33
-67.34
-65.17
-62.91
-60.2
-57.72
-54.58
-52.47
-50.11
-47.59
-45.02
-42.7
-39.68
-37.51
-34.87
-32.43
-29.77
-27.35
-24.86
-22.18
-20.01
-17.34
-14.73
-12.21
-9.39
-6.26
-2.21
0.99
4.3
7.81
11.15
13.31
16.06
18.83
21.06
23.6
26.03
28.93
31.14
33.73
36.11
38.62
41.58
43.68
46.44
48.66
51.05
53.7
56.41
58.93
61.28
63.91
66.32
68.94
71.27
74.08
76.42
79.03
