62
20
41
140.2
155.53
152.69
152.03
149.95
152.22
141.62
152.5
138.5
143.8
139.35
154.02
146.45
144.84
150.14
128.76
142.66
141.81
134.81
139.26
127.34
136.7
143.99
231.12
131.69
163.1
0.09
0.17
-0.69
1.39
-0.17
2.51
-0.69
1.04
0.09
0.78
-1.39
-147.6
-137.46
-136.25
-150.89
-134.95
-150.72
-143.01
-143.27
-146.91
-129.74
-146.13
-136.85
-137.98
-146.56
-139.11
-135.21
-134.17
-144.31
-151.15
-147.34
-150.72
-145.61
-137.55
-146.56
-141.88
63.92
61.41
58.86
56.31
53.73
51.17
48.73
46.1
43.58
41.33
38.85
36.35
33.87
31.24
28.72
26.15
23.74
21.11
18.63
16.09
13.57
11
7.91
4.34
1.15
0.26
0.27
0.27
0.52
2.25
4.43
7.46
10.73
13.16
15.73
18.21
20.89
23.06
25.83
28.38
30.65
33.16
35.75
38.25
40.75
43.27
45.87
48.35
50.91
53.39
55.99
58.55
61.07
63.33
65.89
68.38
70.95
73.41
75.98
78.49
81.05
83.47
