140
58
83
144.65
156.85
159.31
156.57
148.43
153.07
139.35
161.4
139.16
147.49
140.49
152.88
150.61
147.49
143.89
131.22
143.33
145.69
137.93
139.92
128.38
138.03
151.65
133.87
149.29
129.99
132.45
142.95
134.91
150.23
141.43
127.72
142.57
131.97
150.52
143.52
131.31
152.88
145.97
144.74
142
141.15
145.79
147.87
153.64
129.89
146.26
145.88
155.44
146.73
147.58
137.65
154.58
145.12
153.73
143.52
169.53
158.94
172.09
152.22
137.55
145.69
155.53
712.84
710.57
708.02
0.95
2.17
5.89
-0.61
1.56
1.99
0
0.17
1.47
1.47
1.82
0.69
1.04
-127.92
-125.67
-135.9
-152.28
-139.45
-136.59
-154.19
-137.2
-138.59
-143.7
-142.05
-144.91
-147.95
-139.37
-147.43
-135.99
-148.9
-134.43
-152.45
-147.25
-146.3
-149.25
-143.09
-142.49
-135.64
-137.98
-143.61
-133.21
-136.94
-127.14
-140.15
-140.32
-132.08
-141.45
-133.04
-134.51
-134.51
-133.39
-145.35
-131.82
-131.3
-140.49
-137.46
-148.99
-138.41
-139.89
-139.89
-132.34
-150.37
-135.21
-141.45
-142.49
-136.85
-141.45
-134.51
-146.65
-146.47
-150.81
-153.84
-147.69
-135.73
64.03
61.4
58.81
56.27
53.77
51.17
48.53
46.2
43.58
41.27
38.07
36.15
33.87
31.2
28.74
25.69
23.56
20.58
18.66
16.05
13.67
10.93
7.86
4.26
0.07
-2.72
-6.04
-9.63
-12.22
-14.9
-17.24
-19.87
-22.36
-24.76
-27.35
-29.81
-32.43
-34.75
-38.12
-39.96
-42.51
-44.88
-47.97
-49.96
-52.57
-54.95
-57.43
-60.16
-62.76
-65.45
-67.83
-70.43
-72.93
-75.26
-77.88
-80.27
-83.03
-85.34
-87.67
-90.35
-93.18
-95.37
-97.94
-99.67
-99.67
-99.66
-99.66
-99.64
-99.66
-99.63
-99.68
-99.26
-96.29
-93.64
-91.03
-88.46
-86.1
-83.56
-80.63
-78.64
-76.08
-73.48
-70.99
-68.37
-65.61
-63.49
-60.8
-58.52
-55.73
-53.3
-50.68
-48.05
-45.65
-43.27
-40.64
-38.24
-35.18
-33.32
-30.1
-28.13
-25.52
-23.21
-20.5
-17.92
-15.44
-13.03
-10.29
-7.16
-3.51
0.51
3.26
6.94
10.4
12.83
15.63
17.81
20.93
22.99
25.37
27.91
30.57
32.82
35.46
37.97
40.48
43.01
45.34
48.27
50.62
53.08
55.52
57.97
60.85
63.17
66.36
68.22
70.76
73.32
75.87
78.18
