140
58
83
138.69
154.3
152.98
151.75
150.14
149.66
134.81
151.65
139.16
145.97
142.29
152.98
145.88
148.43
146.73
126.96
141.06
143.89
136.99
140.3
126.49
136.33
140.49
133.01
148.25
128
134.05
145.79
135.1
145.22
128.09
129.14
141.72
130.27
153.73
138.97
123.84
148.81
140.77
147.87
139.26
140.58
145.41
145.5
147.96
130.93
139.16
144.93
152.5
150.8
145.79
140.58
147.68
150.7
147.77
136.89
165.37
160.35
191.1
155.34
138.69
150.8
152.88
770.55
777.65
776.89
1.47
1.73
0.78
1.04
1.13
0.69
-0.35
2.86
-1.13
-0.35
1.82
2.6
-4.07
-122.98
-111.28
-137.11
-150.55
-131.91
-136.42
-141.36
-131.82
-135.55
-137.2
-134.69
-136.16
-142.4
-143.01
-139.71
-132.43
-137.11
-130.61
-150.55
-147.86
-146.65
-142.23
-139.45
-142.66
-132.08
-132
-135.29
-137.63
-133.47
-124.11
-131.3
-122.72
-129.4
-143.96
-129.48
-132.43
-124.98
-129.22
-142.83
-123.85
-132.95
-129.57
-135.64
-148.81
-134.17
-118.22
-131.91
-131.74
-150.89
-129.57
-148.81
-135.29
-134.08
-135.73
-136.51
-141.71
-146.3
-154.27
-154.36
-143.27
-138.5
63.83
61.41
58.84
56.27
53.78
51.37
48.26
46.03
43.71
41.39
38.87
36.29
33.77
31.4
28.91
26.25
23.29
20.77
18.58
16.06
13.63
11.05
8.09
4.42
0.17
-2.31
-5.99
-9.61
-12.33
-14.63
-17.27
-19.79
-22.32
-24.76
-27.4
-30.33
-32.45
-34.68
-37.37
-39.8
-42.48
-44.78
-47.88
-50.2
-52.61
-55.16
-57.59
-60.03
-62.57
-65.34
-67.72
-70.09
-72.79
-75.54
-77.81
-80.14
-82.72
-85.25
-87.8
-90.18
-93.2
-95.46
-97.87
-99.49
-99.6
-99.62
-99.59
-99.61
-99.6
-99.59
-99.56
-98.7
-95.43
-93.01
-89.87
-87.92
-85.3
-83.05
-79.98
-77.57
-75.3
-73.01
-70.43
-67.85
-65.22
-62.3
-60.33
-57.75
-54.77
-52.66
-50.04
-47.66
-44.7
-42.58
-39.92
-37.6
-34.76
-32.15
-29.85
-27.59
-25.08
-22.44
-19.81
-17.08
-14.9
-12.39
-9.16
-6.32
-2.53
0.82
4.29
7.77
11.01
13.31
16.02
18.72
21.04
23.36
25.9
28.57
31.17
33.92
35.98
38.54
41.46
43.8
46.2
48.55
51.17
53.64
56.35
58.7
61.83
64.03
66.35
68.66
71.55
73.93
76.46
79
