119
46
72
152.12
147.96
151.18
150.33
148.06
164.61
145.88
150.99
138.41
142.95
146.26
150.52
155.72
136.8
147.39
136.7
141.24
139.83
132.92
138.6
138.69
141.34
148.25
132.07
140.3
137.84
123.55
150.04
132.73
141.15
141.91
129.89
151.27
130.27
132.82
142.57
144.37
146.64
137.93
140.11
142.1
148.62
152.41
140.3
154.77
138.12
145.5
143.89
154.96
135.1
152.6
149.85
151.56
147.87
202.93
134.34
147.39
4.77
-2.69
-1.39
-3.99
-1.73
-3.03
-2.95
-3.12
-1.65
-2.6
-1.47
-143.27
-143.01
-140.93
-141.79
-141.19
-141.71
-140.06
-146.21
-137.98
-141.97
-134.08
-157.48
-153.84
-157.22
-145.17
-148.03
-149.68
-136.25
-136.94
-135.64
-136.07
-147.51
-138.15
-140.58
-134.25
-138.59
-151.76
-137.63
-139.11
-131.48
-146.82
-150.89
-135.47
-141.79
-141.97
-141.79
-152.28
-144.83
-140.23
-138.93
-141.88
-159.47
-140.84
-160.25
-150.2
-141.88
-150.11
-148.99
-150.89
-156.09
-156.44
64.51
62.03
59.25
56.71
54.17
51.74
49.2
46.75
44.22
41.63
39.32
36.58
34.26
31.64
29.2
26.05
24.09
21.76
19.07
16.57
13.99
11.58
8.08
5.02
1.72
-1.91
-5.45
-8.71
-11.78
-14.61
-16.83
-19.3
-21.88
-24.9
-26.96
-29.31
-31.87
-34.49
-36.83
-39.47
-42.43
-44.44
-46.98
-49.63
-51.9
-54.65
-57.14
-60.28
-62.1
-64.81
-67.18
-69.95
-72.21
-74.85
-77.22
-79.65
-80.37
-80.38
-80.4
-80.11
-79.07
-77.28
-75.05
-72.76
-70.11
-67.39
-65.18
-62.54
-60.03
-57.53
-55.12
-52.47
-49.9
-47.32
-44.98
-42.34
-39.78
-37.39
-34.83
-31.71
-29.91
-27.3
-24.76
-22.18
-19.81
-17.18
-14.47
-12.33
-9.53
-5.89
-2.11
1.13
4.6
7.93
11.06
13.63
15.98
18.93
21.24
23.79
26.18
28.66
31.35
33.7
36.55
38.67
41.09
43.8
46.3
48.81
51.29
54.25
56.53
58.91
61.42
64
66.43
69.02
71.97
