136
54
82
144.56
151.27
156
149.57
140.2
153.83
136.99
152.98
126.68
143.89
149.76
151.37
147.39
141.43
138.6
125.63
137.84
136.61
128.28
133.2
126.2
136.33
143.42
129.8
134.81
131.69
131.88
142.95
129.89
140.11
134.34
131.5
154.02
127.53
151.56
141.06
143.14
153.35
136.99
136.8
140.87
142.57
146.64
141.53
152.22
135.38
142.76
142.19
151.08
133.58
141.53
142.38
147.39
141.53
146.73
131.5
163.19
158.27
177.01
150.04
139.07
148.72
151.65
506.23
672.64
673.49
2.51
3.47
1.04
2.25
-0.52
1.04
3.81
-1.73
5.11
0
2.08
6.24
-106.34
-138.15
-111.72
-133.99
-157.83
-139.54
-137.81
-143.18
-134.43
-134.17
-136.85
-136.77
-139.19
-140.58
-141.53
-140.06
-130.87
-134.25
-135.12
-146.91
-144.39
-148.03
-141.71
-141.71
-143.44
-127.92
-129.31
-135.9
-128.44
-136.85
-123.68
-137.2
-125.67
-126.88
-137.98
-130.18
-129.48
-125.58
-124.89
-138.59
-121.6
-133.39
-131.22
-135.99
-145.09
-131.3
-139.71
-130.96
-127.75
-148.29
-128.27
-141.27
-136.59
-130.87
-137.89
-135.29
-141.88
-146.3
64.23
61.89
58.96
56.49
54.06
51.6
48.53
46.53
44.03
40.92
38.91
36.48
34.08
30.98
29.14
26.28
23.44
21.16
18.84
16.49
13.65
11.3
8.37
4.77
0.88
-2.03
-5.6
-9.61
-12.06
-14.48
-16.92
-19.58
-21.8
-24.63
-27.54
-29.92
-31.88
-34.46
-37.35
-39.66
-42.2
-44.66
-47.57
-49.72
-52.11
-55.05
-57.35
-59.79
-62.33
-64.93
-67.21
-69.95
-72.48
-75.27
-77.49
-79.93
-82.72
-85.12
-87.57
-90.08
-93.1
-95.04
-97.55
-99.3
-99.56
-99.55
-99.56
-99.56
-99.57
-99.58
-99.56
-98.29
-95.63
-93.16
-90.35
-88.03
-85.64
-83.22
-80.01
-78.07
-75.36
-72.88
-70.46
-67.95
-65.55
-62.53
-60.35
-57.82
-54.84
-52.84
-50.44
-47.67
-44.81
-42.69
-40.11
-37.12
-34.91
-32.79
-30.23
-27.26
-25.12
-22.59
-20.08
-17.45
-15.17
-12.47
-9.68
-6.26
-2.88
0.49
4.21
7.3
10.84
13.38
16.21
18.32
20.88
23.8
25.96
28.5
30.95
33.86
35.85
38.23
41.37
43.7
45.96
48.47
51.27
53.55
56.2
58.57
61.75
63.59
66.1
69.07
