136
54
83
142.57
153.83
160.07
152.69
145.22
158.65
149.38
157.42
133.77
143.61
147.96
153.07
152.69
142.66
140.77
140.77
144.65
142.19
132.26
139.54
133.68
140.87
154.87
132.26
130.93
136.89
129.32
142.85
132.26
141.62
135.76
135.38
152.88
130.27
128.85
138.97
132.54
149
139.35
132.92
138.03
146.64
154.87
141.53
147.39
126.01
137.84
140.11
148.81
130.65
140.39
143.33
145.5
143.33
143.42
129.42
164.61
156.29
170.76
150.61
138.78
145.31
153.64
713.41
714.83
709.44
0.17
-1.3
-0.78
1.3
0.09
0.87
0.35
5.2
0
0.95
1.56
0.61
-0.69
-131.3
-120.38
-140.32
-150.89
-142.05
-137.81
-152.97
-136.77
-136.77
-141.19
-139.54
-140.75
-144.57
-132.08
-146.39
-130.78
-139.97
-131.82
-152.11
-145.95
-150.63
-145.26
-142.05
-140.58
-134.6
-136.25
-139.37
-134.95
-139.97
-128.88
-140.67
-129.05
-133.39
-144.65
-133.47
-135.64
-129.74
-127.23
-144.57
-128.79
-132.69
-139.37
-140.06
-150.2
-140.23
-143.79
-141.1
-135.29
-154.27
-133.3
-147.08
-144.05
-136.33
-142.4
-139.19
-149.51
-150.98
63.92
61.79
59.2
56.64
54.11
51.62
49.07
46.54
43.99
41.3
39.02
36.6
34.15
31.61
28.99
26.45
24.2
21.53
18.66
16.43
13.91
11.55
8.67
5.14
1.74
-2.05
-5.48
-9.45
-11.85
-14.46
-17.04
-19.31
-21.77
-24.42
-26.89
-29.46
-32.35
-34.63
-36.92
-39.39
-41.94
-44.49
-46.96
-49.54
-52.06
-55.08
-57.18
-59.79
-62.31
-64.9
-67.32
-69.87
-72.35
-74.93
-77.65
-79.89
-82.4
-84.96
-87.46
-90.04
-92.55
-95.06
-97.55
-99.54
-99.54
-99.53
-99.58
-99.54
-99.54
-99.55
-99.56
-98.87
-95.5
-93.07
-90.84
-88.25
-85.65
-83.13
-80.69
-78.21
-75.63
-72.9
-70.65
-68.13
-65.59
-63.08
-60.5
-57.98
-55.42
-52.87
-50.13
-47.9
-45.42
-42.87
-40.33
-37.8
-35.23
-32.78
-30.15
-27.46
-25.25
-22.69
-20.15
-17.63
-15.17
-12.58
-10.05
-6.5
-2.98
0.38
4
7.38
10.7
13.22
15.82
18.24
20.82
23.4
25.78
28.29
30.83
33.33
35.87
38.31
40.92
43.32
46
48.35
50.95
53.45
56.07
58.32
60.91
63.39
65.9
68.83
