140
58
83
137.65
146.83
148.15
145.22
143.8
140.87
129.32
143.04
123.93
129.04
117.03
131.59
119.01
124.97
120.34
106.24
124.03
127.53
123.18
127.91
117.12
128.09
134.91
119.77
127.24
115.13
115.89
127.53
114.19
130.93
111.92
112.2
124.03
115.42
130.55
124.97
115.04
136.7
129.7
137.37
131.22
131.22
139.35
139.54
148.34
127.62
139.73
137.27
150.33
136.89
146.54
143.33
147.2
143.7
148.15
138.6
169.82
161.02
183.44
146.64
132.73
148.43
148.72
811.71
901.86
902.72
0.52
1.65
-0.43
-0.17
0.95
-1.04
2.51
0.78
6.5
0.69
-0.09
0.26
-1.04
-123.5
-114.14
-139.28
-161.73
-130.18
-144.48
-143.61
-138.15
-138.93
-137.46
-134.69
-133.47
-134.69
-135.55
-138.15
-126.36
-134.43
-123.33
-143.53
-138.76
-139.45
-135.29
-130.78
-129.48
-118.48
-121.42
-118.04
-113.02
-124.28
-112.67
-117.7
-107.04
-116.83
-131.22
-116.05
-122.81
-114.84
-125.84
-131.22
-117.7
-124.89
-118.04
-126.1
-134.77
-121.77
-121.42
-116.48
-119.95
-136.16
-116.4
-136.94
-127.06
-124.72
-130.09
-126.97
-132.86
-138.76
-150.29
-144.74
-139.89
-138.15
63.81
61.37
58.81
56.21
53.64
51.13
48.6
46.22
43.67
41.17
38.56
36.08
33.64
31.15
28.6
26.02
23.61
21.05
18.53
15.99
13.46
10.88
7.89
4.28
0.79
-2.79
-6.22
-9.68
-12.29
-14.89
-17.44
-19.72
-22.27
-25
-27.35
-29.9
-32.39
-34.92
-37.52
-40.07
-42.57
-45.08
-47.58
-50.13
-52.51
-54.98
-57.45
-60
-62.54
-65.09
-67.58
-70.12
-72.63
-75.36
-77.78
-80.37
-82.75
-85.4
-87.85
-90.45
-93
-95.47
-97.98
-99.9
-100.17
-100.19
-100.19
-100.17
-100.18
-100.17
-100.17
-98.82
-95.6
-93.16
-90.57
-88.04
-85.54
-83.07
-80.49
-78.05
-75.43
-73
-70.46
-67.94
-65.39
-63.13
-60.53
-58.04
-55.4
-52.95
-50.41
-47.86
-45.36
-42.73
-40.27
-37.74
-35.14
-32.71
-30.08
-27.61
-25.09
-22.83
-20.18
-17.63
-15.1
-12.73
-10.16
-6.79
-3.11
0.33
3.86
7.24
10.7
13.24
15.82
18.25
20.77
23.24
25.89
28.35
30.92
33.43
35.93
38.38
40.9
43.43
45.93
48.39
50.97
53.48
56.13
58.51
61.14
63.69
66.12
68.64
71.31
73.82
76.29
78.76
