137
54
83
152.6
154.39
159.79
149.95
147.11
159.88
150.42
155.91
135.19
146.54
146.73
151.65
150.33
143.61
147.11
140.01
147.11
145.6
136.04
137.55
135.76
139.73
150.52
126.49
129.8
140.77
130.18
148.81
131.12
139.45
142.1
138.12
151.56
134.34
153.45
144.08
142.47
155.06
136.33
137.37
142.47
144.37
154.87
139.45
150.8
129.8
148.43
145.88
152.41
133.68
143.61
147.58
149.29
144.65
147.49
140.39
165.94
157.89
172.37
151.08
142
151.84
154.11
765.73
767.43
767.24
1.99
1.3
0
1.47
2.51
-0.17
0.43
1.04
1.3
1.47
2.95
1.73
2.08
-119.08
-125.24
-138.85
-150.03
-145
-135.55
-152.97
-136.42
-136.51
-140.75
-137.89
-144.22
-143.44
-139.89
-144.48
-132.86
-144.91
-135.47
-149.59
-145.61
-145.69
-152.45
-140.23
-139.54
-134.77
-100.71
-143.09
-131.91
-133.56
-125.76
-140.67
-127.84
-131.04
-137.29
-136.07
-138.93
-133.73
-126.62
-149.68
-132.78
-129.92
-124.02
-135.81
-150.29
-139.02
-140.58
-144.57
-134.43
-147.34
-139.45
-143.87
-139.28
-48.1
-142.57
-135.9
-145.87
-146.91
-152.71
64.6
61.96
59.28
56.98
54.48
51.81
49.4
46.95
44.37
41.21
39.14
36.92
34.21
31.82
29.44
26.74
24.05
21.67
19.26
16.75
14.21
11.24
9.06
5.35
2.03
-1.62
-4.93
-9.23
-11.56
-14.14
-16.67
-19.21
-21.63
-24.3
-27.45
-29.11
-31.74
-34.28
-37.15
-39.39
-41.84
-44.46
-46.89
-49.32
-52
-54.99
-56.98
-59.45
-62.24
-64.52
-67.06
-69.5
-72.36
-74.62
-77.22
-79.69
-82.05
-84.91
-87.2
-90.14
-92.08
-94.72
-97.31
-99.5
-99.53
-99.52
-99.52
-99.53
-99.49
-99.52
-99.5
-98.94
-96.24
-93.48
-90.91
-87.99
-86.02
-83.34
-80.88
-78.38
-75.85
-73.03
-70.73
-68.44
-65.49
-63.06
-60.66
-58.13
-55.69
-53.21
-50.6
-48.27
-44.97
-42.71
-40.4
-38.06
-35.45
-33.06
-30.55
-27.52
-25.45
-22.87
-20.54
-17.8
-15.36
-12.77
-10.44
-7.21
-3.41
0.22
4.1
6.91
10.37
13
15.51
17.91
20.57
23.44
25.64
28.02
31.09
33.05
35.63
38.07
41.03
43.05
45.71
48
50.54
53.46
55.77
58.58
60.91
63.27
65.89
68.39
70.77
