136
54
83
142.95
154.77
159.69
156.95
145.6
150.33
147.49
161.49
136.51
145.41
141.15
155.44
152.31
154.77
143.7
131.78
146.07
136.23
136.23
142.85
126.77
138.97
144.27
131.88
143.04
129.89
130.55
148.06
134.81
145.97
138.03
129.61
140.96
127.34
147.39
133.11
135.19
149.66
144.37
137.93
139.54
142.57
146.16
140.2
152.03
132.82
140.68
140.87
150.14
141.62
146.35
144.74
150.23
140.3
143.99
134.53
162.81
157.52
175.68
152.69
138.6
153.35
154.58
712.75
710.2
707.93
0.43
1.21
1.13
0.61
1.47
2.25
-1.21
1.91
5.46
0.52
-0.61
1.91
0.17
-129.74
-125.15
-138.41
-148.73
-141.45
-135.99
-154.27
-135.55
-139.02
-142.49
-140.67
-142.66
-142.66
-132.6
-145.17
-135.47
-143.01
-133.56
-149.94
-94.73
-149.16
-150.55
-141.27
-137.37
-136.07
-134.77
-143.96
-129.74
-135.9
-125.5
-134.6
-141.88
-131.56
-139.11
-130.61
-140.67
-137.81
-128.36
-150.2
-134.69
-132.08
-147.25
-132.69
-154.01
-138.07
-141.97
-148.9
-135.12
-149.94
-135.73
-140.41
-147.69
-136.51
-141.53
-135.29
-146.99
-144.13
59.22
56.96
54.33
51.73
49.12
46.47
44.12
41.63
39.27
36.58
34.11
31.53
29.34
26.58
23.66
21.54
19.24
16.16
14.01
11.4
8.64
5.13
1.47
-1.8
-5.76
-8.96
-11.6
-14.36
-16.8
-19.37
-21.66
-24.76
-27.1
-29.49
-32.01
-34.46
-36.86
-39.44
-42.5
-44.55
-47.04
-49.82
-52.12
-54.73
-57.13
-59.52
-62.26
-64.67
-67.28
-69.94
-72.46
-74.71
-77.31
-79.89
-82.35
-84.91
-87.9
-90.05
-92.35
-95.19
-97.43
-100.04
-102.48
-104.36
-104.37
-104.36
-104.36
-104.34
-104.34
-104.35
-104.37
-103.94
-100.95
-98.5
-95.88
-93.33
-90.96
-87.85
-85.97
-83.45
-80.73
-78.03
-75.85
-73.22
-70.88
-68.42
-65.38
-63.2
-60.33
-58.03
-55.56
-53.03
-50.47
-48.05
-45.47
-42.64
-40.44
-37.93
-35.38
-32.79
-30.44
-28.11
-25.36
-22.83
-20.52
-17.91
-14.73
-12.83
-10.33
-6.79
-3.21
0.3
3.7
7.41
10.5
13
15.53
18.39
20.64
23.2
25.59
28.1
30.96
33.15
36.02
37.99
40.65
43.23
45.8
48.14
50.83
53.72
55.92
58.13
60.84
63.65
