145
63
87
-1.23
-1.7
155.34
135.47
151.75
153.07
142
150.61
149.57
156.85
159.31
144.08
153.26
131.78
145.97
148.25
146.73
150.89
133.39
147.96
140.49
132.82
137.18
128.85
138.97
133.3
135.28
135.57
127.43
136.42
141.72
124.22
141.72
127.05
131.41
140.49
124.97
143.8
122.99
129.04
137.74
136.89
134.24
135.47
135.57
147.77
142.29
152.31
135.85
151.46
139.16
142.85
141.34
152.03
142.19
145.6
148.34
139.16
146.26
145.97
136.23
159.88
157.33
161.49
164.14
143.99
139.64
158.46
547.1
779.92
770.84
0.87
0.69
1.13
-0.52
6.85
0.61
-0.69
2.25
2.51
2.6
0.69
1.65
-128.7
-132
-120.56
-138.24
-166.49
-134.51
-145.61
-137.81
-137.55
-144.74
-137.29
-139.71
-145.78
-139.28
-154.01
-134.69
-135.21
-135.03
-137.98
-148.12
-152.89
-144.31
-140.75
-143.7
-141.01
-132.6
-135.81
-133.39
-141.27
-125.24
-130.96
-134.6
-129.22
-141.79
-134.34
-128.36
-134.77
-122.03
-137.46
-133.47
-131.91
-141.97
-129.48
-134.69
-136.85
-134.25
-138.33
-133.82
-137.46
-138.15
-133.56
-156.01
-144.05
-137.89
-135.55
-146.39
-156.61
-149.42
-151.41
-149.94
-142.66
-153.32
72.95
70.2
67.95
65.28
62.91
60.35
57.76
55.23
52.47
50.24
47.73
45.26
42.4
40.03
37.67
35.32
32.8
30.21
27.69
24.59
22.8
20.14
17.26
15.07
12.72
10.06
6.22
3.11
-0.18
-3.85
-7.28
-11.04
-13.31
-15.71
-18.16
-20.77
-23.42
-25.89
-28.35
-30.86
-33.28
-35.94
-38.46
-41.01
-43.72
-46.03
-48.47
-51.03
-53.75
-55.92
-58.64
-61.04
-63.62
-66.21
-68.59
-71.66
-73.82
-76.17
-78.97
-81.25
-83.89
-86.15
-89.23
-91.29
-93.84
-96.31
-98.82
-101.65
-103.84
-104.48
-104.47
-104.47
-104.48
-104.48
-104.47
-104.3
-101.56
-99.39
-97.06
-94.31
-91.67
-89.3
-87.02
-84.4
-81.72
-78.93
-76.95
-74.25
-71.78
-69.2
-66.77
-63.81
-61.58
-59.05
-56.38
-54
-51.59
-49.01
-46.17
-44
-41.49
-38.9
-36.37
-33.89
-31.44
-28.68
-26.26
-23.91
-21.29
-18.76
-16.43
-13.78
-10.68
-8.16
-4.64
-1.39
2.29
5.83
9.03
11.97
14.66
16.9
19.52
22.05
24.6
27
29.63
32.6
34.74
37.02
39.81
42.04
44.73
47.05
50.08
52.25
54.86
57.23
59.93
62.75
65.03
67.36
69.88
72.43
75.07
