140
58
83
141.15
151.93
157.52
156.67
162.34
148.15
143.99
156
135.38
148.53
136.51
155.72
147.11
149.19
141.81
130.36
140.39
135.38
134.62
137.08
122.99
136.51
140.3
129.23
134.72
123.36
129.51
140.01
131.22
149
130.65
130.55
139.64
135.76
141.81
137.84
129.7
146.64
136.51
154.21
139.83
140.39
147.68
143.23
151.08
133.39
144.56
148.72
155.25
149.48
146.64
140.11
150.33
151.65
147.68
142.29
167.26
160.64
179.94
150.7
136.89
149.48
156
643.78
669.71
670.37
1.73
0.52
-1.04
1.65
-1.39
1.91
3.12
0.52
1.39
1.73
3.38
1.82
-0.26
-126.8
-113.45
-138.76
-166.67
-142.49
-137.46
-151.33
-140.41
-135.47
-141.79
-140.32
-138.07
-147.86
-142.05
-142.49
-136.16
-141.36
-131.74
-155.83
-144.83
-149.42
-142.14
-140.32
-141.79
-132.26
-134.17
-137.72
-132
-139.37
-123.16
-139.19
-123.07
-131.39
-144.05
-128.27
-133.47
-126.19
-128.88
-144.57
-126.62
-130.96
-133.47
-136.68
-152.19
-136.42
-137.89
-138.24
-130.96
-150.98
-130.78
-144.31
-150.03
-136.16
-142.75
-135.64
-147.86
-146.73
-156.87
-153.67
-145
-140.67
63.73
61.29
58.81
56.22
53.24
51.12
48.7
46.18
43.59
40.99
38.44
36.2
33.64
30.72
28.55
26.11
23.54
20.89
18.49
16.02
13.43
10.8
7.81
4.3
0.83
-2.84
-6.17
-9.84
-12.63
-14.94
-17.27
-20.37
-22.43
-25.06
-27.29
-30.47
-32.46
-34.99
-37.41
-40.4
-42.92
-45.07
-47.5
-50
-52.71
-55.29
-57.86
-60.16
-62.72
-65.66
-67.94
-70.28
-72.84
-75.64
-77.91
-80.46
-82.83
-85.59
-87.81
-90.48
-93.04
-95.53
-97.82
-99.53
-99.6
-99.59
-99.6
-99.63
-99.62
-99.61
-99.61
-98.5
-95.79
-93.05
-90.62
-88.07
-85.34
-83.03
-80.59
-78.17
-75.42
-73.17
-70.04
-68.02
-65.35
-63.12
-60.36
-58
-55.31
-52.32
-50.18
-47.86
-45.21
-42.71
-40.34
-37.8
-34.69
-32.65
-30.23
-27.64
-24.72
-22.56
-20.12
-17.15
-15.06
-12.47
-10.06
-6.06
-2.88
0.72
4.02
7.5
11.16
13.07
15.73
18.25
20.86
23.19
26.35
28.34
30.98
33.34
35.8
38.4
40.99
43.72
45.83
48.47
50.85
53.36
56.34
58.65
60.97
63.46
66.12
68.73
71.47
73.55
76.3
79.17
