136
54
82
152.88
137.27
158.75
146.92
153.92
164.23
147.87
149.38
137.18
143.14
152.22
143.7
154.58
138.69
153.26
142.66
141.91
137.65
133.77
140.96
140.39
135.57
139.45
130.18
137.08
139.16
126.96
145.03
133.68
131.31
142.47
124.31
150.7
126.11
130.65
146.54
142.38
133.11
138.97
142
148.53
151.37
157.71
137.37
148.34
140.77
143.42
137.74
154.96
133.11
151.37
143.52
151.08
144.37
151.65
134.62
167.73
160.26
165.08
158.37
147.3
138.12
155.06
553.81
723.82
720.89
0.69
2.08
-0.17
2.69
2.08
3.47
1.91
3.47
0.52
-1.91
1.21
0.69
-158.09
-131.74
-119.17
-138.33
-169.96
-133.99
-148.55
-145.35
-137.81
-144.13
-139.54
-135.21
-139.63
-141.62
-151.93
-144.91
-132.95
-135.81
-137.2
-152.89
-152.02
-146.99
-137.98
-146.56
-143.7
-130.87
-132.34
-136.25
-139.37
-133.65
-128.01
-135.21
-133.82
-136.42
-146.3
-135.29
-131.39
-123.33
-136.94
-142.4
-129.48
-137.55
-126.36
-137.2
-148.81
-136.51
-140.23
-134.34
-139.28
-152.63
-131.74
-153.49
-143.27
-132.69
-141.62
-139.97
-147.08
-152.71
65.14
62.82
60.25
57.65
55.08
52.5
50.06
47.42
45.12
42.46
39.95
37.41
34.72
32.35
30.01
27.42
24.8
22.53
19.9
16.95
14.79
12.17
9.79
6.22
2.76
-0.69
-5.01
-7.76
-10.94
-13.5
-16.35
-18.5
-21.11
-23.53
-26.04
-28.88
-31.11
-33.49
-35.96
-38.75
-41.24
-43.95
-46.11
-48.75
-51.73
-53.84
-56.39
-58.77
-61.53
-64.02
-66.25
-68.89
-71.54
-74.38
-76.36
-79.55
-81.48
-83.88
-86.48
-89.1
-91.64
-94.09
-97.04
-98.96
-99.43
-99.46
-99.43
-99.44
-99.42
-99.44
-99.41
-97.51
-94.8
-91.87
-89.87
-87.23
-84.94
-82.21
-79.8
-77.26
-74.36
-72.2
-69.75
-67.2
-64.29
-62.35
-59.65
-57.07
-54.5
-52.03
-49.59
-46.54
-44.4
-41.97
-39.36
-36.65
-34.48
-31.93
-28.96
-26.83
-24.39
-21.88
-19.3
-16.68
-14.38
-11.7
-8.49
-4.76
-1.97
1.56
5.23
8.65
11.46
14.27
16.54
19.14
21.68
24.09
26.62
29.23
32.21
34.11
36.7
38.97
41.56
44.33
46.72
49.05
51.62
54.22
56.65
59.52
61.84
64.38
66.73
69.54
