136
54
82
151.27
150.99
150.7
149.76
147.68
157.99
142.95
147.96
132.92
139.83
146.45
145.03
149.48
134.81
145.03
137.74
137.74
136.42
127.24
137.74
132.54
133.2
139.73
123.55
134.05
134.81
121.76
144.74
122.61
129.99
132.26
119.39
143.89
121.47
129.7
140.11
139.26
136.33
132.16
135.1
146.35
151.37
153.73
139.35
153.16
136.61
145.88
135.76
159.69
133.68
143.04
147.02
148.06
143.04
144.18
136.14
169.06
161.11
173.69
153.54
150.89
143.52
156.29
562.61
941.31
921.26
-0.43
-0.17
1.73
0.61
1.65
0.09
2.69
1.47
-1.73
2.34
-0.52
1.65
-127.23
-131.04
-118.04
-140.84
-167.27
-134.95
-150.29
-142.23
-140.75
-150.2
-138.67
-139.8
-139.63
-136.85
-154.01
-139.63
-132.26
-134.51
-136.51
-153.32
-151.24
-147.51
-141.1
-145.78
-137.98
-132.6
-133.3
-128.7
-135.55
-137.11
-127.92
-131.91
-125.93
-136.51
-137.29
-130.35
-132.17
-118.22
-131.13
-132.52
-127.49
-138.85
-124.72
-130.96
-102.36
-134.6
-146.65
-133.73
-135.64
-143.27
-130.7
-152.28
-144.13
-134.34
-138.15
-146.91
-154.71
-150.11
64.63
62.08
59.81
57.29
54.63
52.12
49.55
47.1
44.53
42
39.45
36.96
34.49
31.99
29.5
26.91
24.44
21.86
19.28
17.03
14.53
11.99
9.27
5.71
2.16
-1.42
-4.84
-8.46
-11.47
-14
-16.46
-19.03
-21.42
-24.12
-26.46
-29.02
-31.58
-34.1
-36.64
-39.23
-41.72
-44.22
-46.77
-49.19
-51.79
-54.36
-56.79
-59.35
-61.92
-64.4
-66.92
-69.49
-71.92
-74.47
-76.99
-79.63
-82.06
-84.64
-87.06
-89.55
-92.08
-94.74
-97.17
-99.44
-100.08
-100.11
-100.08
-100.1
-100.12
-100.09
-99.97
-97.89
-95.02
-92.51
-89.86
-87.43
-84.86
-82.45
-79.98
-77.37
-75.01
-72.55
-69.99
-67.47
-64.96
-62.46
-59.93
-57.43
-54.84
-52.37
-49.83
-47.31
-44.78
-42.18
-39.58
-37.07
-34.65
-32.03
-29.46
-27.04
-24.48
-21.95
-19.39
-16.83
-14.35
-11.9
-9.17
-5.65
-2.06
1.55
5.01
8.38
11.41
13.83
16.46
18.98
21.44
23.95
26.55
29.01
31.58
34.1
36.56
39.1
41.66
43.9
46.41
49.02
51.56
54.08
56.72
59.21
61.74
64.29
66.8
69.34
