136
54
82
154.39
143.33
148.62
149.57
145.5
154.87
143.61
151.93
134.53
140.3
146.54
151.56
150.61
138.31
147.39
138.88
141.24
141.43
131.22
141.43
133.3
139.26
148.91
133.58
139.16
145.97
127.53
153.26
133.39
137.55
150.14
134.05
157.99
135.19
135.66
143.42
141.53
146.64
139.83
136.8
151.93
149.1
152.31
137.27
152.22
134.91
144.08
137.08
150.89
132.35
144.46
144.27
149
144.46
140.49
135.57
165.08
150.7
165.94
157.52
146.54
139.83
153.26
492.04
658.92
658.35
-1.04
-1.13
-1.73
0
54.69
-1.39
0.78
-0.09
-0.78
1.39
0.26
-0.95
-122.98
-127.14
-119.69
-147.69
-163.29
-135.12
-148.55
-140.32
-139.8
-144.83
-141.27
-137.98
-141.19
-137.89
-147.6
-144.31
-138.67
-139.63
-135.38
-152.71
-154.1
-149.59
-143.18
-150.37
-146.3
-138.5
-137.72
-138.15
-146.91
-147.43
-139.28
-140.84
-135.29
-144.65
-143.35
-140.67
-139.89
-129.74
-144.57
-143.79
-136.59
-144.74
-133.13
-137.89
-147.25
-141.45
-146.91
-138.41
-137.81
-143.01
-135.99
-155.57
-142.4
-136.33
-139.8
-147.86
-156.35
-153.23
64.84
62.59
59.81
57.37
54.5
52.23
49.75
47.15
44.66
42.36
39.7
36.92
34.72
32.36
29.74
26.92
24.68
22.35
19.63
17.17
14.14
12.14
9.2
5.72
2.59
-1.05
-4.65
-8.25
-11.17
-13.88
-16.15
-18.87
-21.16
-24.35
-26.33
-28.93
-31.23
-33.97
-36.63
-38.92
-41.32
-43.97
-46.5
-48.98
-51.86
-54.06
-56.56
-59
-61.46
-64.15
-66.65
-69.71
-71.59
-74.22
-76.81
-79.33
-81.77
-84.31
-87.13
-89.15
-91.89
-94.45
-96.92
-99.08
-99.5
-99.5
-99.48
-99.5
-99.49
-99.5
-99.45
-97.68
-94.71
-92.04
-89.1
-86.98
-84.25
-82.14
-79.59
-77.17
-74.3
-72.01
-69.56
-66.56
-64.6
-61.99
-59.42
-56.67
-54.41
-51.9
-49.52
-46.71
-43.99
-41.78
-38.99
-36.91
-34.16
-31.69
-29.01
-26.7
-24.14
-21.85
-19.13
-16.63
-14.06
-11.31
-8.58
-5.25
-1.57
2.07
5.18
8.77
12.26
14.26
16.84
19.15
22.04
24.28
26.86
29.23
31.9
34.36
36.9
39.9
41.97
44.34
46.88
49.48
51.73
54.39
57.38
59.61
61.92
64.6
67.18
69.68
