140
58
82
145.31
182.68
149.1
148.43
142.29
156.29
156.29
151.75
131.88
144.27
149.38
152.41
149.19
140.01
149.29
139.64
144.65
143.89
135.57
138.5
131.41
143.99
148.06
126.3
129.61
127.81
127.72
146.35
132.35
136.61
140.68
131.22
147.11
132.16
142.85
146.83
136.33
147.58
141.24
133.58
143.52
146.35
154.96
142.95
151.65
139.92
148.91
147.2
160.45
135.76
144.74
150.99
154.39
146.64
147.96
129.42
165.84
157.14
165.08
143.52
143.33
143.89
151.75
536.12
716.72
718.33
3.99
2.08
1.99
1.73
0.17
-0.09
2.34
-0.61
-0.43
2.34
0.17
1.99
-134.95
-131.04
-117
-139.8
-169.18
-139.97
-150.11
-144.57
-140.49
-146.91
-140.15
-140.23
-141.97
-139.45
-158.78
-144.57
-137.37
-135.55
-134.08
-150.37
-152.37
-146.91
-127.92
-144.74
-146.13
-135.47
-131.91
-139.11
-143.44
-144.91
-133.99
-137.89
-133.21
-138.59
-138.59
-135.03
-132.08
-123.76
-141.62
-137.89
-131.56
-146.47
-132.08
-138.07
-148.38
-138.67
-147.43
-137.29
-136.16
-153.49
-136.68
-150.03
-140.93
-135.47
-138.59
-147.95
-147.17
-151.41
-151.76
-146.65
-141.71
-143.7
64.16
62.14
59.36
57.01
54.28
51.86
49.5
46.85
44.32
41.77
39.47
36.45
34.42
31.8
29.37
26.57
24
21.71
18.83
16.78
14.16
11.56
8.43
5.26
1.81
-2.55
-5.14
-8.54
-11.51
-14.43
-16.57
-19.07
-21.63
-24.33
-27.14
-29.03
-32.07
-34.25
-36.82
-39.38
-41.93
-44.37
-46.85
-49.79
-52.06
-54.43
-56.9
-59.68
-62.04
-64.51
-67.01
-69.61
-71.98
-74.64
-77.21
-79.71
-82.1
-84.69
-87.24
-89.87
-92.14
-94.94
-97.3
-99.36
-99.71
-99.69
-99.7
-99.7
-99.69
-99.69
-99.64
-97.9
-94.62
-92.47
-90.08
-87.47
-84.85
-82.37
-79.95
-77.1
-74.98
-72.39
-69.78
-66.96
-64.87
-62.35
-59.69
-57.1
-54.53
-52.23
-49.59
-47.08
-44.62
-42.1
-39.33
-36.99
-34.56
-31.48
-29.48
-26.91
-24.64
-21.49
-19.51
-16.83
-14.55
-12.01
-8.81
-5.61
-2.2
1.47
4.98
8.48
11.88
14.03
16.34
19.27
21.46
24.05
26.44
29.37
31.54
34.16
36.52
39.16
41.77
44.12
46.98
49.02
51.64
54.13
56.86
59.07
61.69
64.77
66.7
69.35
71.9
74.66
76.84
79.45
