136
54
83
145.22
155.72
156.1
150.7
158.84
147.39
143.52
154.3
137.27
143.8
139.26
147.96
141.81
156.85
139.45
131.59
141.72
139.35
134.72
140.58
128.76
139.35
137.93
130.36
132.92
128.38
133.77
147.11
135.19
149.29
138.31
134.43
147.2
136.42
146.16
138.6
141.43
148.25
137.18
145.22
135
142
143.61
144.27
143.23
128.47
141.24
136.89
148.81
137.08
142.76
131.5
141.81
144.56
141.06
135.38
160.83
151.84
184.01
149.66
134.53
149.95
152.5
668.38
675.1
669.52
-1.04
1.99
-2.86
-0.78
0
4.42
2.69
0.78
-4.33
-0.35
0.43
-1.04
0.35
-129.14
-123.16
-137.2
-156.87
-139.45
-136.94
-150.55
-137.2
-137.2
-139.45
-139.45
-134.25
-73.84
-131.3
-144.31
-132.78
-148.03
-134.69
-151.41
-145.87
-149.85
-142.49
-141.71
-142.49
-139.11
-133.91
-139.89
-135.03
-138.24
-132.95
-143.79
-131.82
-131.65
-147.17
-133.47
-142.05
-135.47
-134.86
-147.08
-133.82
-139.8
-148.47
-141.19
-155.05
-138.85
-145.69
-140.84
-134.69
-158.87
-133.21
-142.66
-142.49
-138.33
-146.04
-140.32
-146.39
-149.07
64.17
61.66
58.86
56.6
53.38
51.46
48.79
46.38
43.77
41.23
38.85
35.41
33.19
30.35
28.4
25.54
23.8
21.07
18.71
15.73
13.64
11.15
8.1
4.54
1.34
-2.46
-6.46
-9.24
-12.12
-14.78
-17.18
-19.56
-22.25
-25.09
-27.3
-29.78
-32.06
-34.91
-37.33
-39.91
-42.31
-44.85
-47.44
-49.95
-52.9
-55.04
-57.4
-60.06
-62.59
-65.07
-67.66
-70.5
-72.43
-75.17
-77.51
-80.09
-82.76
-85.03
-87.94
-90.22
-92.78
-95.23
-97.77
-99.53
-99.53
-99.49
-99.53
-99.53
-99.52
-99.54
-99.56
-98.92
-95.9
-93.23
-90.75
-88.19
-85.24
-83.37
-80.74
-78.21
-75.58
-73.22
-70.56
-67.7
-65.54
-63.11
-60.68
-58.03
-55.39
-53.16
-50.09
-47.93
-45.54
-42.95
-40.05
-37.91
-35.3
-32.86
-30.18
-27.91
-25.26
-22.28
-20.38
-17.72
-15.08
-12.59
-10.18
-6.7
-2.53
0.43
4.03
7.22
10.94
13.14
15.45
18.13
20.66
23.03
25.71
28.82
30.61
33.32
35.83
38.32
40.72
43.26
46.02
48.31
50.92
53.28
56.3
58.48
60.8
63.48
65.97
68.36
