136
54
83
144.56
158.27
161.3
155.53
158.18
154.58
146.64
161.87
142
150.7
142.29
157.52
147.87
152.5
147.3
133.77
147.77
144.56
136.14
142.66
132.54
141.72
145.97
134.91
146.16
134.05
137.65
153.07
142
157.04
137.37
135.19
147.96
142.1
159.98
143.89
135.57
155.91
143.89
150.23
142
145.41
152.69
143.23
150.14
132.45
144.18
146.07
157.8
138.03
146.35
140.2
152.5
149
151.08
139.07
169.34
161.02
189.02
155.34
140.01
154.87
158.46
687.21
681.25
680.02
-0.69
-0.17
-0.35
-1.3
0.26
-1.13
-1.73
-0.87
-0.26
0.78
0.78
0.69
-0.61
-126.02
-123.59
-139.89
-155.83
-146.04
-140.58
-149.33
-140.32
-139.37
-142.31
-139.8
-140.58
-147.69
-135.99
-147.69
-134.95
-145.87
-138.24
-154.27
-150.37
-152.37
-152.89
-145.43
-148.9
-138.15
-140.32
-144.57
-135.38
-140.67
-131.91
-143.7
-139.19
-136.85
-144.31
-140.75
-143.53
-142.4
-131.91
-150.63
-141.01
-138.76
-150.89
-143.09
-153.84
-140.67
-145.52
-149.42
-139.97
-155.92
-138.67
-143.44
-145.09
-141.88
-145.43
-143.27
-152.71
-151.07
64.38
61.81
59.29
56.77
54.3
51.67
49.29
46.71
44.24
41.66
39.07
36.73
34.18
31.55
29.03
26.53
24.08
21.51
19.05
16.74
14.18
11.59
8.76
5.14
1.73
-1.91
-5.47
-8.94
-11.71
-14.31
-16.83
-19.37
-21.85
-24.45
-26.9
-29.42
-31.67
-34.18
-36.79
-39.26
-41.84
-44.33
-46.98
-49.43
-52.05
-54.57
-56.99
-59.52
-62.05
-64.64
-67.15
-69.65
-72.21
-74.73
-77.28
-79.72
-82.17
-84.76
-87.26
-89.85
-92.36
-94.79
-97.42
-98.79
-98.8
-98.79
-98.79
-98.79
-98.78
-98.79
-98.79
-98.28
-95.19
-92.62
-90.05
-87.54
-85.01
-82.56
-79.98
-77.58
-74.92
-72.48
-69.93
-67.41
-64.8
-62.33
-59.71
-57.32
-54.71
-52.25
-49.61
-47.19
-44.68
-42.17
-39.6
-37.37
-34.75
-32.32
-29.6
-27.19
-24.59
-22.14
-19.54
-17.04
-14.49
-11.99
-9.19
-5.75
-2.1
1.41
4.92
8.36
11.15
13.61
16.18
18.65
21.26
23.69
26.23
28.75
31.32
33.81
36.32
38.74
41.31
43.77
46.35
48.82
51.41
53.92
56.54
59.02
61.58
64.08
66.63
69.18
