140
58
83
115.42
126.49
126.77
123.36
123.18
119.86
111.92
124.31
110.78
116.65
109.55
126.96
116.93
120.72
117.5
101.42
117.21
115.99
112.86
113.24
103.97
112.86
117.21
107.57
115.8
103.21
103.5
118.82
107.94
121.47
106.81
101.98
122.51
105.96
115.13
105.86
97.82
121.38
109.17
119.58
107.09
112.11
114.47
114.76
122.04
101.7
113.71
116.84
126.3
115.42
116.93
111.92
121.47
118.54
125.63
111.54
141.15
134.62
164.33
126.68
112.86
122.61
125.63
547.85
536.79
536.41
0.43
1.99
2.25
0.69
1.47
3.73
0.26
2.51
0.43
1.47
1.13
2.43
1.04
-135.81
-120.12
-136.59
-158.26
-150.63
-137.55
-149.51
-135.03
-132.43
-139.11
-136.16
-134.08
-141.88
-131.82
-139.97
-128.96
-141.71
-128.96
-147.43
-142.31
-143.87
-142.75
-135.81
-137.46
-132.43
-131.65
-136.33
-129.48
-131.04
-123.07
-139.63
-133.82
-131.04
-140.23
-130.96
-131.74
-131.3
-133.21
-145.26
-131.48
-129.48
-136.68
-137.11
-150.98
-138.15
-138.93
-135.81
-129.92
-147.17
-127.84
-133.99
-138.76
-134.17
-134.51
-130.35
-138.67
-137.98
-142.4
-149.51
-141.97
-134.95
59.31
56.72
54.21
51.62
49.04
46.54
44
41.59
39.06
36.53
34.01
31.5
29.05
26.5
23.95
21.38
18.97
16.59
13.95
11.38
8.51
5.05
1.61
-1.96
-5.47
-9.03
-11.85
-14.43
-16.93
-19.51
-21.75
-24.33
-26.79
-29.62
-31.84
-34.51
-37.03
-39.53
-42.09
-44.61
-47.16
-49.63
-52.12
-54.7
-57.25
-59.77
-62.36
-64.89
-67.34
-69.89
-72.32
-74.86
-77.37
-79.97
-82.53
-84.95
-87.47
-89.96
-92.54
-95.1
-97.56
-100.04
-102.4
-103.9
-103.91
-103.93
-103.92
-103.93
-103.94
-103.94
-103.93
-103.41
-100.26
-97.91
-95.33
-92.69
-90.14
-87.74
-85.11
-82.83
-80.09
-77.64
-75.07
-72.55
-69.99
-67.57
-64.97
-62.49
-59.92
-57.37
-54.87
-52.41
-49.8
-47.36
-44.79
-42.34
-39.67
-37.29
-34.61
-32.11
-29.65
-27.24
-24.62
-22.12
-19.61
-17.04
-14.54
-12.25
-9.47
-5.95
-2.37
0.95
4.69
8.09
11.17
13.62
16.3
18.76
21.26
23.8
26.39
28.91
31.36
33.88
36.24
38.78
41.43
43.87
46.41
48.88
51.53
54.01
56.5
59.11
61.56
64.1
66.73
69.16
71.66
74.19
