140
58
83
137.46
152.6
149.38
152.31
146.45
146.64
140.2
149.38
133.49
142.19
136.61
154.49
141.24
145.69
140.68
128.47
144.18
138.12
133.39
140.77
128.76
142.57
147.11
129.99
132.35
129.14
131.12
147.77
134.05
152.88
136.14
133.49
142.66
132.82
145.22
139.64
134.43
147.49
139.35
143.04
139.83
141.15
142.57
152.22
144.74
130.36
141.62
136.51
150.33
132.54
148.81
139.64
147.2
143.99
143.14
139.26
166.03
157.8
180.32
147.3
138.88
147.3
149.66
774.24
774.05
772.07
-1.73
-1.13
-1.82
-0.17
-0.87
-2.25
-3.29
-0.43
-1.13
0.09
-0.26
-0.61
-5.11
-125.67
-117.61
-139.71
-160.69
-140.32
-143.09
-150.29
-140.23
-138.93
-137.11
-139.89
-135.81
-143.35
-139.8
-139.8
-133.13
-137.46
-134.08
-151.41
-144.57
-148.81
-138.5
-144.57
-138.5
-135.9
-135.03
-138.59
-132.86
-137.29
-126.62
-139.11
-127.84
-134.86
-147.86
-131.3
-133.91
-128.7
-126.19
-145.52
-125.58
-132.34
-133.56
-137.55
-152.8
-140.58
-138.5
-138.15
-132.95
-152.71
-129.74
-147.6
-136.07
-136.25
-136.77
-134.34
-140.93
-139.8
-149.51
-154.19
-142.4
-138.07
64.02
61.6
59.04
56.48
53.89
51.35
48.92
46.32
43.83
41.57
39.04
36.51
33.99
31.43
28.93
26.32
23.82
21.3
18.78
16.28
13.65
11.39
8.44
4.79
1.41
-2.07
-5.68
-9.18
-11.91
-14.57
-17
-19.56
-22.05
-24.62
-27.08
-29.64
-32.15
-34.7
-37.21
-39.78
-42.21
-44.82
-47.25
-49.88
-52.41
-54.98
-57.32
-59.94
-62.47
-65.02
-67.56
-70.05
-72.59
-75.14
-77.42
-79.96
-82.41
-85.07
-87.57
-90.2
-92.66
-95.18
-97.68
-99.56
-99.61
-99.61
-99.6
-99.63
-99.66
-99.63
-99.6
-98.88
-95.58
-93.09
-90.47
-87.98
-85.46
-83
-80.41
-77.92
-75.34
-72.83
-70.37
-67.79
-65.18
-62.83
-60.23
-57.71
-55.11
-52.73
-50.17
-47.57
-45.04
-42.56
-40.04
-37.6
-34.92
-32.55
-29.94
-27.44
-24.87
-22.67
-20.06
-17.47
-14.96
-12.45
-9.81
-6.33
-2.7
0.76
4.32
7.82
11.01
13.23
15.78
18.23
20.81
23.29
25.85
28.35
30.93
33.43
35.91
38.55
41
43.49
46.07
48.57
51.12
53.68
56.23
58.78
61.31
63.86
66.28
68.87
71.43
73.87
76.41
79
