140
58
83
145.31
149
149.76
143.33
143.52
145.41
143.33
147.49
126.77
137.65
141.34
153.07
143.7
140.49
138.6
134.15
140.87
143.99
133.11
136.51
130.18
138.12
142.76
130.84
128.57
138.88
126.49
146.35
127.43
138.12
138.41
137.08
143.8
126.96
132.54
132.35
135.66
144.65
157.8
131.88
132.64
137.65
149.76
140.39
161.3
126.2
140.11
136.14
149.29
131.22
140.49
140.11
142.85
143.61
144.46
136.7
165.56
150.8
168.68
144.27
138.22
144.74
147.87
650.6
748.04
746.43
1.39
-0.26
0
0.09
1.39
0.09
1.21
2.08
0.78
4.77
-2.08
1.39
0.61
-128.96
-115.53
-138.07
-168.4
-133.39
-146.82
-144.83
-137.46
-141.1
-138.85
-139.28
-139.63
-141.01
-144.05
-141.45
-127.75
-138.07
-132.34
-147.69
-146.13
-148.38
-138.93
-143.7
-141.62
-130.52
-132.34
-134.25
-132.08
-142.83
-128.36
-138.67
-127.92
-134.17
-146.99
-131.82
-131.82
-123.07
-133.04
-142.14
-125.41
-137.89
-130.44
-136.51
-147.43
-137.72
-140.75
-132.6
-136.68
-150.11
-125.5
-150.37
-136.42
-135.03
-135.29
-134.25
-140.67
-142.83
-154.1
-149.94
-142.4
-141.36
64.26
61.77
59.27
56.79
54.26
51.64
49.12
46.66
44.31
41.83
39.23
36.74
34.28
31.69
29.21
26.62
24.15
21.58
19.07
16.53
13.98
11.46
8.5
5.31
1.89
-1.64
-5.21
-8.75
-11.62
-14.16
-16.61
-19.24
-21.66
-24.29
-26.71
-29.37
-31.85
-34.44
-36.94
-39.5
-41.94
-44.56
-46.95
-49.66
-52.1
-54.65
-57.16
-59.74
-62.12
-64.79
-67.15
-69.72
-72.25
-74.86
-77.27
-79.88
-82.37
-84.93
-87.18
-89.77
-92.4
-94.9
-97.37
-99.45
-99.7
-99.73
-99.72
-99.73
-99.71
-99.73
-99.69
-98.37
-95.3
-92.78
-90.21
-87.7
-85.03
-82.65
-80.1
-77.57
-75.01
-72.58
-70.04
-67.48
-64.87
-62.44
-59.87
-57.35
-54.87
-52.4
-49.8
-47.29
-44.75
-42.21
-39.67
-37.27
-34.7
-32.21
-29.55
-27.13
-24.62
-22.18
-19.51
-16.96
-14.43
-11.95
-9.21
-5.67
-2.1
1.31
4.81
8.2
11.27
13.81
16.43
18.89
21.2
23.69
26.35
28.87
31.42
33.95
36.45
38.93
41.47
44.01
46.51
49.04
51.52
54.1
56.46
58.94
61.48
64.02
66.68
69.15
71.69
74.21
76.76
79.23
