140
58
82
150.23
152.69
144.37
148.91
149.1
155.44
145.22
150.61
135.1
141.43
147.77
150.04
152.88
141.43
148.53
140.77
140.39
142.29
130.46
138.69
138.6
136.99
143.89
131.59
135.76
138.6
126.77
150.8
135.1
139.54
144.27
130.36
150.7
137.55
137.46
145.31
142.47
145.5
136.04
137.84
145.5
148.25
154.11
141.24
153.64
138.22
144.56
139.26
157.04
133.68
148.43
142.57
148.06
144.84
144.56
131.5
161.68
158.56
169.25
156
153.54
141.91
154.02
511.62
740.85
740.47
-1.21
-0.78
0.61
1.21
-1.73
-0.35
2.34
-4.25
0.52
-1.04
-1.56
-2.34
-124.46
-129.48
-120.82
-139.54
-166.75
-135.73
-146.47
-144.13
-120.12
-145.61
-138.59
-135.81
-141.19
-136.42
-145.09
-140.58
-130.96
-138.93
-135.81
-154.79
-153.23
-146.13
-138.76
-146.13
-144.22
-135.64
-133.73
-138.24
-141.36
-143.27
-131.39
-136.07
-132.6
-139.19
-145.87
-129.05
-132.26
-125.58
-145
-144.05
-133.13
-138.5
-134.43
-139.37
-149.42
-141.27
-145.35
-139.02
-139.8
-134.34
-136.33
-151.93
-141.97
-132.78
-135.81
-139.54
-150.55
-149.25
-155.31
-152.19
-144.22
-144.65
64.7
61.69
59.51
57.01
54.58
52.02
49.22
46.87
44.14
42.06
39.39
36.89
34.41
31.98
29.36
27.06
24.56
21.85
19.3
16.39
14.44
11.76
8.89
5.18
1.96
-1.41
-5.1
-8.66
-11.44
-14.1
-16.94
-18.94
-21.62
-24.48
-26.62
-28.95
-31.56
-34.23
-36.68
-39.05
-41.6
-44.62
-47.06
-49.12
-51.83
-54.35
-56.84
-59.23
-62.19
-64.51
-66.97
-69.31
-72.05
-74.5
-77.03
-79.81
-81.91
-84.62
-87.1
-89.62
-92.27
-94.65
-97.31
-99.43
-99.82
-99.83
-99.82
-99.81
-99.82
-99.8
-99.8
-97.9
-95.26
-92.32
-90.01
-87.66
-85.05
-82.51
-79.8
-77.47
-74.45
-72.57
-69.9
-67.29
-64.8
-62.37
-59.81
-57.17
-54.64
-52.37
-49.75
-46.66
-44.85
-42.24
-39.63
-37.05
-34.45
-32.18
-29.48
-27.01
-24.7
-22.14
-19.14
-16.97
-14.56
-11.62
-9.27
-5.57
-2.17
1.27
4.74
8.4
11.22
13.77
16.66
18.9
22.01
23.83
26.45
28.76
31.35
33.94
36.52
39.19
41.51
43.91
46.47
49.52
51.64
53.98
56.62
59.2
61.59
64.19
66.77
69.3
71.65
74.26
77.04
79.44
