136
54
83
145.6
148.72
155.34
148.25
153.07
161.77
143.8
145.12
132.73
141.62
146.35
148.53
150.99
136.8
145.41
137.65
137.27
143.52
127.53
139.45
130.65
136.89
142.38
130.93
138.97
136.51
124.4
148.72
132.26
130.55
142.19
134.81
146.64
126.86
137.18
147.3
135.1
138.5
142.57
139.83
147.11
149.19
150.99
134.53
148.15
132.07
141.15
138.6
154.96
132.35
146.07
143.89
147.02
144.18
144.27
133.01
164.8
156
164.42
156.48
142.85
139.16
156.19
573.87
698.94
697.9
3.21
-0.95
5.2
8.58
-2.51
2.95
6.85
-0.69
2.69
2.69
0
0.95
0.35
-124.54
-114.23
-133.21
-167.19
-136.42
-143.7
-140.41
-137.72
-141.45
-140.41
-139.71
-140.49
-140.75
-154.19
-141.01
-133.99
-135.29
-135.12
-150.55
-147.34
-142.92
-144.22
-144.31
-142.66
-134.51
-135.64
-137.81
-132.78
-143.96
-129.66
-141.71
-131.56
-134.77
-144.31
-133.65
-135.55
-130.44
-135.9
-145.52
-129.74
-137.81
-134.77
-140.41
-155.49
-140.84
-141.97
-138.76
-138.33
-157.22
-133.73
-152.02
-140.58
-137.37
-146.65
-138.5
-146.82
-150.89
64.74
62.42
59.28
57.22
54.91
52.2
49.72
47.36
44.62
41.65
39.85
37.16
34.65
31.92
29.67
27.08
24.79
22.16
19.53
17.11
14.1
11.89
9.13
5.65
2.26
-1
-4.69
-8.89
-11.17
-13.78
-16.24
-19.27
-21.4
-23.73
-26.33
-28.82
-31.2
-33.93
-37.11
-38.8
-41.4
-44.09
-46.33
-49.09
-51.39
-54.5
-56.54
-58.94
-61.57
-64.67
-66.75
-69.17
-71.73
-74.26
-76.73
-79.39
-81.81
-84.34
-86.87
-89.2
-91.87
-94.52
-96.73
-99.29
-99.53
-99.53
-99.55
-99.55
-99.53
-99.54
-99.56
-98.14
-95.36
-92.81
-89.96
-87.86
-85.2
-82.8
-80.25
-77.66
-75.27
-72.5
-70.15
-67.63
-65.09
-62.36
-60.27
-57.62
-54.94
-52.56
-49.94
-47.55
-44.44
-42.38
-39.83
-37.4
-34.85
-32.42
-29.75
-26.81
-24.99
-22.32
-19.96
-16.92
-14.75
-12.19
-9.82
-6.09
-2.41
0.83
5.03
8.07
10.92
13.55
16.05
18.42
21.14
23.9
26.19
28.64
31.33
34.13
36.11
38.7
41.05
43.63
46.29
48.7
51.52
53.8
56.2
58.82
61.53
63.79
66.43
68.79
