136
54
83
153.16
141.81
145.41
149.29
156.67
164.61
146.26
142.57
133.87
141.53
148.43
143.42
152.98
138.69
150.42
144.84
140.01
139.26
128.38
138.6
135.47
129.99
137.18
129.23
134.81
141.34
126.11
150.33
129.8
132.82
144.93
127.34
146.83
125.54
134.15
142
142.1
141.34
136.89
140.87
146.64
146.26
153.92
139.26
148.72
139.07
138.78
138.03
149.29
138.03
146.07
147.11
149.57
138.6
141.06
137.65
168.77
164.9
164.33
157.52
148.06
140.2
158.08
523.83
652.3
649.55
0.61
0.69
1.99
-1.56
-0.52
2.6
3.03
0.95
0.43
-0.09
2.08
2.08
2.86
-130.18
-113.71
-143.01
-167.36
-135.21
-147.69
-139.63
-136.25
-143.79
-139.97
-142.49
-140.75
-136.68
-151.41
-140.75
-131.22
-138.5
-134.25
-150.03
-146.73
-147.86
-143.7
-145.69
-145.26
-134.43
-133.47
-137.98
-131.56
-142.92
-131.39
-140.84
-132.34
-135.12
-146.39
-130.44
-133.04
-128.36
-137.2
-141.01
-128.36
-139.02
-133.3
-137.55
-148.73
-138.5
-137.37
-137.55
-137.63
-154.1
-130.35
-149.07
-145.78
-138.24
-146.39
-137.11
-147.25
-147.6
65.12
62.5
59.55
57.28
54.91
52.54
49.9
47.31
44.82
41.88
39.73
37.27
34.77
32.1
29.8
27.43
24.73
22.19
19.68
17.14
14.36
12.15
9.7
5.9
2.5
-0.83
-4.59
-8.66
-11.17
-13.67
-16.22
-19.01
-21.17
-23.81
-26.15
-28.66
-31.11
-33.85
-36.51
-38.78
-41.33
-43.92
-46.41
-48.79
-51.44
-53.88
-56.43
-59.04
-61.48
-64.16
-66.41
-69.11
-71.6
-74.09
-76.78
-79.19
-82.04
-84.25
-86.72
-89.32
-91.6
-94.37
-96.7
-99.32
-99.6
-99.6
-99.63
-99.62
-99.6
-99.6
-99.61
-98.12
-95.23
-92.62
-89.65
-87.74
-85.05
-82.72
-80.16
-77.51
-75.05
-72.13
-70.08
-67.48
-64.99
-62.19
-60.1
-57.42
-54.87
-52.38
-49.77
-47.36
-44.43
-42.47
-39.79
-37.44
-34.28
-32.23
-29.74
-27.36
-24.71
-22.18
-19.61
-16.81
-14.76
-12.16
-9.61
-5.57
-2.17
1.15
4.72
8.04
11.18
13.73
16.34
18.59
21.29
23.75
26.42
28.95
31.3
33.7
36.28
38.85
41.24
44.3
46.46
48.88
51.46
53.78
56.49
59.15
61.36
64.09
66.58
69.07
