136
54
83
140.87
151.84
151.27
150.52
152.88
154.02
149.1
153.45
135.1
144.27
143.23
153.35
145.97
142.47
147.39
137.84
141.53
139.54
131.41
137.84
132.54
141.43
137.84
130.84
128
134.24
132.07
147.39
133.39
143.99
137.18
132.16
149.29
129.32
135.66
137.65
127.05
146.54
136.89
137.93
136.8
146.54
153.35
142.1
150.61
129.8
149.85
140.58
150.14
134.91
144.84
149.29
142.29
142.29
147.11
135.19
162.72
154.68
183.63
151.08
140.58
147.68
151.75
662.14
708.4
711.9
1.3
2.69
0
2.17
-0.52
3.29
-0.69
1.39
1.04
1.82
-0.35
1.91
3.55
-131.13
-116.48
-137.46
-157.31
-137.55
-137.03
-150.11
-135.12
-139.8
-143.53
-140.06
-138.59
-143.01
-136.94
-141.01
-121.6
-141.1
-135.12
-153.15
-147.17
-150.63
-143.09
-145.17
-143.44
-133.04
-132.52
-142.92
-130.52
-143.18
-129.14
-137.63
-127.66
-130.09
-148.73
-131.91
-133.82
-128.1
-128.96
-145.61
-129.31
-136.77
-134.17
-135.21
-152.89
-139.02
-137.46
-138.24
-134.51
-150.55
-129.48
-148.21
-146.04
-134.69
-141.62
-138.67
-145.87
-149.25
63.93
61.81
59.38
56.74
53.67
51.69
49.31
46.68
44.05
41.73
39.05
36.39
34.05
31.62
29.04
26.53
24.2
21.48
18.63
16.43
13.97
11.36
7.83
4.86
1.68
-2.07
-5.58
-9.01
-11.84
-14.75
-16.7
-19.39
-21.91
-24.62
-26.95
-29.54
-32.38
-34.36
-37.06
-39.39
-42.41
-44.56
-47.1
-49.49
-52.01
-54.73
-57.19
-60.16
-62.19
-64.81
-67.13
-69.64
-72.31
-74.93
-77.91
-79.95
-82.46
-84.79
-88
-89.97
-92.55
-94.92
-97.49
-99.5
-99.64
-99.65
-99.63
-99.66
-99.65
-99.63
-99.64
-98.8
-95.46
-93.14
-90.6
-88.07
-85.16
-82.93
-80.6
-78.11
-75.44
-73.09
-70.43
-67.62
-65.36
-62.98
-60.34
-57.81
-55.49
-52.87
-49.93
-47.74
-45.27
-42.68
-39.76
-37.6
-35.16
-32.69
-30.03
-27.61
-25.13
-22.15
-20.03
-17.48
-15.2
-12.71
-9.97
-6.42
-2.48
0.68
4.1
7.22
11.19
13.33
15.87
18.1
20.71
23.39
25.71
28.72
31.05
33.43
35.93
38.48
41.01
43.38
46.05
48.51
50.82
53.49
56.47
58.72
60.97
63.62
66.2
68.8
