104
39
64
143.8
157.61
159.6
152.31
155.25
147.58
145.12
160.17
139.54
142.38
138.6
153.73
146.92
144.84
142.95
124.97
144.46
139.54
136.99
139.54
127.43
138.6
144.65
131.59
138.69
128
130.36
148.06
135.47
147.39
139.92
130.18
145.41
136.23
144.08
138.5
131.78
150.8
137.74
145.03
136.33
139.45
145.12
140.39
149.19
124.22
227.81
131.69
163.38
-1.21
-0.69
-0.26
-0.69
-2.51
0.35
0.43
1.47
3.55
0.69
0.61
-135.64
-144.57
-135.21
-153.15
-147.43
-147.86
-149.33
-145.87
-140.75
-136.42
-138.24
-142.4
-137.89
-141.36
-131.91
-140.75
-143.79
-137.29
-144.31
-139.97
-138.15
-137.46
-134.17
-152.63
-138.85
-141.1
-143.87
-140.58
-157.65
-148.73
-146.47
-151.24
-137.89
-154.27
-141.79
-142.49
-148.21
-139.71
-143.7
-145.43
-148.03
-152.97
-142.75
-150.29
63.99
61.49
58.9
56.44
53.88
51.35
48.84
46.26
43.73
41.22
38.8
36.22
33.78
31.16
28.62
26.12
23.74
21.11
18.64
16.05
13.48
11.04
8.04
4.44
1
-2.67
-6.15
-9.3
-12
-14.62
-17.12
-19.68
-22.17
-24.82
-27.2
-29.77
-32.28
-34.82
-37.42
-39.9
-42.48
-45
-47.49
-49.82
-52.32
-54.88
-57.36
-59.73
-60.48
-60.53
-60.48
-60.29
-59.12
-57.56
-55.12
-52.81
-50.22
-47.66
-45.03
-42.6
-40.17
-37.52
-34.92
-32.5
-29.9
-27.5
-25
-22.52
-19.88
-17.42
-14.87
-12.41
-9.8
-6.28
-2.57
0.85
4.08
7.64
10.82
13.33
15.89
18.41
20.98
23.48
26.04
28.59
31.16
33.57
36.1
38.59
41.07
43.37
45.93
48.43
50.97
53.46
56.06
58.54
61.14
63.6
66.13
68.63
71.21
73.71
