140
58
83
142.57
155.15
151.46
154.3
144.84
147.58
144.84
157.23
132.16
141.91
140.96
156.29
146.07
148.15
144.46
135
145.88
145.6
138.69
143.99
125.92
141.91
149.48
131.41
133.2
134.62
134.15
148.06
138.41
148.62
138.41
135.1
147.3
133.3
145.6
138.5
134.34
146.73
133.01
143.99
139.16
141.72
145.88
142.47
152.41
128.47
142.85
137.84
150.14
133.49
143.52
143.89
142.1
143.04
145.88
140.11
166.88
154.87
176.82
150.7
140.39
147.77
155.06
653.81
746.52
735.83
-1.91
-1.56
-1.3
-0.61
-0.87
-2.34
-1.13
-0.52
-1.73
-2.77
0.26
0.43
0.35
-122.29
-115.44
-141.53
-169.96
-139.8
-148.99
-147.17
-137.98
-141.19
-139.89
-140.67
-139.11
-146.04
-138.5
-141.79
-135.03
-141.62
-133.47
-150.72
-146.47
-148.73
-141.27
-141.36
-146.47
-136.07
-134.77
-135.38
-136.51
-137.55
-127.84
-139.71
-131.04
-136.16
-147.69
-137.2
-135.47
-131.56
-137.98
-148.73
-126.36
-138.67
-137.46
-140.32
-153.67
-143.27
-142.66
-137.89
-137.72
-154.88
-132.6
-150.37
-141.62
-132.26
-139.89
-134.08
-143.01
-146.56
-148.29
-154.62
-147.6
-140.23
64.1
61.62
59.11
56.65
54.01
51.54
48.97
46.43
44.17
41.66
39.13
36.58
34.11
31.54
29.04
26.46
23.94
21.47
18.83
16.37
13.85
11.28
8.64
5.06
1.49
-1.97
-5.55
-9.13
-11.88
-14.44
-16.98
-19.52
-21.97
-24.52
-27.09
-29.58
-32.15
-34.62
-37.23
-39.76
-42.14
-44.82
-47.29
-49.81
-52.12
-54.64
-57.15
-59.75
-62.25
-64.8
-67.29
-69.85
-72.36
-74.92
-77.54
-80.09
-82.42
-84.94
-87.45
-90.02
-92.48
-95
-97.49
-99.32
-99.5
-99.5
-99.49
-99.51
-99.52
-99.51
-99.51
-98.49
-95.22
-92.72
-90.13
-87.7
-85.12
-82.72
-80.13
-77.72
-75.05
-72.6
-69.98
-67.58
-64.96
-62.57
-59.99
-57.49
-54.94
-52.4
-49.81
-47.6
-45.01
-42.41
-39.83
-37.46
-34.81
-32.34
-29.71
-27.22
-24.71
-22.24
-19.62
-17.1
-14.64
-12.29
-9.66
-6.23
-2.6
0.82
4.39
7.83
11
13.59
16.13
18.58
21.24
23.72
26.25
28.71
31.33
33.8
36.34
38.72
41.33
43.8
46.33
48.79
51.45
53.97
56.58
59.02
61.51
64.08
66.54
69.06
71.65
74.14
76.46
79.01
