136
54
83
146.26
153.07
149.85
149.48
143.04
154.3
146.07
153.07
131.41
141.53
137.74
153.26
148.06
143.14
142.76
137.55
138.6
139.83
130.46
136.42
130.27
140.11
146.45
133.39
131.59
138.12
128.09
147.58
134.05
138.31
138.03
134.24
151.37
129.8
134.53
138.78
135.76
145.97
138.5
142.1
136.89
141.06
152.41
137.65
150.42
126.86
139.92
136.14
151.84
132.82
141.72
141.91
145.31
144.08
142.57
132.92
165.94
154.3
164.04
145.79
138.03
145.22
154.02
541.52
559.49
560.25
-0.61
-0.78
-0.17
0.43
1.39
-1.39
0.61
-2.34
1.91
1.99
1.56
0.17
1.82
-126.02
-113.71
-133.04
-173.17
-136.42
-142.75
-139.37
-136.33
-139.63
-136.16
-135.73
-135.55
-134.43
-145.26
-140.15
-134.25
-137.46
-132.43
-150.98
-146.21
-149.85
-141.88
-145.09
-142.31
-135.29
-133.82
-136.85
-135.64
-127.58
-131.39
-142.49
-129.31
-142.31
-144.74
-134.77
-135.73
-129.66
-142.66
-145
-130.09
-140.93
-134.6
-141.36
-151.76
-138.67
-139.54
-135.21
-139.8
-157.74
-134.34
-148.73
-142.4
-137.03
-143.01
-139.45
-147.51
-148.73
64.26
61.75
59.33
56.62
54.17
51.61
49.15
46.66
44.06
41.59
38.68
36.46
34.31
31.47
29.07
26.68
24.14
21.39
18.9
16.5
13.88
11.34
8.6
4.9
1.2
-1.74
-5.61
-8.92
-12.31
-14.4
-16.97
-19.46
-21.88
-24.39
-26.93
-29.29
-31.8
-34.48
-36.83
-39.95
-42.11
-44.71
-46.99
-49.58
-52.23
-54.75
-57.42
-59.79
-62.12
-64.84
-67.39
-69.69
-72.32
-75.31
-77.48
-79.9
-82.44
-85.4
-87.3
-89.99
-92.59
-95.06
-97.6
-99.19
-99.3
-99.32
-99.32
-99.32
-99.31
-99.29
-99.3
-97.86
-95.12
-92.67
-90.04
-87.25
-85
-82.73
-80.07
-77.58
-75.07
-72.44
-69.56
-67.45
-64.86
-62.51
-59.89
-57.34
-54.91
-52.1
-49.76
-47.27
-44.65
-42.14
-39.87
-37.26
-34.62
-32.38
-29.67
-27.09
-23.97
-22.21
-19.58
-17.1
-14.58
-12.02
-9.3
-5.26
-2.23
1.14
4.75
8.85
11.28
13.72
16.23
18.85
21.34
23.88
26.24
28.86
31.45
33.89
36.66
38.98
41.35
43.92
46.44
48.93
51.46
54.37
56.59
59.04
61.58
64.19
66.6
69.18
