139
58
83
140.77
152.5
158.08
154.68
146.07
154.11
146.92
158.18
136.61
150.04
140.77
159.79
149.1
149.76
146.26
136.61
146.26
148.62
136.23
142.1
129.7
142.38
142.66
133.58
136.33
128.85
131.5
145.31
137.27
150.99
139.73
135.19
152.69
140.58
149.95
138.12
128.95
149.85
141.81
145.79
140.3
142.57
149.38
145.97
150.8
132.64
143.99
139.64
147.87
135.19
144.27
142.19
150.23
142.76
148.25
138.69
168.59
157.99
184.1
149.57
137.84
149.66
151.75
599.79
629.21
629.31
-1.13
-0.78
-0.69
-5.03
-1.99
-4.51
-1.3
-0.43
-3.47
0.43
-1.04
-2.34
-2.51
-129.66
-113.54
-143.27
-162.85
-143.87
-136.33
-145.52
-136.94
-142.57
-140.75
-138.5
-135.73
-141.36
-139.63
-141.79
-136.85
-141.1
-132.26
-150.03
-147.6
-148.47
-146.65
-143.35
-144.91
-138.67
-133.21
-137.2
-133.99
-137.29
-131.48
-138.24
-129.48
-138.93
-152.28
-134.77
-136.42
-129.14
-135.03
-149.25
-130.35
-140.15
-135.81
-140.67
-155.83
-139.28
-140.84
-140.41
-137.37
-152.28
-136.16
-146.21
-144.22
-136.07
-143.44
-133.56
-145.69
-147.34
-152.37
-157.39
-150.81
63.78
61.85
59.12
56.51
54.13
51.62
49.02
46.31
43.86
40.91
38.41
36.58
34.08
31.43
28.96
26.41
23.88
21.47
18.47
16.36
13.79
11.43
7.77
4.79
1.7
-2.13
-5.83
-9.77
-11.86
-14.58
-16.93
-19.39
-21.96
-25.01
-27.13
-29.54
-32.43
-34.69
-37.03
-39.65
-42.84
-44.72
-47.18
-49.8
-52.39
-55.03
-57.22
-59.92
-62.41
-64.87
-67.42
-70.12
-72.23
-74.94
-77.81
-80.05
-82.45
-85.05
-87.89
-90.11
-92.52
-95.12
-97.84
-99.26
-99.29
-99.29
-99.29
-99.31
-99.29
-99.29
-99.29
-98.53
-94.93
-92.76
-90.3
-87.77
-84.92
-82.91
-80.29
-77.76
-75.02
-72.68
-70.12
-67.53
-65.24
-62.57
-59.92
-57.21
-55.01
-52.51
-50.12
-47.39
-44.95
-42.37
-39.94
-37.39
-34.74
-32.56
-29.56
-26.95
-24.78
-22.51
-19.62
-17.2
-14.62
-11.65
-9.46
-6.06
-2.65
0.83
4.56
7.81
11.45
13.6
16.22
18.56
21.2
23.97
26.07
28.66
31.17
33.87
36.07
38.95
41.29
43.56
46.49
48.66
51.39
53.64
56.72
58.93
61.46
63.98
66.58
69.53
71.43
74.07
76.59
