141
59
84
149.66
134.15
155.34
153.45
155.15
160.45
148.25
139.83
150.33
138.03
147.77
141.53
149.66
139.73
148.91
143.61
130.08
140.96
146.16
135.28
141.15
126.01
135.57
140.87
135.47
149.38
125.92
138.97
146.26
137.46
152.69
128.66
132.45
127.91
137.27
156.85
140.01
124.69
150.14
146.83
155.81
140.96
142.85
147.3
146.07
143.23
133.2
138.12
141.62
156.1
147.39
146.16
135.76
147.39
150.04
152.31
149.57
165.56
160.54
187.22
150.99
137.46
152.98
156.1
674.15
668.85
669.61
0.17
1.3
0.78
0.69
73.58
4.59
0.52
2.6
1.65
-0.69
1.04
2.77
0.69
-113.97
-121.34
-133.56
-156.35
-140.75
-135.38
-150.11
-139.45
-134.69
-138.5
-135.55
-138.07
-141.45
-134.86
-141.19
-134.34
-140.67
-131.65
-150.46
-149.07
-146.82
-141.88
-142.92
-139.54
-138.07
-133.73
-142.31
-133.3
-132.86
-124.37
-138.41
-135.9
-131.74
-136.59
-133.04
-137.63
-133.56
-127.92
-143.79
-130.61
-133.13
-140.58
-135.81
-151.41
-138.07
-141.01
-142.23
-133.21
-147.43
-131.74
-138.85
-138.59
-135.47
-138.76
-135.12
-145.87
-147.08
-148.03
-151.33
-142.14
-136.85
66.12
63.28
61.34
58.64
56.01
53.47
50.97
48.63
45.79
43.43
41.12
38.31
35.88
33.49
30.92
28.11
26.05
23.36
20.86
18.37
16
13.29
10.67
7.48
4.23
0.73
-3.36
-6.58
-9.71
-12.53
-14.88
-17.48
-20.02
-23.27
-24.92
-27.51
-30.11
-32.66
-35.36
-37.63
-40.56
-42.77
-45.08
-47.73
-50.24
-52.9
-55.25
-58.16
-60.31
-62.89
-65.44
-68.48
-70.24
-72.94
-75.43
-78.09
-80.91
-83.1
-86.15
-87.91
-90.65
-92.91
-95.4
-98.08
-99.39
-99.42
-99.39
-99.43
-99.4
-99.39
-99.4
-99.4
-99.02
-96
-92.93
-90.75
-87.77
-85.81
-83.19
-80.73
-78.25
-75.69
-73.23
-70.13
-68.22
-65.47
-63.23
-60.11
-58.15
-55.4
-53.21
-50.09
-47.87
-45.4
-42.9
-40.29
-37.93
-35.23
-32.48
-30.19
-27.91
-25.05
-22.82
-20.21
-17.91
-15.28
-12.77
-10.12
-6.92
-2.69
0.7
3.99
7.19
10.6
13.14
15.44
18.12
20.61
23.22
25.78
28.37
30.7
33.33
35.62
38.29
40.72
43.22
45.93
48.14
50.81
53.36
55.96
58.35
60.94
64.02
66.02
68.49
71.28
73.44
76.1
78.43
