137
55
84
153.26
139.64
152.31
155.72
165.75
169.72
150.89
132.64
150.8
140.96
151.27
142.66
151.75
140.96
156.85
146.16
143.42
138.69
135.85
143.52
144.93
133.2
133.87
133.01
140.11
151.84
125.26
149.57
139.64
138.5
151.56
122.61
143.14
130.65
137.93
150.33
138.12
127.15
142.57
144.27
155.06
141.53
147.77
142.29
147.77
138.69
136.33
137.93
150.33
147.3
148.91
146.16
141.62
144.74
146.35
140.77
151.46
159.03
157.23
178.33
144.65
135.1
149.85
153.64
680.4
679.92
678.88
0.95
-0.52
0.61
-0.09
-0.52
0.09
1.39
1.99
1.39
2.43
0.17
-2.25
-1.04
-127.49
-129.05
-129.74
-151.93
-158.26
-133.47
-154.71
-137.46
-140.67
-140.06
-136.85
-139.02
-139.89
-137.03
-141.97
-137.72
-143.27
-135.99
-150.29
-145.09
-148.9
-153.15
-142.92
-146.13
-136.16
-134.51
-145.26
-137.11
-138.41
-127.75
-137.63
-141.79
-132.17
-139.63
-136.33
-140.06
-136.85
-129.4
-149.59
-137.89
-133.39
-149.51
-128.53
-144.13
-141.53
-140.49
-150.2
-132.52
-143.01
-135.55
-135.29
-154.36
-137.89
-138.33
-138.67
-148.64
-155.83
65.35
63.32
60.74
58.2
55.58
53.11
50.52
47.97
45.76
43.25
40.72
38.19
35.76
33.18
30.59
28.1
25.48
23.05
20.32
17.99
15.48
12.91
10.41
6.98
3.57
0.13
-3.53
-7.46
-10.38
-12.94
-15.37
-18.1
-20.53
-23.07
-25.56
-27.76
-30.31
-32.86
-35.3
-37.99
-40.51
-43.03
-45.53
-48.1
-50.61
-53.26
-55.68
-58.22
-60.74
-63.31
-65.72
-68.38
-70.8
-73.36
-76.11
-78.46
-80.93
-83.5
-86.04
-88.48
-90.81
-93.35
-95.79
-98.37
-99.21
-99.23
-99.22
-99.19
-99.21
-99.22
-99.23
-99.22
-98.91
-96.19
-93.54
-91.01
-88.52
-86.04
-83.48
-80.98
-78.68
-75.71
-73.47
-70.98
-68.45
-65.99
-63.43
-60.95
-58.42
-55.83
-53.03
-50.83
-48.37
-45.76
-43.31
-40.69
-38.24
-35.67
-33.23
-30.2
-28.15
-25.59
-23.24
-20.56
-18.04
-15.55
-13.02
-10.45
-6.74
-3.66
-0.05
3.5
6.84
10.29
12.83
15.39
17.75
20.8
22.9
25.17
27.68
30.19
32.73
35.28
37.67
40.24
42.69
45.27
47.73
50.43
52.92
55.51
58.06
60.62
63.11
65.85
68.06
