136
54
83
153.35
152.69
155.72
150.14
146.92
161.96
148.06
156.95
136.51
145.79
150.33
155.44
156
141.81
144.93
141.53
141.81
147.58
134.34
140.58
131.12
139.35
151.84
129.04
132.92
138.12
131.31
151.18
131.88
139.35
144.65
130.65
149.57
131.78
135.19
138.78
144.65
148.62
142.85
134.05
150.42
144.74
156
140.2
151.65
132.64
146.26
140.68
157.42
134.72
144.65
146.35
151.18
145.31
146.92
133.96
167.64
157.33
166.31
149.48
144.18
145.79
155.81
591.56
670.56
668.48
3.9
2.08
-0.26
-0.43
0.43
0.43
1.65
-0.35
1.21
-2.51
-3.12
0.61
-1.3
-122.03
-116.4
-138.59
-156.01
-141.36
-132.78
-146.13
-135.73
-137.89
-137.89
-139.63
-136.07
-138.93
-139.28
-141.71
-134.34
-135.29
-134.51
-151.93
-143.27
-143.27
-140.49
-141.88
-141.1
-134.86
-137.46
-135.9
-142.31
-135.64
-128.7
-143.96
-127.58
-135.64
-145.52
-133.65
-137.55
-126.97
-132.08
-145.61
-128.01
-137.29
-141.01
-139.71
-151.67
-140.49
-142.66
-140.58
-138.24
-154.79
-135.47
-147.86
-142.05
-138.15
-142.83
-141.71
-146.65
-147.77
58.2
55.7
53.16
50.77
48.15
45.83
43.3
40.65
38.04
35.27
33.2
30.55
28.11
25.48
22.79
20.52
18.22
15.45
12.98
10.5
6.6
3.93
0.2
-3.98
-6.7
-10.23
-12.76
-15.56
-17.88
-20.19
-22.78
-25.8
-28.28
-30.57
-32.92
-35.4
-37.97
-40.44
-43.39
-45.59
-47.83
-50.72
-52.93
-55.63
-58.22
-60.89
-63.06
-65.72
-68.04
-70.88
-73.56
-75.86
-78.15
-80.74
-83.38
-86
-88.6
-90.92
-93.46
-96.33
-98.51
-100.85
-103.35
-105.55
-105.73
-105.76
-105.74
-105.74
-105.75
-105.74
-105.75
-104.94
-101.83
-99.22
-96.29
-94.25
-91.74
-88.69
-86.7
-84.18
-81.66
-79.05
-76.54
-74.25
-71.61
-69.07
-66.22
-63.97
-60.82
-58.9
-56.47
-53.9
-51.32
-48.74
-46.36
-43.3
-41.36
-38.84
-36.38
-33.8
-31.27
-28.72
-26.22
-23.74
-20.97
-18.53
-15.47
-13.79
-10.97
-7.76
-4.38
-0.95
2.49
6.42
9.6
12.29
14.67
17.7
19.87
22.24
24.83
27.27
30.18
32.08
35.3
37.32
39.9
42.14
45.03
47.29
49.99
52.79
55.03
57.5
60.04
62.8
