136
54
83
145.12
158.65
158.37
152.5
156.67
149.29
143.14
156.1
142
147.77
138.97
154.02
141.62
147.39
142.29
129.7
142.66
142.29
135.57
140.11
124.22
138.03
139.73
138.88
147.68
126.39
134.62
147.11
139.54
152.69
132.07
135.1
145.97
142.1
154.02
139.26
129.61
154.02
144.56
153.07
141.24
144.46
146.45
146.73
152.12
129.42
142.57
146.07
158.65
143.8
149.76
145.88
150.89
149.19
149.29
140.77
168.11
161.49
181.83
151.56
136.23
155.15
153.07
664.97
664.88
666.58
-2.17
-1.21
-0.78
-0.17
-0.09
1.56
3.47
3.29
-0.43
0.35
1.65
-0.09
2.77
-128.44
-130
-131.74
-152.02
-148.03
-135.29
-153.75
-138.76
-138.85
-142.23
-138.76
-143.27
-145.61
-138.33
-143.35
-135.99
-143.61
-132.78
-155.4
-147.77
-149.77
-155.23
-144.39
-140.06
-137.98
-138.93
-145.52
-139.45
-139.97
-131.48
-96.55
-141.97
-136.33
-142.66
-138.24
-138.5
-135.55
-130.52
-148.47
-139.28
-139.89
-149.51
-137.11
-152.11
-142.83
-144.48
-149.42
-136.94
-152.37
-136.42
-143.53
-142.49
-138.59
-143.96
-140.84
-149.51
-154.19
64.45
61.89
59.4
56.79
54.3
51.76
49.23
46.78
44.25
41.66
39.2
36.68
34.28
31.7
29.13
26.68
24.15
21.64
19.12
16.63
14.05
11.47
8.51
5.04
1.57
-1.57
-5.11
-8.68
-11.55
-14.16
-16.71
-19.22
-21.77
-24.3
-26.8
-29.3
-31.87
-34.35
-36.98
-39.43
-41.77
-44.27
-46.76
-49.31
-51.86
-54.37
-56.86
-59.56
-62.13
-64.53
-67.06
-69.61
-72.03
-74.62
-77.24
-79.72
-82.27
-84.78
-87.28
-89.81
-92.31
-94.76
-97.34
-98.79
-98.81
-98.82
-98.78
-98.81
-98.82
-98.79
-98.81
-98.38
-95.36
-92.69
-90.22
-87.7
-85.18
-82.74
-80.18
-78.05
-75.37
-72.85
-70.2
-67.73
-65.16
-62.61
-60.03
-57.53
-54.96
-52.47
-49.96
-47.42
-45.12
-42.63
-40.06
-37.62
-35
-32.59
-29.95
-27.49
-24.95
-22.49
-19.95
-17.42
-14.76
-12.19
-9.49
-6.18
-2.41
0.99
4.46
7.95
11.05
13.53
16.1
18.59
21.25
23.71
26.22
28.66
31.29
33.81
36.28
38.72
41.32
43.67
46.38
48.81
51.39
53.91
56.53
58.91
61.48
63.96
66.52
68.8
