140
58
83
149.57
156.1
155.62
151.46
142.38
159.79
147.3
154.68
133.01
145.88
145.97
161.58
148.62
148.06
144.37
133.11
148.43
148.62
139.16
142.19
133.11
142.47
148.15
133.3
135.47
141.15
136.7
153.07
140.58
140.77
139.16
140.58
151.18
136.23
142.38
140.49
141.91
147.3
143.04
133.96
137.55
147.3
147.2
140.58
149.95
134.15
142.76
140.87
152.6
130.08
144.93
142.19
145.69
145.12
148.72
138.69
165.94
155.06
172.37
146.92
140.01
153.35
156.38
680.3
753.05
755.42
0.78
0.78
-0.26
-0.09
-0.69
0.69
0.43
1.3
41.34
1.65
1.99
0.17
2.08
-124.98
-112.5
-136.94
-166.15
-133.13
-146.73
-145.52
-136.07
-145.95
-139.11
-137.55
-139.19
-137.46
-144.91
-141.45
-133.47
-138.07
-132
-148.99
-148.81
-146.3
-142.31
-144.05
-142.92
-132
-133.56
-137.11
-132.08
-142.31
-128.62
-140.41
-130.52
-134.77
-147.08
-136.07
-133.21
-128.7
-136.85
-146.82
-128.36
-137.37
-132.26
-137.81
-151.67
-137.81
-141.01
-140.75
-136.16
-149.33
-132.95
-147.43
-141.62
-135.64
-138.93
-137.11
-145.43
-149.16
-157.57
-156.61
-141.62
-142.31
64.47
61.75
59.31
56.79
54.35
51.82
48.95
46.7
44.36
41.88
39.28
36.68
34.14
31.71
29.27
26.29
24.14
21.78
19.17
16.24
14
11.44
8.78
5.11
1.46
-1.56
-5.24
-8.82
-11.73
-14.1
-17
-19.32
-21.86
-24.27
-26.83
-29.29
-31.84
-34.58
-36.96
-39.37
-41.87
-44.46
-47.19
-49.36
-52.31
-54.54
-57.07
-59.46
-62.23
-64.64
-67.16
-69.61
-72.29
-74.73
-77.26
-80.2
-82.28
-84.76
-87.23
-89.89
-92.18
-94.82
-97.77
-99.34
-99.54
-99.55
-99.54
-99.52
-99.53
-99.52
-99.53
-98.24
-95.32
-92.34
-90.12
-87.59
-85.18
-82.42
-80.05
-77.51
-75.14
-72.39
-69.92
-67.46
-64.78
-62.61
-59.91
-56.84
-54.76
-52.27
-49.82
-47.02
-44.71
-42.27
-39.68
-37.17
-34.16
-32.11
-29.56
-27.13
-24.59
-22.08
-19.3
-17.08
-14.54
-12.14
-9.51
-5.76
-2.17
1.16
4.72
8.25
11.12
14.07
16.6
18.83
21.23
23.66
26.39
28.93
31.71
33.78
36.41
39.29
41.52
43.8
46.43
49.27
51.5
54.01
56.56
59.35
61.98
64.16
66.59
69.24
71.82
74.09
77.16
79.34
