136
54
83
138.31
156.85
157.04
150.52
144.08
149.29
136.42
154.21
135.47
143.42
134.15
152.03
147.77
141.24
136.61
125.73
140.01
137.37
133.3
136.33
127.62
139.16
140.39
126.68
143.23
127.15
130.65
140.96
129.14
146.16
134.91
128.19
140.11
131.78
149.76
136.7
137.84
150.52
136.33
145.79
136.51
144.18
146.73
142.57
147.58
127.15
138.78
140.2
153.26
139.92
145.6
144.46
145.97
149.19
148.06
138.12
165.18
159.31
179.56
152.03
138.31
151.75
155.06
703.1
688.25
685.22
1.47
2.51
2.95
2.51
0.17
0.52
3.47
3.47
3.73
3.47
3.12
2.08
3.81
-124.89
-114.66
-135.81
-163.29
-137.03
-135.21
-146.13
-137.03
-135.99
-136.77
-135.64
-137.03
-142.57
-132.26
-139.02
-134.86
-138.33
-132
-150.11
-142.23
-145.26
-139.89
-139.63
-142.05
-133.91
-129.74
-136.25
-126.02
-137.55
-122.12
-135.99
-123.68
-130.44
-139.71
-127.84
-128.01
-124.63
-126.19
-145.52
-124.63
-132.43
-131.82
-135.55
-146.04
-135.64
-136.25
-132.95
-130.18
-149.85
-129.14
-146.99
-135.55
-138.85
-138.76
-134.51
-141.88
-145.17
57.49
55.51
52.84
50.47
47.91
45.49
42.44
40.05
37.89
35.17
32.48
30.19
27.72
25.29
22.43
20.11
17.79
14.78
12.56
10.06
6.59
3.08
-0.37
-3.8
-7.69
-10.77
-13.12
-15.67
-18.12
-20.8
-23.17
-25.84
-28.86
-30.69
-33.41
-35.98
-38.15
-40.82
-43.35
-45.83
-48.51
-50.9
-53.8
-56
-58.54
-61.07
-63.85
-65.89
-68.68
-71.08
-73.92
-76.15
-78.58
-81.61
-83.82
-86.11
-88.77
-91.52
-93.7
-96.38
-99.12
-101.29
-103.89
-105.55
-105.55
-105.57
-105.57
-105.56
-105.56
-105.56
-105.56
-104.24
-101.27
-99.05
-96.44
-93.55
-91.39
-89
-86.59
-83.61
-81.4
-79.09
-76.02
-73.93
-71.22
-68.87
-65.82
-63.74
-61.14
-58.41
-55.83
-53.7
-51.25
-48.68
-46.15
-43.8
-40.96
-38.36
-36.11
-33.47
-30.57
-28.5
-25.94
-23.61
-20.5
-18.52
-15.86
-13.21
-10.71
-7.59
-4.03
-0.58
3.01
6.45
10.35
12.72
15.03
17.4
20.29
22.49
25.07
27.52
30.28
32.52
35.01
38.18
40.07
42.51
45.22
47.96
50.22
52.51
55.29
57.96
60.09
62.82
