140
58
83
114.19
125.92
120.05
125.45
127.81
120.62
111.63
123.36
107.94
119.86
109.74
124.12
112.01
121.76
151.75
105.29
116.55
113.9
112.86
114.85
99.24
118.63
117.5
106.71
119.67
101.89
107
117.69
113.05
126.49
104.54
105.11
117.5
110.97
126.58
108.04
101.7
122.89
113.05
115.23
112.11
111.54
115.7
115.89
116.27
99.43
114.66
112.58
122.89
122.99
116.65
108.04
122.7
118.82
124.31
115.51
140.87
133.39
162.25
123.93
110.5
126.01
127.91
502.73
501.5
500.27
1.82
0.52
0.95
0.17
0.52
-1.04
1.04
1.56
0.52
1.99
1.04
2.43
0.52
-125.5
-127.32
-131.56
-150.63
-156.35
-132.69
-150.81
-134.17
-137.2
-138.93
-133.39
-135.12
-139.71
-132.78
-143.79
-131.04
-141.1
-129.31
-145.78
-140.15
-138.85
-148.38
-139.63
-139.97
-136.16
-136.68
-143.09
-133.3
-133.21
-124.98
-140.58
-141.19
-132.69
-139.8
-137.89
-138.59
-132.86
-126.54
-141.62
-134.95
-138.5
-144.74
-137.11
-145.26
-140.15
-144.83
-147.51
-130.18
-142.31
-133.99
-134.77
-148.03
-132.43
-134.95
-132.69
-143.79
-145.35
-147.08
-149.85
-141.88
-136.42
59.09
56.64
53.97
51.42
48.95
46.38
43.94
41.43
38.84
36.4
33.83
31.4
28.9
26.35
23.84
21.22
18.85
16.21
13.72
11.24
8.13
4.65
1.58
-1.97
-5.57
-9.21
-11.95
-14.53
-17.02
-19.58
-22.08
-24.66
-27.15
-29.71
-32.11
-34.47
-36.99
-39.5
-42.04
-44.56
-47.12
-49.62
-52.11
-54.66
-57.24
-59.79
-62.34
-64.86
-67.31
-69.87
-72.49
-74.94
-77.47
-79.91
-82.57
-85.02
-87.57
-90.01
-92.55
-95.16
-97.61
-100.07
-102.67
-103.8
-103.84
-103.81
-103.84
-103.83
-103.83
-103.81
-103.83
-103.59
-100.68
-97.97
-95.47
-92.96
-90.48
-87.96
-85.43
-83.11
-80.39
-77.83
-75.58
-72.98
-70.39
-67.93
-65.35
-62.91
-60.3
-57.76
-55.28
-52.71
-50.1
-47.63
-45.04
-42.61
-40.24
-37.83
-35.19
-32.74
-30.21
-27.74
-25.15
-22.54
-19.99
-17.54
-14.97
-12.52
-9.77
-6.22
-2.81
0.74
4.29
7.59
10.94
13.37
16.03
18.48
20.94
23.44
26.06
28.57
31.14
33.58
35.83
38.29
40.91
43.45
46.02
48.5
51.12
53.64
56.21
58.73
61.06
63.55
66.16
68.63
71.21
73.71
