136
54
83
147.2
160.83
159.79
154.49
151.37
148.81
145.12
160.35
138.97
149.48
139.54
160.73
150.14
150.23
143.33
129.99
145.12
142.57
137.84
140.96
127.72
138.97
143.14
134.24
141.62
133.68
135.66
152.98
135.76
148.15
141.53
131.03
149.85
133.11
149
137.46
137.08
146.54
144.08
145.5
140.3
144.56
146.35
143.99
154.96
131.22
145.12
139.35
156
139.92
148.43
144.18
144.93
144.18
146.92
136.7
163.95
158.08
182.4
149.19
137.84
152.41
154.87
687.02
702.44
702.82
2.08
-1.04
-1.3
1.39
-0.61
-0.17
1.91
1.65
1.99
-2.25
-2.51
0.43
0.52
-124.28
-120.64
-138.07
-153.32
-144.57
-138.33
-152.11
-136.94
-139.19
-147.17
-140.32
-142.31
-145.52
-133.82
-144.57
-133.82
-144.65
-134.86
-154.01
-147.25
-148.99
-148.12
-147.34
-144.57
-138.15
-140.23
-146.13
-139.28
-138.59
-131.22
-146.91
-142.23
-137.2
-146.13
-136.07
-136.85
-131.39
-133.3
-147.34
-133.3
-137.72
-141.19
-144.05
-156.96
-139.28
-150.11
-142.75
-136.85
-154.62
-135.29
-146.21
-142.92
-138.5
-143.35
-139.37
-150.81
-152.37
64.75
62.29
59.69
57.1
54.56
52.06
49.49
47.09
44.51
41.96
39.45
36.98
34.57
32
29.47
26.92
24.48
21.87
19.27
16.82
14.23
11.75
8.91
5.39
2.08
-1.57
-5.07
-8.26
-11.26
-13.84
-16.42
-18.96
-21.48
-24.01
-26.52
-29.01
-31.6
-34.08
-36.68
-39.17
-41.8
-44
-46.56
-49.07
-51.62
-54.16
-56.61
-59.17
-61.69
-64.22
-66.76
-69.25
-71.76
-74.28
-76.83
-79.52
-81.95
-84.45
-87.01
-89.6
-92.1
-94.59
-97.06
-98.77
-98.82
-98.82
-98.8
-98.82
-98.81
-98.83
-98.82
-98.18
-95.13
-92.52
-90.07
-87.46
-84.99
-82.47
-79.88
-77.56
-74.83
-72.45
-69.92
-67.32
-64.75
-62.3
-59.99
-57.49
-54.8
-52.32
-49.76
-47.29
-44.68
-42.19
-39.7
-37.18
-34.49
-32.13
-29.47
-27.01
-24.49
-22.02
-19.66
-17.17
-14.65
-12.15
-9.43
-5.99
-2.37
1.14
4.66
8.07
11.23
13.79
16.32
18.84
21.37
23.8
26.45
28.96
31.54
34.07
36.51
38.95
41.47
43.9
46.51
49
51.57
54.1
56.76
59.12
61.8
64.28
66.85
69.31
