137
54
83
135.76
153.26
153.16
149.57
162.15
145.69
136.99
145.6
135.47
144.65
135
149.85
139.35
143.23
138.88
136.42
136.51
136.51
133.49
136.14
124.59
129.8
133.68
132.54
141.53
124.88
136.61
139.35
136.99
148.91
123.46
128.09
143.61
139.73
150.89
131.12
117.69
143.89
139.92
151.56
140.58
134.72
143.8
142.85
140.3
130.84
138.78
140.96
151.65
142.19
147.2
139.73
147.49
151.93
147.49
137.37
163.85
156.29
179.18
144.93
138.5
147.02
155.91
725.14
719.09
716.44
0.26
2.43
-0.09
1.3
1.73
1.13
-0.78
0.78
0.26
-0.69
-0.78
2.69
0.43
-125.5
-126.19
-129.83
-149.25
-141.27
-133.21
-154.45
-128.62
-136.33
-141.62
-134.95
-140.15
-141.71
-132.08
-144.39
-132
-141.27
-134.34
-152.28
-142.83
-144.83
-148.55
-141.79
-139.45
-135.81
-136.25
-140.15
-128.62
-132.34
-125.24
-139.54
-140.06
-130.18
-138.33
-133.56
-138.24
-133.04
-125.41
-141.88
-135.29
-137.63
-141.45
-133.99
-150.37
-137.11
-140.32
-150.37
-132.69
-149.25
-134.51
-138.5
-141.53
-131.13
-137.72
-134.51
-145.26
-150.29
-150.63
63.52
60.91
58.48
55.87
53.08
50.85
48.39
45.73
43.06
40.77
38.47
35.86
33.37
31.01
28.29
25.21
23.16
20.8
18.2
15.67
13.17
10.64
6.85
4
0.47
-3.22
-6.81
-10.14
-12.43
-15.16
-17.7
-20.25
-22.62
-25.62
-27.71
-30.08
-32.78
-35.25
-37.75
-40.39
-43.25
-45.44
-47.84
-50.46
-53.2
-55.4
-58
-60.36
-62.9
-65.52
-68.12
-71.03
-72.94
-75.62
-78.01
-80.51
-83.19
-85.55
-88.67
-90.75
-93.33
-95.69
-98.24
-99.6
-99.59
-99.59
-99.59
-99.6
-99.63
-99.59
-99.61
-99.28
-96.41
-93.63
-91.04
-88.62
-86.1
-83.51
-81.12
-78.69
-75.97
-73.67
-70.92
-68.39
-66.04
-63.44
-61.05
-58.2
-55.8
-53.5
-50.42
-48.26
-45.75
-43.25
-40.63
-38.31
-35.62
-32.87
-30.76
-28.13
-25.54
-22.95
-20.52
-18.24
-15.52
-13.07
-10.43
-7.47
-2.96
-0.02
3.28
6.76
10.33
12.69
15.31
17.99
20.29
22.86
25.37
27.88
30.52
32.79
35.61
37.89
40.51
42.83
45.83
48.02
50.46
53.04
55.68
58.03
60.65
63.28
65.59
68.16
70.57
