136
54
83
146.45
160.35
159.22
156.38
160.35
151.46
142
155.62
141.91
149.85
144.18
154.02
160.92
150.04
146.16
131.97
147.77
147.39
140.87
141.72
126.58
139.45
140.68
140.01
146.26
128.19
141.15
145.31
139.54
152.41
134.05
134.43
142.38
143.89
151.65
138.31
129.14
156.29
152.79
150.52
142.19
143.14
153.73
145.88
147.39
136.04
143.33
146.07
157.23
144.27
149.95
141.43
153.35
149.85
148.72
145.5
169.91
162.15
185.52
152.88
144.56
156.1
153.73
693.83
690.52
689.29
-1.39
4.33
-0.17
-1.04
-2.43
1.3
-2.86
2.69
-0.17
-1.73
2.17
0.69
0.43
-132.95
-124.11
-137.11
-154.97
-145.09
-137.2
-153.67
-135.12
-139.02
-142.49
-140.58
-143.27
-147.34
-136.85
-148.03
-134.17
-149.85
-138.24
-151.24
-147.08
-149.33
-155.23
-143.18
-141.1
-139.89
-139.45
-142.23
-137.89
-139.45
-130.78
-143.44
-143.01
-134.25
-144.83
-139.19
-141.01
-139.11
-128.79
-151.5
-142.31
-137.37
-149.77
-139.28
-152.54
-145.35
-144.48
-152.45
-140.06
-151.93
-138.59
-144.39
-146.13
-141.71
-140.23
-141.71
-148.99
-151.59
64.36
61.83
59.28
56.77
54.17
51.6
49.09
46.53
44.09
41.5
39.04
36.56
34.08
31.6
29.08
26.51
24.2
21.51
19
16.47
13.92
11.44
8.49
5
1.49
-2.1
-5.65
-8.78
-11.61
-14.2
-16.67
-19.22
-21.71
-24.28
-26.78
-29.26
-31.85
-34.39
-36.97
-39.47
-42.05
-44.45
-47.02
-49.52
-52.11
-54.63
-57.11
-59.67
-62.15
-64.77
-67.27
-69.74
-72.24
-74.7
-77.44
-79.9
-82.41
-84.89
-87.34
-89.91
-92.49
-94.99
-97.53
-98.79
-98.77
-98.79
-98.78
-98.79
-98.79
-98.8
-98.81
-98.38
-95.43
-92.68
-90.17
-87.58
-85.07
-82.6
-80.12
-77.78
-75.07
-72.57
-69.98
-67.5
-65.18
-62.71
-60.15
-57.53
-54.98
-52.47
-49.92
-47.4
-44.82
-42.35
-39.77
-37.32
-34.69
-32.26
-29.61
-27.4
-24.87
-22.43
-19.83
-17.33
-14.81
-12.3
-9.63
-6.22
-2.59
0.86
4.42
7.81
11.09
13.66
16.2
18.63
21.24
23.61
26.18
28.71
31.27
33.8
36.35
38.75
41.3
43.7
46.3
48.85
51.45
53.81
56.44
58.9
61.56
63.95
66.52
68.96
