140
58
83
138.69
148.34
148.06
146.73
140.39
142.57
137.74
149.95
125.92
135.19
133.77
150.42
139.83
143.7
138.41
127.24
142.95
135.66
134.91
139.83
128.38
139.54
145.88
133.68
131.31
132.16
129.51
144.65
131.97
142.95
133.96
128.57
143.42
129.7
145.03
140.11
134.34
144.37
132.45
140.77
140.11
140.11
143.7
142.1
144.84
124.4
138.6
134.24
151.18
131.59
146.07
139.45
144.18
142.76
144.74
139.73
166.88
158.65
174.36
148.43
139.54
148.34
148.53
519.38
549.08
549.75
-2.51
-0.09
-0.87
-2.08
-3.29
-2.95
-2.17
-1.56
-0.69
6.5
-3.12
-0.43
-1.13
-130.35
-115.96
-140.23
-168.14
-143.18
-143.87
-144.39
-137.29
-140.23
-139.02
-137.81
-137.37
-139.45
-140.15
-141.71
-133.65
-139.45
-133.91
-150.98
-146.99
-147.43
-145.78
-140.75
-143.79
-134.34
-130.7
-138.93
-132.78
-137.46
-130.18
-139.89
-130.52
-136.33
-144.22
-135.38
-136.59
-129.05
-134.43
-152.63
-127.49
-139.8
-137.29
-138.85
-153.23
-139.11
-138.07
-133.47
-135.21
-152.54
-130.35
-144.39
-134.69
-132.17
-138.33
-132.6
-140.67
-142.57
-149.77
-155.23
-145.69
-140.32
64.17
61.73
59.11
56.56
53.98
51.72
49.2
46.63
44.08
41.58
39.06
36.58
34.11
31.49
28.97
26.39
23.92
21.37
18.86
16.32
13.78
11.34
8.62
5.08
1.7
-2.05
-5.53
-9.12
-11.84
-14.45
-16.97
-19.55
-21.91
-24.61
-27.1
-29.59
-32.11
-34.52
-37.19
-39.68
-42.15
-44.68
-47.25
-49.83
-52.35
-54.84
-57.3
-59.78
-62.22
-64.87
-67.38
-69.91
-72.43
-74.93
-77.51
-80.04
-82.51
-85.09
-87.37
-89.91
-92.38
-94.89
-97.41
-99.05
-99.08
-99.08
-99.09
-99.08
-99.08
-99.06
-99.06
-98.31
-95.22
-92.52
-89.99
-87.54
-85.03
-82.49
-79.94
-77.43
-74.79
-72.37
-69.91
-67.36
-64.85
-62.3
-59.72
-57.22
-54.7
-52.3
-49.65
-47.15
-44.66
-42.13
-39.53
-37.31
-34.72
-32.12
-29.6
-27.12
-24.64
-22.1
-19.49
-16.97
-14.45
-11.95
-9.16
-5.96
-2.32
1.2
4.66
8.03
11.18
13.65
16.2
18.71
21.27
23.78
26.37
28.94
31.52
33.97
36.41
38.89
41.41
43.95
46.45
49.03
51.6
54.04
56.67
59.18
61.7
64.23
66.67
69.27
71.75
74.29
76.8
79.39
