140
58
83
139.92
153.54
153.35
149.48
142.66
144.65
142.76
151.46
134.05
142.29
136.61
150.42
143.89
145.97
141.72
125.45
147.68
136.89
133.01
141.62
128.19
136.89
141.43
134.34
137.74
128.95
131.97
148.25
135.28
154.49
133.87
126.49
139.92
134.81
149.19
132.92
130.08
144.46
136.51
139.54
137.37
139.83
141.53
140.11
144.46
127.05
137.93
137.18
147.77
131.78
143.89
137.65
143.61
139.83
143.42
136.04
163.85
153.73
185.42
147.3
133.11
148.72
150.89
669.71
670.37
668.57
-0.95
1.13
1.73
2.77
1.56
0.87
0.95
3.12
-0.26
0.87
0
-0.09
1.56
-131.3
-119.17
-136.33
-152.02
-143.09
-138.24
-154.19
-132.52
-134.69
-141.1
-135.73
-139.89
-143.44
-132.17
-141.36
-132.08
-145
-130.7
-150.11
-142.92
-143.61
-145.95
-138.59
-140.06
-133.65
-133.73
-141.79
-133.91
-137.03
-125.06
-140.15
-133.04
-132.52
-139.63
-130.96
-135.9
-130.18
-127.32
-147.51
-126.71
-133.3
-133.21
-138.76
-156.09
-138.59
-140.32
-141.27
-132.43
-148.38
-130.7
-138.67
-138.76
-137.37
-137.63
-133.39
-141.97
-141.53
-145.09
-151.76
-143.01
-136.59
63.93
61.45
58.86
56.41
53.87
51.3
48.81
46.23
43.68
41.22
38.7
36.2
33.75
31.14
28.62
26.1
23.64
21.15
18.59
16.08
13.52
11.03
7.96
4.29
1.27
-2.29
-5.84
-9.53
-12.16
-14.77
-17.24
-19.75
-22.31
-24.89
-27.3
-29.82
-32.37
-34.72
-37.47
-39.79
-42.36
-44.83
-47.32
-50.01
-52.56
-55.04
-57.5
-60.13
-62.59
-65.17
-67.65
-70.19
-72.71
-75.21
-77.78
-80.39
-82.69
-85.34
-87.83
-90.42
-92.89
-95.39
-97.91
-99.56
-99.55
-99.55
-99.53
-99.55
-99.54
-99.54
-99.56
-99.08
-95.89
-93.27
-90.69
-88.19
-85.6
-83.15
-80.61
-78.2
-75.6
-73.3
-70.73
-68.24
-65.69
-63.21
-60.64
-58.01
-55.59
-53.08
-50.44
-48.03
-45.38
-42.91
-40.44
-37.94
-35.24
-32.91
-30.2
-27.71
-25.24
-22.76
-20.22
-17.75
-15.14
-12.69
-10.14
-6.62
-3.04
0.44
3.99
7.39
10.69
13.19
15.68
18.18
20.74
23.23
25.79
28.33
30.91
33.43
35.95
38.38
40.62
43.12
45.71
48.33
50.92
53.35
55.99
58.48
61.01
63.52
66.15
68.6
71.17
73.42
76.01
78.5
