77
58
82
148.34
150.7
151.37
152.69
145.5
161.11
146.16
147.87
134.91
145.41
149.95
149.85
153.54
141.81
147.87
142.29
146.64
147.39
131.5
144.37
138.78
142.57
149.48
135.38
142.76
143.14
128.47
154.77
132.54
138.41
142.19
129.8
149.19
132.07
135.28
149.95
143.99
150.99
141.62
135.76
145.22
146.92
156.67
137.93
149.48
136.7
146.45
138.03
156.95
131.5
144.18
144.27
150.04
144.46
148.06
131.5
164.9
159.41
173.5
154.49
146.64
140.77
155.06
627.8
698.84
698.37
0.87
0.95
1.82
0.69
1.56
1.3
2.08
0.43
0.09
1.82
0.95
64.69
62.23
59.46
57.46
54.74
52.2
49.69
47.36
44.71
41.64
39.62
37.06
34.85
31.97
29.65
27.03
24.08
21.87
19.34
17.04
14.49
11.89
9.47
5.16
2.43
-1.16
-4.71
-8.68
-11.22
-13.85
-16.59
-18.7
-21.29
-24.01
-26.44
-28.81
-31.58
-34.28
-36.39
-39.03
-41.38
-43.95
-46.47
-48.89
-52.1
-54.27
-56.56
-59.22
-61.78
-64.27
-66.78
-69.04
-71.82
-74.25
-77.08
-79.54
-81.79
-84.32
-87.3
-89.4
-91.99
-94.41
-97.1
-99.22
-99.45
-99.43
-99.43
-99.46
-99.44
-99.45
-99.45
-98.01
-94.46
-92.47
-89.72
-87.41
-84.29
