126
56
72
256.85
259.5
259.31
263.47
266.12
264.51
282.96
262.62
267.92
247.77
228.75
235.47
202.08
208.98
214.56
219.1
241.15
247.2
250.61
258.84
259.41
254.2
271.42
262.05
276.62
268.96
236.04
257.14
235.94
227.62
215.32
232.16
239.35
227.9
231.69
249.38
238.02
211.44
243.7
236.7
217.87
217.31
209.55
214.28
202.36
203.49
219.29
214.56
212.29
239.73
248.05
216.64
237.65
232.92
205.48
218.06
203.4
933.56
904.04
898.65
10.92
-0.87
-3.03
-2.69
-0.78
-1.73
0
-1.21
-270.41
-250.3
-256.89
-252.56
-264.86
-255.76
-271.71
-263.04
-244.5
-249.35
-235.31
-232.1
-243.54
-240.16
-254.38
-242.94
-246.92
-263.48
-272.75
-231.58
-259.75
-258.62
-266.86
-260.53
-268.16
-271.54
-253.51
-237.13
-259.75
-273.79
-251
-262.44
-282.72
-280.98
-281.33
-268.33
-243.63
-253.68
-257.93
-184.87
-249
-237.91
-235.83
-234.53
-230.63
-259.4
-253.6
-265.04
-272.75
-275
-284.1
-278.56
-269.72
-266.34
-253.86
-253.34
-253.68
-228.29
65.16
62.6
60.01
57.59
54.99
52.67
49.97
47.47
44.91
42.36
39.87
37.33
34.81
32.32
29.89
27.6
24.94
22.39
19.74
17.5
14.86
12.36
9.78
6.14
2.8
-0.81
-4.36
-7.73
-11
-13.55
-16.03
-18.52
-20.9
-23.38
-26.01
-28.55
-31.06
-33.6
-36.26
-38.55
-41.16
-43.78
-46.26
-48.74
-51.35
-53.76
-56.28
-58.88
-61.42
-63.93
-66.19
-68.88
-71.39
-73.93
-76.44
-78.98
-81.53
-83.52
-83.5
-83.5
-83.5
-83.51
-83.5
-83.5
-83.53
-83
-80.02
-77.3
-75.04
-72.28
-69.82
-67.24
-64.71
-62.36
-59.88
-57.33
-54.71
-52.15
-49.67
-47.23
-44.7
-42.11
-39.66
-36.94
-34.49
-31.95
-29.48
-26.88
-24.39
-22.07
-19.5
-16.92
-14.53
-11.82
-8.94
-5.36
-1.95
1.45
5
8.48
11.37
14.01
16.42
19
21.33
23.86
26.4
28.94
31.37
33.96
36.56
39.02
41.64
44.17
46.57
49.22
51.7
54.03
56.52
59.24
61.77
64.12
66.61
69.31
71.78
74.41
