130
58
75
160.64
158.94
141.91
164.8
144.56
147.58
152.12
153.35
150.52
159.31
157.71
158.94
147.49
139.73
145.31
143.61
141.91
144.18
139.83
157.14
150.7
152.03
156.1
146.64
146.26
146.26
148.62
150.99
148.25
131.59
144.18
136.33
128.28
144.46
138.6
149
144.27
142.95
149.19
146.16
138.22
173.6
200.37
140.58
154.87
143.42
152.5
151.46
146.16
159.79
158.37
145.88
156.48
158.65
149.85
157.04
157.71
148.06
155.15
141.81
784.93
875
872.63
-2.34
-3.29
-2.08
26
-1.73
-0.69
-3.29
-0.95
-144.13
-159.73
-157.39
-154.01
-157.39
-167.01
-162.42
-162.85
-156.01
-163.72
-150.11
-160.95
-153.67
-157.57
-157.48
-155.57
-132.34
-163.72
-158.95
-149.25
-151.07
-160.51
-154.27
-156.7
-154.27
-148.99
-145.09
-134.86
-156.18
-146.21
-154.79
-144.57
-149.07
-151.59
-142.14
-144.65
-145.95
-154.97
-98.63
-153.93
-152.89
-137.37
-147.43
-137.55
-155.23
-147.43
-150.11
-141.27
-147.95
-156.87
-148.9
-143.01
-139.63
-144.39
-144.57
-139.8
-144.39
-135.9
-138.59
73.31
70.66
68.17
65.56
63.28
60.76
58.12
55.57
53.05
50.55
47.98
45.42
42.95
40.42
37.97
35.38
32.8
30.36
28.08
25.47
22.9
20.37
17.86
15.3
12.79
10.26
6.84
3.61
0.06
-3.49
-6.99
-10.5
-13.05
-15.34
-18.01
-20.56
-23.07
-25.55
-28.08
-30.66
-33.15
-35.67
-38.18
-40.56
-42.98
-45.68
-48.23
-50.76
-53.28
-55.82
-58.33
-60.7
-63.31
-65.83
-68.4
-70.93
-73.41
-75.98
-78.29
-80.86
-83.35
-83.47
-83.46
-83.47
-83.45
-83.44
-83.46
-83.41
-81.78
-78.96
-76.45
-74.02
-71.46
-68.97
-66.35
-63.85
-61.31
-59.04
-56.49
-53.83
-51.3
-48.7
-46.24
-43.71
-41.27
-38.71
-36.14
-33.63
-31.13
-28.65
-26.06
-23.57
-21.13
-18.59
-15.99
-13.45
-10.86
-7.89
-4.48
-0.89
2.67
6.21
9.69
12.17
14.85
17.34
19.85
22.18
24.84
27.39
29.83
32.36
34.85
37.36
39.89
42.41
44.91
47.46
49.99
52.54
55.08
57.65
60.19
62.71
64.94
67.49
70.1
72.7
75.12
77.77
