120
48
73
192.05
201.22
196.49
188.07
186.37
214.37
194.13
216.74
197.63
201.13
198.29
185.9
183.06
188.55
187.41
186.09
174.07
175.96
165.18
177.95
171.71
183.15
185.14
186.09
187.13
170.76
173.5
177.38
176.34
179.18
171.52
173.79
181.83
175.59
171.52
165.18
153.45
174.64
174.55
182.21
183.34
167.26
187.88
196.21
185.24
194.51
204.63
189.3
200.56
199.8
193.94
202.55
187.51
218.35
204.53
207.94
899.78
903.95
904.99
0.69
0.09
-2.34
-1.04
-1.21
-0.35
0.26
-1.13
-188.51
-141.71
-198.39
-183.39
-185.39
-180.45
-183.39
-185.91
-181.83
-178.45
-181.57
-171.87
-163.29
-180.01
-172.04
-172.99
-166.49
-164.67
-172.65
-157.22
-167.71
-167.53
-189.55
-169.18
-172.99
-164.85
-162.42
-167.36
-167.1
-174.99
-166.49
-176.81
-177.15
-182.09
-177.85
-166.15
-172.82
-165.54
-173.51
-168.66
-170.05
-178.11
-174.81
-173.34
-176.98
-198.21
-194.83
-186.77
-198.47
-175.07
-183.65
-170.22
-164.76
62.7
60.01
57.5
54.97
52.46
49.87
47.35
44.84
42.3
40
37.41
34.85
32.35
29.84
27.3
24.77
22.19
19.69
17.2
14.72
12.18
9.61
6.09
2.47
-0.67
-4.23
-7.67
-10.92
-13.49
-16.12
-18.67
-21.24
-23.72
-26.2
-28.82
-31.06
-33.58
-36.17
-38.82
-41.11
-43.7
-46.24
-48.74
-51.31
-53.86
-56.34
-58.91
-61.41
-63.92
-66.54
-69.14
-71.35
-73.94
-76.51
-79.03
-81.57
-83.71
-83.8
-83.77
-83.77
-83.77
-83.78
-83.75
-83.77
-82.79
-79.84
-77.27
-75.17
-72.43
-69.92
-67.31
-64.79
-62.23
-59.72
-57.17
-54.69
-52.31
-49.63
-47.11
-44.65
-41.98
-39.78
-37.09
-34.58
-32.05
-29.56
-26.96
-24.45
-21.96
-19.6
-16.98
-14.4
-11.82
-9.05
-5.52
-2.01
1.43
4.9
8.35
11.3
13.85
16.39
18.92
21.51
24.05
26.32
28.83
31.32
33.89
36.38
39.03
41.51
44.06
46.59
49.14
51.62
54.24
56.71
58.99
61.72
