118
47
72
198.2
196.3
190.34
191.2
211.44
197.91
217.78
203.78
204.82
205.58
210.4
186.28
195.17
188.64
187.22
190.44
178.42
170.29
180.51
172.09
185.8
185.24
187.22
186.84
174.36
176.44
180.41
180.13
182.97
177.67
176.72
183.82
177.67
169.72
162.72
152.69
176.15
176.25
184.29
185.9
172.75
318.25
195.26
186.37
202.08
202.64
184.29
198.39
201.13
196.59
202.93
185.99
220.05
206.05
211.91
932.61
892.12
892.59
-0.87
-1.56
-1.91
-1.39
1.3
20.63
0.61
-3.03
-190.41
-180.27
-196.91
-180.45
-182.35
-181.05
-182.87
-183.39
-178.71
-175.59
-184.95
-172.73
-165.28
-178.19
-165.71
-105.91
-165.19
-164.33
-172.47
-170.65
-168.83
-166.67
-186.17
-169.96
-171.17
-165.45
-167.88
-171.35
-164.41
-172.99
-167.27
-178.37
-176.89
-119.34
-176.37
-163.72
-174.9
-162.51
-172.73
-163.98
-152.71
-176.63
-173.17
-174.9
-172.82
-197.52
-194.4
-184.78
-199.08
-175.77
-181.4
-169.87
59.93
57.42
54.93
52.36
49.8
47.26
44.93
42.44
39.85
37.33
34.7
32.14
29.9
27.37
24.82
22.29
19.67
17.16
14.63
12.09
9.44
6.2
2.59
-0.91
-4.49
-7.77
-11.02
-13.6
-16.22
-18.71
-21.28
-23.84
-26.22
-28.74
-31.26
-33.8
-36.28
-38.81
-41.14
-43.87
-46.36
-48.85
-51.42
-53.89
-56.49
-58.96
-61.52
-64.07
-66.35
-68.96
-71.56
-74.12
-76.41
-79.12
-81.61
-83.64
-83.67
-83.67
-83.7
-83.67
-83.69
-83.67
-83.69
-82.76
-79.94
-77.27
-75.25
-72.44
-69.93
-67.41
-64.85
-62.24
-59.72
-57.35
-54.81
-52.19
-49.73
-47.18
-44.62
-42.05
-39.6
-36.89
-34.72
-32.2
-29.7
-27.07
-24.5
-21.99
-19.47
-16.92
-14.64
-12.02
-8.9
-5.53
-2.12
1.51
4.6
8.3
11.28
13.82
16.34
18.85
21.39
24
26.55
28.83
31.28
33.87
36.35
38.93
41.4
43.9
46.49
48.95
51.47
54.12
56.63
59.18
