91
35
57
198.39
264.51
207.75
204.06
218.82
203.87
211.82
193.47
197.53
192.8
190.06
179.09
175.11
178.99
179.18
191.01
194.13
169.53
172.27
177.19
183.53
174.64
176.34
184.76
169.82
156.95
158.84
180.98
183.91
180.03
180.6
193.75
184.86
203.68
192.9
202.55
196.21
199.9
191.1
193.56
206.71
907.45
905.55
902.62
-0.78
-0.43
0.43
-0.95
0.61
0.69
1.65
71.59
-190.93
-189.63
-177.5
-185.13
-176.89
-186.95
-176.11
-173.43
-177.07
-169.18
-174.47
-170.48
-160.25
-168.31
-153.32
-164.67
-170.48
-173.77
-164.85
-162.51
-171.61
-163.29
-176.11
-170.57
-174.81
-177.5
-165.89
-168.4
-152.19
-169.87
-166.84
-174.9
-178.54
-177.41
-206.88
-188.85
-197.69
-181.23
-176.46
57.65
54.43
50.9
47.56
44.11
41.12
37.68
34.31
30.93
27.61
24.18
20.92
17.61
14.09
10.73
6.4
1.7
-2.5
-7.24
-11.42
-14.86
-18.22
-21.68
-25.06
-28.41
-31.78
-34.82
-38.35
-41.7
-45.16
-48.44
-51.95
-54.95
-58.41
-61.86
-65.2
-68.6
-71.95
-75.37
-78.74
-82.05
-83.98
-83.97
-83.98
-83.98
-83.98
-83.96
-83.98
-84
-83.91
-81.58
-78.09
-74.87
-71.44
-68.09
-64.8
-61.36
-58.29
-54.74
-51.46
-48.03
-44.76
-41.44
-37.97
-34.65
-31.26
-27.77
-24.82
-21.47
-17.99
-14.55
-10.9
-6.8
-2.57
2.33
7.09
11.23
14.58
18.05
21.28
24.74
28.06
31.26
34.74
37.77
41.24
44.58
48.02
51.39
54.78
58.25
