128
52
77
201.03
198.67
199.52
194.79
199.99
216.83
197.34
222.42
205.2
211.72
215.32
191.86
183.34
197.63
196.68
198.1
193.84
180.88
182.02
177.67
182.02
182.4
189.11
195.17
194.51
194.6
273.6
178.71
187.13
181.45
185.05
199.52
180.69
180.41
195.36
183.25
171.33
166.31
155.91
178.05
183.91
179.56
191.86
184.01
179.94
204.72
197.44
185.61
207.85
209.83
196.87
205.01
213.71
196.49
210.31
193.56
215.89
208.6
206.71
215.13
806.03
801.21
796.76
-1.47
-1.56
-0.69
-1.47
3.12
-0.26
1.82
0.69
-208.27
-179.58
-194.66
-192.15
-179.75
-189.55
-177.76
-183.48
-182.61
-173.69
-173.51
-182.27
-176.37
-165.97
-173.43
-168.31
-170.05
-161.64
-163.89
-169.18
-174.99
-160.34
-167.45
-171.95
-181.05
-167.79
-172.47
-165.19
-169.53
-172.91
-145.43
-167.79
-174.55
-167.97
-174.9
-176.29
-177.59
-174.12
-166.32
-165.89
-167.19
-168.66
-167.53
-170.39
-170.05
-174.03
-179.32
-168.66
-183.31
-209.31
-179.75
-191.63
-195.96
-184.17
-177.15
-172.39
-167.27
60.99
58.5
56.19
54.05
51.56
49.25
46.83
44.45
42.07
39.72
37.66
35.2
32.78
30.49
28.21
25.76
23.45
21.05
18.77
16.39
14.04
11.75
9.18
5.81
2.54
-0.57
-3.74
-6.95
-10.2
-12.58
-15.02
-17.31
-19.64
-22.11
-24.49
-26.8
-29.23
-31.57
-33.64
-36.05
-38.39
-40.93
-42.99
-45.56
-47.76
-50.16
-52.53
-54.88
-57.28
-59.66
-62.05
-64.39
-66.48
-69
-71.31
-73.75
-76.02
-78.43
-80.85
-83.16
-83.84
-83.86
-83.88
-83.9
-83.86
-83.88
-83.88
-83.88
-83.61
-80.2
-77.73
-75.84
-73.17
-71.05
-68.6
-66.24
-63.89
-61.48
-59.08
-56.68
-54.33
-52.11
-49.7
-47.35
-45.03
-42.58
-40.31
-37.83
-35.55
-33.34
-31.07
-28.67
-26.27
-23.94
-21.61
-19.15
-16.78
-14.49
-11.94
-9.44
-6.43
-3.12
0.23
3.34
6.74
9.56
12.1
14.58
16.93
19.31
21.73
24.1
26.45
28.78
30.82
33.3
35.62
37.98
40.31
42.71
45.02
47.48
49.76
52.14
54.47
56.88
59.28
61.61
