126
51
76
173.41
167.64
162.91
170.76
175.3
172.65
169.63
188.17
173.03
174.92
169.34
170
169.34
178.61
172.56
169.53
161.21
163
154.39
156
155.25
164.52
171.52
166.6
174.17
162.06
160.26
158.37
171.23
162.63
175.49
169.63
162.53
164.8
181.64
155.72
155.91
150.23
147.58
177.67
165.46
168.21
165.46
162.72
170.67
177.48
179.56
174.55
189.49
180.88
173.13
185.8
186.28
179.56
188.55
175.49
194.51
173.98
186.65
620.13
840.09
835.45
-0.87
-1.65
35.88
1.47
-1.47
-0.26
0.69
-1.82
-190.33
-195.27
-203.5
-185.73
-198.73
-190.5
-189.2
-196.13
-187.99
-193.79
-194.92
-197.35
-185.56
-197.43
-188.94
-189.11
-193.88
-100.62
-177.07
-183.91
-166.93
-176.2
-176.2
-196.91
-184.52
-180.01
-173.43
-143.7
-185.99
-179.93
-182.35
-189.55
-182.7
-184
-185.47
-189.37
-184.09
-175.68
-182.53
-172.99
-189.72
-182.53
-182.79
-185.65
-185.21
-193.01
-183.65
-199.17
-216.24
-207.49
-189.81
-201.42
-181.83
-188.77
-174.81
-173.08
59.98
57.68
55.28
52.98
50.54
48.16
46.05
43.73
41.26
38.89
36.54
34.17
31.83
29.46
27.41
25
22.58
20.06
17.75
15.65
13.23
10.85
7.96
4.62
1.43
-1.93
-5.2
-8.16
-11.05
-13.44
-15.97
-18.23
-20.69
-22.98
-25.35
-27.74
-30.13
-32.28
-34.6
-36.96
-39.46
-41.74
-44.14
-46.31
-48.81
-51.11
-53.52
-55.84
-58.27
-60.67
-62.94
-65.34
-67.72
-70.09
-72.12
-74.51
-76.83
-79.45
-81.67
-83.79
-83.9
-83.89
-83.91
-83.89
-83.88
-83.9
-83.77
-81.22
-78.66
-76.33
-74.29
-71.77
-69.42
-66.99
-64.64
-62.22
-59.98
-57.59
-55.38
-52.87
-50.62
-48.14
-45.9
-43.43
-41.11
-38.72
-36.36
-34.21
-31.87
-29.54
-27.06
-24.79
-22.36
-20.1
-17.59
-15.54
-13.12
-10.55
-7.44
-4.32
-0.93
2.03
5.42
8.61
11.41
13.82
16.1
18.54
20.64
23.2
25.41
27.91
30.07
32.51
34.77
37.2
39.43
42.07
44.13
46.57
48.99
51.28
53.54
55.88
58.36
60.7
