128
52
77
117.88
116.18
114.9
113.05
113.2
112.58
118.07
108.84
114.52
107.43
101.8
109.93
102.74
107.05
111.54
108.75
114.76
121.9
122.8
119.11
121.43
118.68
117.64
122.37
115.8
117.17
106.67
103.26
110.78
105.63
111.35
123.84
114.95
121.19
125.07
121.95
127.01
137.42
129.09
118.97
127.2
118.45
112.35
119.11
107.52
111.26
115.99
111.12
116.46
122.75
127.48
125.92
140.44
146.69
147.02
158.75
151.61
154.44
161.49
142.33
395.12
429.98
429.6
-0.52
0.22
8.71
-0.48
0.96
0.65
0.87
-0.35
-155.79
-161.47
-149.33
-151.2
-153.88
-142.05
-144.44
-135.42
-130.14
-131.87
-127.58
-126.76
-118.87
-123.03
-121.86
-123.9
-130.96
-122.12
-135.9
-138.07
-132.52
-150.46
-139.97
-134.56
-138.76
-126.84
-125.28
-129.75
-121.95
-105.26
-115.97
-113.32
-116.96
-126.5
-124.63
-133.95
-129.44
-118.65
-129.66
-113.24
-124.89
-130.96
-122.73
-118.13
-115.92
-119.74
-110.46
-114.19
-117.74
-118.39
-118.44
-111.72
-48.49
-126.37
-111.33
-118.13
-118.7
62.49
59.99
57.93
55.43
53.08
50.62
48.51
46.03
43.7
41.34
38.95
36.68
34.23
31.87
29.53
27.27
24.79
22.79
20.27
17.95
15.57
13.27
10.87
8.05
4.7
1.47
-1.89
-5.03
-8.19
-11.22
-13.67
-15.76
-18.21
-20.59
-22.83
-25.32
-27.65
-30.11
-32.15
-34.49
-36.78
-39.37
-41.6
-44.16
-46.49
-48.59
-51.08
-53.45
-55.76
-58.17
-60.56
-62.84
-65.19
-67.55
-69.78
-72.15
-74.59
-76.87
-79.27
-81.67
-83.7
-83.73
-83.74
-83.75
-83.74
-83.75
-83.72
-83.68
-81.36
-78.93
-76.52
-74.23
-71.75
-69.36
-66.96
-64.7
-62.26
-59.89
-57.5
-55.27
-53.02
-50.69
-48.26
-46
-43.5
-41.18
-38.86
-36.47
-34.08
-31.86
-29.45
-27.01
-24.77
-22.35
-20.05
-17.81
-15.43
-13
-10.66
-7.39
-4.33
-1.08
2.24
5.59
8.7
11.38
13.82
15.95
18.36
20.69
23.12
25.42
27.82
30.11
32.52
34.8
36.96
39.33
41.8
44.17
46.54
48.85
51.29
53.83
55.86
58.36
60.57
63.04
