93
36
58
196.3
200.56
191.38
210.87
196.97
220.71
207.66
207.09
184.48
204.16
193.47
192.99
178.42
169.72
174.26
184.48
196.78
198.01
163.29
168.21
188.55
184.01
173.69
172.84
182.49
165.94
155.44
152.22
173.69
176.53
172.46
194.13
185.24
184.57
196.3
193.75
203.12
196.78
196.49
198.48
198.76
204.35
968.94
935.35
931.29
-1.3
-1.3
-1.91
5.55
-2.51
0.26
0.43
-2.17
-189.46
-195.01
-182.87
-188.25
-182.09
-193.19
-178.89
-177.15
-179.67
-172.21
-169.18
-174.55
-165.45
-171
-154.36
-169.79
-176.81
-178.8
-172.21
-166.84
-175.77
-166.67
-174.99
-180.88
-175.94
-174.9
-166.67
-174.47
-172.82
-173.08
-170.65
-177.15
-185.56
-178.71
-199.51
-189.46
-194.14
-185.65
-148.29
-157.57
61.31
57.88
54.9
51.37
48
44.64
41.26
37.9
34.45
31.04
28.15
24.62
21.24
18
14.36
11.4
7.09
2.41
-2.17
-6.86
-11.15
-14.66
-18.01
-21.07
-24.37
-27.81
-31.18
-34.64
-37.89
-41.33
-44.68
-48.2
-51.57
-54.94
-58.51
-61.55
-64.9
-68.29
-71.68
-75.1
-78.11
-81.52
-84.22
-84.22
-84.22
-84.24
-84.22
-84.26
-84.25
-84.23
-84.11
-81.55
-78.1
-75.24
-71.61
-68.21
-64.81
-61.69
-58.19
-54.89
-51.35
-47.97
-44.7
-41.25
-38.01
-34.58
-31.18
-27.79
-24.42
-21.47
-17.94
-14.56
-11.13
-6.72
-2.12
2.34
7.09
11.23
14.6
18.02
21.36
24.73
28.17
31.02
34.44
37.86
41.31
44.64
48.08
51.4
54.86
58.3
61.33
