93
36
58
190.06
194.6
186.37
198.48
196.68
204.25
194.13
209.17
182.68
192.52
188.83
180.41
175.4
170.57
174.83
173.69
183.25
187.51
175.59
170.38
173.6
181.36
175.21
170.38
182.97
164.33
157.14
149.1
178.05
177.29
179.28
174.17
188.64
184.29
251.74
207.56
195.83
193.94
200.09
182.3
202.17
206.24
967.43
955.13
952.67
2.34
-0.35
4.25
1.39
-0.17
1.3
0.87
1.3
-182.27
-193.53
-181.75
-187.12
-184
-184.43
-177.24
-158.17
-176.55
-166.41
-169.79
-169.01
-162.16
-167.79
-150.72
-165.37
-171.69
-170.48
-169.18
-160.95
-174.21
-161.9
-175.07
-174.81
-173.6
-179.84
-160.6
-170.05
-161.64
-165.71
-164.67
-168.49
-184.17
-176.98
-199.77
-183.31
-192.67
-180.88
-168.92
-162.33
61.41
58.13
54.68
51.46
47.88
44.66
41.25
37.89
34.77
31.32
27.98
24.57
21.29
17.94
14.46
11.11
7.28
2.34
-2.22
-6.81
-11.17
-14.36
-17.73
-21.17
-24.56
-27.94
-31.42
-34.62
-38.05
-41.48
-44.55
-47.91
-51.32
-54.82
-58.16
-61.55
-64.93
-68.34
-71.65
-75.03
-78.27
-81.61
-84.29
-84.3
-84.28
-84.3
-84.29
-84.29
-84.3
-84.3
-84.15
-81.88
-78.54
-75.31
-71.73
-68.36
-65.1
-61.6
-58.15
-54.86
-51.58
-48.21
-44.94
-41.46
-38.07
-35.06
-31.51
-28.23
-24.75
-21.39
-18.15
-14.65
-11.34
-7.02
-2.36
2.16
6.87
10.8
14.31
17.68
21.2
24.28
27.64
30.89
34.35
37.73
41.06
44.35
47.83
51.22
54.7
58.03
61.35
