127
56
72
199.43
206.9
203.21
197.72
191.48
187.41
239.07
200.75
220.52
203.78
209.17
207.18
190.06
181.64
196.02
193.28
183.34
181.64
173.13
169.34
180.98
174.07
184.57
187.41
192.24
182.02
168.68
174.92
178.71
171.52
184.29
171.42
175.11
184.19
179.37
169.06
162.72
150.52
179.37
174.55
179.56
182.4
210.78
190.34
205.95
189.21
194.7
206.81
189.3
198.76
203.97
192.14
201.6
189.21
218.35
203.31
212.01
817.38
898.08
894.01
-0.87
-2.6
-3.12
-1.91
0.09
-0.17
-2.34
1.04
-190.15
-182.44
-199.25
-180.01
-184.95
-180.53
-181.49
-178.19
-173.25
-173.6
-158.35
-170.13
-156.27
-174.99
-52.52
-169.18
-161.55
-163.2
-170.83
-154.62
-166.41
-169.27
-185.04
-167.71
-172.99
-162.59
-170.48
-166.23
-164.67
-175.07
-166.41
-175.33
-175.07
-179.06
-173.6
-167.79
-169.27
-165.19
-169.53
-169.61
-169.7
-173.43
-171.95
-172.39
-177.93
-200.47
-194.75
-186.95
-195.09
-178.28
-183.57
-99.5
-158.69
-163.46
-179.06
-176.2
-173.95
-163.81
-186.6
65.18
62.77
60.21
57.67
55.15
52.52
50.05
47.47
44.95
42.44
40.1
37.53
35.04
32.45
29.97
27.59
24.96
22.4
19.85
17.31
14.8
12.12
9.87
6.29
2.81
-0.69
-4.23
-7.61
-10.67
-13.23
-15.88
-18.32
-20.99
-23.52
-26.01
-28.54
-31.11
-33.61
-36.07
-38.6
-41.14
-43.6
-46.06
-48.68
-51.22
-53.66
-56.26
-58.75
-61.33
-63.62
-66.13
-68.69
-71.21
-73.86
-76.24
-78.8
-81.37
-83.57
-83.69
-83.69
-83.69
-83.68
-83.64
-83.69
-83.68
-82.46
-79.68
-77.07
-74.63
-72.17
-69.72
-67.04
-64.53
-61.98
-59.46
-56.88
-54.41
-51.93
-49.41
-46.85
-44.39
-41.8
-39.39
-36.73
-34.24
-31.74
-29.3
-26.66
-24.14
-21.62
-19.31
-16.78
-14.13
-11.59
-8.52
-5.12
-1.76
1.77
5.24
8.75
11.59
14.16
16.59
19.14
21.74
24.31
26.71
29.3
31.74
34.31
36.81
39.07
41.69
44.26
46.78
49.38
51.93
54.46
57
59.52
62.04
64.59
66.97
69.56
72.16
74.62
77.15
