128
52
77
114
119.16
107.19
122.42
123.75
134.39
122.04
137.46
107.85
115.75
121.19
120.91
131.08
142.9
119.11
124.36
136.04
124.93
126.06
123.18
131.5
122.23
125.59
110.6
129.52
107.52
94.13
103.31
109.46
115.75
124.93
125.45
129.66
137.94
132.64
144.09
132.83
152.74
135.52
129.18
126.87
141.53
121.66
123.08
116.22
113.53
121
130.84
123.13
114.1
127.2
124.12
121.24
111.64
126.11
129.56
171.71
126.87
157.9
172.42
430.69
428.7
427.95
-1.39
-2.21
-2.34
30.03
-1.82
-1.52
-1.52
-1.48
-167.19
-120.78
-147.17
-160.43
-127.06
-119.91
-114.54
-136.38
-113.19
-94.39
-116.18
-115.01
-106.09
-137.89
-115.58
-104.31
-124.42
-146.73
-134.64
-147.17
-150.5
-132.95
-113.84
-120.82
-114.36
-121.99
-104.79
-93.95
-144.31
-114.62
-116.7
-107.86
-128.79
-120.3
-118.18
-95.73
-125.07
-146.08
-114.75
-121.04
-116.66
-135.51
-116.96
-131.52
-117.09
-132.09
-132
-121.86
-121.6
-121.77
-121.77
-114.93
-100.32
-105.61
-132.04
-101.54
-126.02
60.86
58.5
56.32
53.96
51.43
49.12
46.75
44.37
41.98
39.67
37.26
35.14
32.83
30.37
28.04
25.69
23.33
20.97
18.61
16.22
13.95
11.56
8.85
5.52
2.75
-0.74
-4.06
-7.09
-10.27
-12.67
-15.1
-17.43
-19.8
-22.24
-24.5
-26.97
-29.3
-31.63
-33.9
-36.27
-38.55
-40.99
-43.22
-45.75
-47.9
-50.33
-52.64
-55
-57.43
-59.86
-62.13
-64.5
-66.86
-69.05
-71.5
-73.89
-76.11
-78.44
-80.88
-83.17
-84.65
-84.67
-84.66
-84.66
-84.64
-84.67
-84.67
-84.67
-84.05
-80.66
-78.17
-76.6
-73.55
-71.32
-68.88
-66.66
-64.02
-61.86
-59.48
-57.03
-54.69
-52.39
-49.96
-47.49
-45.54
-43.02
-40.75
-38.34
-36.04
-33.5
-31.33
-28.93
-26.79
-24.36
-21.95
-19.7
-17.24
-14.82
-12.5
-10.16
-6.79
-3.65
-0.11
2.75
6.02
9.27
11.91
14.14
16.53
18.91
21.2
23.58
25.9
28.37
30.41
32.97
35.21
37.55
39.92
42.35
44.6
47.14
49.3
51.81
54.03
56.39
58.6
60.95
