128
52
77
108.18
104.35
97.73
97.87
121.47
93.85
99.43
107.47
87.98
96.36
111.64
84.01
108.32
113.29
94.8
112.96
125.02
114.57
110.45
121.24
91.44
104.4
109.74
92.81
101.42
98.3
78.9
90.78
78.62
76.73
89.26
88.84
97.97
101.61
100.66
111.35
117.97
98.49
100
129.71
110.74
103.41
105.58
98.77
97.54
97.68
89.88
103.74
97.97
91.58
101.37
114.76
110.5
116.46
126.11
112.53
115.51
126.77
129.23
234.62
423.22
424.21
424.35
2.08
3.12
3.08
2.95
4.21
2.82
3.17
3.25
-80.22
-135.81
-135.6
-127.84
-128.23
-142.05
-130.05
-137.16
-138.8
-126.58
-126.67
-140.58
-126.06
-133.3
-146.34
-137.94
-152.89
-158.78
-140.8
-169.01
-169.66
-135.64
-141.62
-161.95
-139.15
-139.15
-142.14
-126.63
-129.31
-125.24
-110.72
-133.13
-126.67
-118.35
-139.93
-139.67
-137.94
-156.57
-144.96
-142.36
-167.45
-150.11
-148.42
-161.86
-148.25
-128.71
-149.9
-137.68
-127.45
-144.13
-123.9
-130.66
-145.69
-126.67
-141.66
-155.27
-133.78
59.51
57.3
54.91
52.5
50.1
47.83
45.02
43.28
40.78
38.38
36.05
33.67
31.43
28.5
26.7
24.54
22.16
19.52
17.34
15.15
12.68
10.3
7.09
4.03
0.15
-2.47
-5.84
-8.65
-11.51
-13.95
-16.39
-19.13
-21.06
-23.35
-25.89
-28.51
-30.28
-32.88
-34.96
-37.44
-39.83
-42.18
-44.84
-46.96
-49.22
-51.66
-54.19
-56.05
-58.61
-61.17
-63.34
-65.45
-67.96
-70.8
-72.7
-75.15
-77.34
-79.74
-82.24
-84.42
-85.15
-85.15
-85.13
-85.16
-85.14
-85.16
-85.13
-85.13
-84.95
-81.86
-79.5
-77.14
-74.72
-72.36
-70.14
-67.83
-65.33
-62.85
-60.65
-58.42
-56.02
-53.79
-51.54
-48.88
-46.68
-44.08
-42.06
-39.6
-37.12
-34.69
-32.58
-30.25
-27.71
-25.67
-23.21
-20.76
-17.95
-16.37
-13.7
-11.33
-8.38
-5.38
-2.07
1.79
4.52
7.59
10.62
13.07
15.44
17.69
20.03
22.46
24.87
27.15
29.56
31.56
34
36.3
38.67
40.93
43.33
46.18
48.21
50.31
52.95
55.21
57.61
59.92
