126
51
76
113.34
106.76
100.9
102.36
114
97.78
100.66
108.23
91.72
95.65
104.3
87.23
108.47
115.61
97.82
117.12
131.08
122.33
112.96
123.37
96.74
104.97
116.08
96.5
98.63
92.05
79.28
92.48
80.23
75.78
87.98
89.4
98.06
103.07
103.74
106.01
116.98
95.84
102.08
128.66
105.2
107.24
102.6
97.97
95.03
93.94
87.7
98.3
94.84
87.42
98.15
112.2
107.38
110.03
122.94
106.67
107.66
122.61
126.63
327.95
477.33
482.44
2.82
3.17
3.86
3.47
3.47
3.64
3.12
-67.3
-129.83
-132.22
-122.51
-121.77
-83.94
-128.14
-135.42
-74.24
-124.33
-124.89
-138.59
-126.76
-131.74
-142.88
-127.67
-152.28
-157.87
-141.71
-171.13
-170.87
-136.64
-148.81
-161.86
-139.5
-131.7
-141.14
-126.84
-127.32
-125.28
-113.32
-131.7
-116.75
-120.47
-140.28
-142.27
-131.78
-158.65
-145.52
-144.48
-168.62
-153.32
-152.24
-164.55
-144.18
-128.88
-152.24
-140.75
-128.84
-144.48
-128.58
-135.29
-147.77
-128.97
-140.19
-153.1
-134.9
59.62
57.16
55.04
52.66
50.44
47.81
45.57
43.35
40.87
38.45
36.03
33.82
31.34
29.08
26.97
24.51
22.21
19.92
17.45
14.78
12.67
10.43
7.34
3.82
0.98
-2.35
-5.7
-8.76
-11.75
-13.95
-17.04
-18.49
-21.02
-23.33
-25.84
-28.02
-30.47
-33.32
-35.09
-37.36
-39.94
-42.48
-44.34
-46.91
-49.29
-51.63
-54
-56.23
-59.18
-61.05
-63.24
-65.66
-68.06
-70.41
-72.74
-75.55
-77.41
-79.68
-82.12
-84.56
-85.26
-85.26
-85.3
-85.29
-85.29
-85.27
-84.86
-82.05
-79.54
-77.28
-74.76
-72.51
-70.14
-67.68
-65.4
-63.14
-60.81
-58.19
-56.19
-53.65
-51.33
-49.12
-46.71
-44.23
-41.44
-39.59
-37.23
-34.79
-32.55
-30.31
-27.72
-25.24
-23.12
-20.8
-18.45
-15.87
-13.72
-11.38
-8.58
-5.37
-2.02
1.15
5.05
7.44
10.56
12.87
15.38
17.75
19.98
22.9
24.81
27.06
29.27
31.93
33.96
36.35
38.51
40.93
43.48
45.88
48.68
50.35
52.92
55.05
57.39
59.86
