128
52
77
110.22
107.05
100.52
102.7
114.66
97.59
97.16
110.41
89.4
97.21
103.5
85
105.86
112.96
96.36
114.66
128
119.87
116.46
123.41
98.25
102.74
112.96
94.18
100.09
92.48
79.09
92.15
81.17
76.87
91.2
90.4
97.4
103.59
100.33
106.86
118.59
100.19
101.09
132.31
105.58
103.59
107.05
99.95
95.98
96.12
89.26
106.81
98.91
88.98
97.68
113.48
110.45
108.23
122.61
109.93
110.64
122.8
126.35
130.56
483.43
480.17
479.32
2.86
2.69
2.69
3.12
2.43
1.95
3.17
2.73
-91.92
-134.95
-134.21
-126.63
-127.84
-139.5
-129.57
-136.29
-133.47
-120.08
-125.37
-139.58
-115.1
-133
-146.17
-139.8
-154.71
-160.08
-140.54
-169.14
-168.79
-136.64
-146.43
-155.1
-136.2
-134.9
-141.36
-127.06
-127.58
-125.07
-118.44
-133.47
-132.13
-121.69
-145.87
-137.63
-142.14
-158.57
-146.21
-144.26
-167.02
-149.38
-147.86
-158
-138.07
-126.02
-150.94
-137.24
-132.39
-147.43
-121.9
-131.52
-144.61
-128.36
-142.05
-155.71
-133.43
59.47
57.42
55.09
52.73
50.27
47.95
45.69
43.16
40.77
38.56
36.25
33.5
31.78
29.24
26.93
24.54
22.19
19.88
17.21
15.21
12.85
10.52
6.8
4.03
1.06
-2.28
-5.61
-8.83
-11.44
-14.26
-16.25
-18.36
-20.87
-23.36
-25.78
-27.89
-30.33
-32.69
-35.06
-37.21
-40.08
-42.19
-44.32
-46.71
-49.07
-51.53
-53.72
-56.74
-58.44
-60.94
-63.12
-65.48
-67.92
-70.12
-72.52
-74.91
-77.27
-79.48
-82.2
-84.33
-85.23
-85.23
-85.23
-85.24
-85.27
-85.28
-85.26
-85.25
-85.04
-81.64
-79.37
-77.13
-74.4
-72.43
-69.99
-67.56
-65.21
-62.8
-60.57
-57.93
-55.8
-53.52
-51.19
-48.3
-46.69
-44.15
-41.94
-39.56
-37.09
-34.66
-32.57
-30.24
-27.61
-25.31
-22.39
-20.68
-18.22
-15.84
-13.66
-11.23
-8.53
-4.74
-1.91
1.3
4.81
8.32
10.98
13.38
15.57
17.78
20.17
22.38
24.9
27.23
29.47
32.19
34.02
36.46
38.89
41.32
43.45
45.94
48.3
50.94
53.25
55.18
57.74
60.12
