126
51
76
108.32
102.55
96.45
100.71
109.84
93.57
98.34
103.93
86.75
96.17
99.62
85.52
106.05
107.09
93.52
117.93
123.56
116.22
112.77
117.93
91.34
104.02
107.71
93.71
112.35
80.23
76.44
88.36
75.21
73.79
82.31
83.59
94.09
97.78
91.67
101.51
152.93
88.17
98.67
121.52
93.14
99.01
94.94
91.44
88.79
87.8
82.97
98.15
90.02
84.72
107.24
108.51
101.32
107
116.51
101.42
103.17
117.93
121.95
341.57
398.57
399.71
-0.83
-0.65
-0.74
-1.13
-0.18
0.05
-0.13
-73.24
-133.78
-135.03
-126.15
-124.11
-142.57
-129.1
-138.63
-136.64
-114.15
-127.54
-140.49
-119.35
-130.92
-141.88
-135.86
-150.46
-157.14
-138.41
-167.84
-168.4
-134.04
-141.79
-161.82
-139.89
-134.38
-143.87
-131.05
-130.18
-128.79
-117.66
-137.07
-140.49
-125.89
-152.76
-145.87
-148.51
-168.27
-154.75
-154.14
-175.77
-158.61
-158.74
-162.12
-135.99
-132.52
-157.44
-143.7
-136.2
-151.28
-132.39
-133.73
-150.46
-132.3
-142.27
-158.09
-137.85
60.13
57.79
55.37
53
50.61
48.25
45.84
43.79
41.26
38.86
36.59
34.11
31.89
29.52
27.42
24.99
22.7
20.23
17.88
15.52
13.11
11.04
7.81
4.71
1.57
-1.88
-5.08
-8.2
-11.04
-13.41
-15.85
-18.29
-20.58
-22.94
-25.33
-27.66
-29.85
-32.3
-34.56
-36.95
-39.5
-41.66
-44.19
-46.24
-48.67
-51
-53.43
-55.75
-58.26
-60.64
-62.84
-65.2
-67.38
-69.84
-72.13
-74.6
-76.84
-79.22
-81.73
-83.85
-84.16
-84.19
-84.18
-84.18
-84.18
-84.18
-84
-81.01
-78.64
-76.39
-73.98
-71.77
-69.36
-66.94
-64.67
-62.15
-59.82
-57.39
-55.13
-52.95
-50.62
-48.07
-45.85
-43.49
-41.09
-38.72
-36.38
-33.91
-31.92
-29.47
-26.96
-24.73
-22.35
-19.95
-17.48
-15.3
-13.05
-10.67
-7.44
-4.21
-0.96
2.24
5.51
8.83
11.51
13.7
16.02
18.47
20.83
23.21
25.61
28.04
30.23
32.65
34.72
37.05
39.46
42
44.28
46.63
48.95
51.39
53.88
55.81
58.3
60.73
