117
40
67
100.8
97.26
108.75
90.92
95.22
108.18
88.93
96.69
98.77
81.08
98.15
92.9
89.26
110.83
108.18
101.23
125.12
123.65
112.63
95.74
106.15
102.6
84.77
86.57
97.63
79.42
94.84
97.63
111.49
109.08
122.28
98.25
131.22
115.33
104.59
90.49
92.81
106.91
96.26
92.86
107.14
117.12
106.57
119.49
151.28
116.7
123.84
129.61
444.31
454.96
458.08
0.26
-0.48
-1.43
0.65
-0.05
-0.65
0.65
0.22
-125.8
-142.92
-144.18
-130.53
-135.08
-148.29
-137.16
-141.92
-144.52
-129.57
-130.44
-146.3
-133.04
-134.86
-148.29
-144.61
-158.52
-162.77
-144.96
-173
-178.07
-141.92
-150.42
-167.23
-147.56
-143.74
-151.63
-133.56
-134.38
-131.61
-109.73
-132.74
-140.45
-119.52
-141.06
-145.56
-137.76
-157.05
-147.73
-143.18
-163.33
-153.54
-144.65
-155.62
-141.88
-122.47
-142.14
-125.67
-119.74
-135.21
-120.21
-120.52
-135.68
-117.92
-128.97
-145.3
-124.2
-129.05
61.25
58.8
56.48
54.07
51.73
49.6
47.15
44.77
42.4
39.96
37.63
35.27
32.91
30.61
28.43
25.69
22.86
20.53
17.44
11.99
5.27
2.52
-4.02
-7.17
-10.4
-12.75
-19.06
-19.75
-23.24
-27.25
-29.4
-33.8
-36.99
-39.62
-46.6
-54.13
-55.15
-57.6
-59.38
-62.13
-63.99
-66.38
-68.81
-71.2
-73.44
-76.54
-78.86
-82.11
-85.12
-85.18
-85.17
-85.2
-85.18
-85.2
-85.2
-85.2
-84.87
-81.71
-79.19
-77.06
-74.9
-71.64
-69.92
-67.83
-65.5
-63.19
-60.84
-58.47
-56.17
-53.72
-51.47
-48.93
-46.94
-44.38
-42.09
-39.72
-37.43
-34.75
-32.69
-30.32
-27.93
-25.65
-23.27
-20.91
-18.15
-16.44
-13.78
-11.45
-8.49
-5.51
-2.44
1.04
4.08
7.46
10.54
13.24
15.14
17.67
19.98
22.35
24.53
26.99
29.25
31.6
33.96
36.19
39.02
40.85
43.32
45.74
48.26
50.21
52.86
55.05
57.52
59.65
62.15
