126
51
76
109.18
103.83
97.97
98.72
110.22
93.24
96.74
103.88
85.62
94.42
99.24
84.91
110.03
118.59
95.55
118.21
128.38
120.34
114.62
122.7
97.11
106.43
108.94
95.46
99.1
83.92
78.48
89.78
99.76
75.35
86.05
86.14
96.45
99.48
95.6
104.3
111.78
90.54
100.33
123.22
95.55
99.86
98.06
93.76
88.88
95.55
84.2
97.21
88.98
80.79
94.56
106.2
100.76
108.61
117.08
100.85
101.42
117.64
121.85
336.56
458.74
455.14
0.7
0.44
1.17
0.13
0.48
0.7
1.69
-57.9
-133.43
-131.91
-125.54
-125.63
-139.67
-131.13
-137.24
-135.9
-123.94
-123.59
-137.94
-125.59
-132.78
-142.75
-138.89
-151.67
-159.61
-142.62
-169.7
-172
-136.42
-144.05
-163.94
-139.97
-134.64
-144.26
-129.14
-126.89
-123.98
-112.72
-105.09
-135.16
-121.43
-142.31
-145.09
-142.14
-161.95
-152.5
-151.72
-167.75
-160.08
-155.84
-166.67
-151.72
-130.96
-153.75
-139.89
-131.61
-142.96
-128.36
-127.62
-145.61
-127.93
-139.54
-152.97
-135.47
60.12
57.82
55.39
53.09
50.6
48.5
46.2
43.76
41.37
38.96
36.7
34.22
31.94
29.54
27.31
24.96
22.86
20.34
18.01
15.66
13.2
10.93
7.88
4.64
1.51
-1.83
-4.96
-8.22
-11.19
-13.53
-15.81
-18.24
-20.38
-22.76
-25.23
-27.51
-29.94
-32.32
-34.55
-36.92
-39.43
-41.67
-43.87
-46.26
-48.7
-51.02
-53.39
-55.8
-58.2
-60.54
-62.79
-64.93
-67.48
-69.92
-72.12
-74.59
-76.81
-79.21
-81.68
-83.85
-84.43
-84.44
-84.44
-84.43
-84.44
-84.42
-84.22
-81.1
-78.63
-76.65
-74.38
-71.78
-69.38
-67.01
-64.74
-62.17
-59.92
-57.62
-55.3
-53.06
-50.76
-48.25
-46.03
-43.52
-41.19
-38.82
-36.39
-34.08
-32.04
-29.57
-27.05
-24.83
-22.5
-20.1
-17.55
-15.58
-13.04
-10.7
-7.58
-4.38
-1.15
2.18
5.22
8.51
11.31
13.68
16
18.42
20.8
22.93
25.39
27.76
29.95
32.42
34.77
37.06
39.44
41.85
43.96
46.48
48.87
51.22
53.62
55.92
58.35
60.45
