126
51
76
166.51
169.3
173.93
175.92
190.77
196.64
188.55
187.98
182.87
175.49
182.54
169.58
140.44
149.95
146.59
135.81
145.32
133.16
133.63
130.41
141.58
138.5
148.86
154.02
159.93
159.79
140.58
159.17
162.63
143.71
133.96
134.81
125.5
133.02
127.01
123.56
127.67
127.15
111.54
126.58
152.55
135.71
143.47
148.96
154.02
160.97
170.05
153.4
179.09
162.72
156.34
166.93
154.44
138.22
154.21
150.66
132.64
143.33
136.85
321.71
416.45
408.93
13.57
-2.34
-2.99
-1.3
-1.04
-0.78
-2
-91.22
-136.07
-141.01
-90.62
-145.3
-142.1
-146.47
-151.85
-155.71
-149.07
-161.08
-175.81
-151.33
-159.91
-142.62
-144.18
-135.99
-122.68
-114.67
-136.98
-110.64
-107.04
-112.07
-109.6
-111.85
-118.52
-127.49
-122.77
-128.1
-131.83
-130.01
-153.45
-152.71
-142.79
-143.79
-149.59
-138.28
-129.05
-122.64
-125.02
-123.33
-120.47
-115.62
-127.75
-124.33
-126.54
-131.78
-133.17
-158.65
-161.9
-169.05
-167.19
-173.39
-159.65
-169.23
-159.91
-139.45
60.81
58.56
55.94
53.69
51.4
48.65
46.64
44.2
41.87
39.14
37.34
34.92
32.18
30.2
28.07
25.67
22.86
20.8
18.7
16.37
13.5
11.71
9.12
5.08
2.24
-0.9
-4.39
-7.65
-10.42
-12.79
-15.58
-17.73
-19.92
-22.11
-24.73
-27.05
-29.33
-31.6
-34.21
-36.28
-38.54
-41.62
-43.3
-45.7
-48.17
-50.72
-52.66
-55.09
-57.21
-60.2
-62.15
-64.6
-66.9
-69.41
-71.56
-73.89
-76.76
-78.49
-81
-83.73
-84.2
-84.24
-84.25
-84.25
-84.26
-84.25
-83.85
-80.88
-78.63
-76.43
-73.81
-71.65
-69.34
-66.97
-64.11
-62.2
-60.07
-57.12
-55.09
-52.81
-50.48
-47.63
-45.85
-43.43
-41.16
-38.57
-36.34
-34.15
-31.61
-29.08
-26.88
-24.66
-21.83
-19.99
-17.63
-15
-12.86
-10.5
-7.34
-4.24
-1.3
2.08
6.29
9.15
11.46
13.94
16.18
18.7
20.86
23.2
26.06
27.91
30.12
33.08
34.79
37.26
39.63
42.26
44.1
46.55
49.18
51.46
53.8
55.96
58.6
60.86
