118
51
76
109.32
102.74
115.37
101.7
117.74
99.15
101.28
111.45
91.53
99.53
108.18
91.11
112.58
120.53
104.07
123.41
134.62
125.35
117.08
128.19
102.18
115.42
120.86
101.89
108.37
98.2
85.15
99.53
86.71
82.69
96.97
95.88
106.67
111.68
109.89
115.8
126.2
106.43
110.97
137.84
116.46
108.66
107.95
104.73
99.48
97.73
90.92
105.53
99.67
90.35
101.51
115.94
112.49
115.09
128.57
115.23
112.25
124.17
129.14
325.06
373.12
372.51
-3.21
-3.86
-3.6
-4.77
-3.12
-3.34
-2.17
-74.24
-147.9
-144.87
-141.49
-139.32
-154.19
-140.97
-142.36
-146.39
-131.91
-134.12
-148.16
-139.11
-139.32
-154.97
-149.46
-149.68
-157.27
-152.45
-182.23
-184.74
-149.68
-158.35
-177.2
-153.62
-147.82
-152.28
-140.88
-154.58
-149.33
-146.34
-164.63
-148.86
-153.75
-168.4
-146.69
-151.54
-157.35
-135.29
-130.53
-146.95
-123.29
-107.17
-136.94
-116.4
-132.13
-125.07
-141.1
-142.4
60.11
57.78
55.4
53.25
50.9
48.43
46.06
43.7
41.31
39.15
36.89
34.31
32.04
29.66
27.43
25.06
22.76
20.39
18.02
15.74
13.24
11.02
8.11
4.97
1.64
-1.6
-4.91
-8.12
-11.09
-13.37
-15.85
-18.14
-20.51
-22.62
-25.05
-27.41
-29.83
-32.21
-34.56
-36.9
-39.19
-41.59
-43.9
-46.27
-48.69
-51.01
-53.37
-55.74
-58.19
-60.3
-62.63
-65.02
-67.39
-69.85
-72.05
-74.4
-76.65
-79.03
-81.51
-83.9
-84.22
-84.23
-84.22
-84.27
-84.25
-84.26
-84.1
-81.31
-78.81
-76.53
-74.03
-71.94
-69.61
-67.09
-64.86
-62.37
-60.09
-57.56
-55.32
-52.88
-50.62
-48.44
-46.07
-43.65
-41.29
-38.95
-36.55
-34.12
-31.91
-29.63
-27.11
-24.85
-22.54
-20.15
-17.73
-14.78
-13.16
8.74
11.53
13.88
16.7
19.07
21.34
23.93
26.26
28.08
30.07
32.8
35.16
37.31
39.75
42
44.33
48.89
51.87
54.55
57.07
58.53
