126
51
76
99.48
90.44
88.03
89.45
102.7
83.92
89.12
95.08
75.64
85.38
93.33
77.06
96.5
102.51
88.17
108.37
114.47
108.42
102.6
110.22
88.65
99.72
104.16
88.88
92.67
80.23
72.09
85.05
69.25
71.71
80.98
79.66
90.02
97.35
92.01
100.85
106.72
92.24
98.25
122.75
99.29
98.86
93.9
92.81
88.51
87.18
80.89
97.11
86.61
80.32
89.69
105.44
99.29
104.82
114.99
100.05
101.42
113.24
117.22
332.49
390.67
437.88
-0.7
-0.52
-0.48
-0.05
-0.78
0.65
17.6
-102.79
-132.56
-133.26
-124.11
-129.7
-138.85
-127.36
-136.2
-135.81
-122.12
-125.33
-139.32
-125.63
-133.78
-143.18
-142.75
-152.24
-155.27
-142.1
-163.46
-164.16
-134.17
-139.84
-149.77
-129.75
-127.41
-136.77
-119.61
-120.86
-114.49
-107.73
-123.77
-124.03
-114.02
-129.62
-130.09
-128.66
-131.44
-137.42
-135.81
-153.28
-142.27
-139.63
-151.93
-136.25
-125.72
-145.52
-129.44
-124.2
-137.81
-122.9
-122.9
-136.12
-122.51
-131.13
-146.6
-128.27
60.2
57.79
55.42
53.05
50.67
48.2
45.94
43.56
41.07
39.03
36.72
34.18
31.91
29.53
27.23
24.9
22.56
20.34
17.98
15.53
13.14
10.84
7.86
4.59
1.37
-1.91
-5.12
-8.27
-11.3
-13.39
-15.79
-18.14
-20.53
-22.91
-25.39
-27.67
-30.09
-32.21
-34.71
-36.96
-39.41
-41.7
-44.12
-46.44
-48.81
-51.24
-53.52
-55.87
-58.31
-60.67
-62.68
-65.17
-67.55
-69.93
-72.22
-74.71
-76.98
-79.16
-81.63
-83.94
-84.23
-84.56
-84.53
-84.55
-84.56
-84.56
-84.31
-81.13
-78.88
-76.71
-74.19
-71.81
-69.43
-67.09
-64.72
-62.24
-60.24
-57.66
-55.39
-53.08
-50.74
-48.29
-46.03
-43.56
-41.2
-38.92
-36.54
-34.33
-32
-29.63
-27.18
-24.86
-22.46
-20.1
-17.68
-15.72
-13.21
-10.83
-7.59
-4.52
-1.24
2.06
5.31
8.54
11.34
13.54
15.82
18.33
20.68
23.06
25.38
27.8
30.01
32.42
34.54
36.99
39.34
41.71
44.05
46.48
48.88
50.95
53.52
55.76
58.2
60.54
