126
51
76
112.77
107.38
100.43
99.76
115.8
96.03
103.22
109.32
89.03
102.18
102.55
85.86
108.94
110.97
99.15
120.29
129.66
120.01
116.74
122.47
97.07
107.99
112.68
97.3
103.17
88.6
78.19
93.05
81.36
82.54
86.94
87.56
100.09
115.89
99.38
113.39
116.13
94.8
107.38
130.13
103.07
107.38
100.33
97.07
95.93
91.3
89.45
102.65
94.32
89.36
99.86
115.94
105.77
113.95
123.41
108.42
107.95
124.03
126.16
349.38
472.98
473.02
7.8
3.17
3.6
2.73
2.26
3.73
4.03
-62.36
-134.99
-132.56
-130.87
-125.15
-139.24
-132.39
-135.16
-132.26
-127.45
-116.27
-134.34
-133.56
-129.23
-140.36
-136.42
-150.55
-152.5
-146.52
-160.52
-173.56
-136.68
-135.55
-163.68
-148.16
-128.88
-141.06
-130.18
-122.86
-128.92
-109.03
-121.82
-136.38
-115.49
-130.4
-146.65
-136.94
-153.49
-150.42
-144.31
-160.3
-163.9
-149.07
-159.52
-157.7
-129.36
-150.63
-143.92
-124.07
-137.03
-131.57
-130.09
-146.69
-134.99
-136.29
-151.11
-136.77
59.24
57
54.07
52.42
49.97
47.62
45.37
42.93
40.46
37.95
35.79
33.49
31.18
28.56
26.57
24.21
21.88
19.44
17.21
14.76
11.81
10.21
6.86
3.81
-0.05
-2.82
-6.14
-9.72
-12.35
-14.73
-16.93
-19.01
-21.33
-23.64
-26.08
-28.71
-30.93
-33.2
-35.33
-37.64
-40.2
-42.63
-45.18
-47.57
-49.8
-52
-54.13
-56.48
-58.98
-61.85
-63.91
-66.21
-68.36
-70.64
-73.04
-75.31
-77.58
-79.96
-82.32
-84.62
-85.24
-85.22
-85.21
-85.23
-85.24
-85.28
-85.11
-82.69
-79.98
-77.38
-75.66
-73
-70.62
-68.5
-66.14
-63.55
-60.9
-59.16
-56.71
-54.4
-52.1
-49.63
-47.16
-44.63
-42.55
-40.22
-37.9
-35.57
-33.11
-30.93
-27.69
-26.35
-23.78
-21.46
-18.73
-16.94
-14.41
-11.88
-9.37
-5.97
-2.88
1.04
3.38
6.78
9.99
12.65
14.68
17.14
19.94
21.56
24.07
26.32
28.96
31.01
33.54
35.73
38.16
40.61
42.85
45.46
47.66
49.77
52.31
54.73
56.77
59.21
