117
43
67
101.23
98.53
93.38
95.84
106.15
92.34
96.4
104.87
91.72
87.04
99.95
84.15
103.83
137.42
97.21
120.72
110.5
107.99
97.21
170.48
100.24
97.4
101.75
93.94
81.27
78.05
80.18
92.38
92.19
102.6
107.38
123.08
98.2
133.82
114.95
99.34
100.71
97.35
92.29
99.15
98.96
91.39
97.45
114.43
112.91
107.05
126.49
111.07
129.52
129.52
351.98
451.36
452.35
1.52
0.57
0.52
0.83
0.44
2.17
0.26
-43.99
-138.54
-139.15
-140.15
-129.14
-146.52
-136.64
-136.38
-139.76
-134.69
-117.87
-138.8
-144.83
-131.13
-141.4
-140.49
-153.84
-157.83
-152.63
-158.05
-181.58
-152.71
-146.56
-164.42
-153.45
-143.44
-146.95
-134.86
-125.89
-133.04
-112.33
-120.3
-141.49
-119.82
-127.36
-149.46
-135.25
-149.77
-154.53
-138.59
-155.36
-163.07
-145.17
-154.4
-154.53
-125.37
-142.79
-142.4
-119.95
-134.38
-114.23
-122.99
-135.12
-129.92
-131.05
-143.27
-132.69
60.05
57.82
55.53
52.98
50.73
48.24
45.93
43.52
41.39
38.86
36.56
33.57
31.77
29.17
26.79
23.88
18.66
13.68
12.62
10.56
5.01
3.89
0.97
-2.42
-5.53
-13.06
-13.74
-17.41
-18.65
-21.53
-27.24
-30.57
-33.3
-37.31
-43.16
-47.89
-49.21
-51.48
-53.45
-55.89
-58.55
-60.6
-62.89
-65.04
-67.51
-69.93
-72.84
-75.48
-80.62
-82.38
-84.64
-85.18
-85.21
-85.2
-85.2
-85.2
-85.17
-85.07
-82.31
-79.68
-77.6
-74.68
-72.63
-71.04
-68.76
-65.72
-63.4
-61.18
-59.29
-56.91
-54.63
-51.84
-49.92
-47.39
-45.13
-42.55
-40.44
-37.97
-35.51
-33.53
-31.19
-28.6
-26.14
-24.19
-21.66
-19.45
-17.1
-14.63
-12.18
-9.04
-6.61
-3.37
0.06
3.34
6.27
9.53
12.8
14.49
16.87
19.16
21.51
23.76
26.28
28.85
30.89
33.23
35.48
37.94
40.25
42.59
45.05
47.33
49.45
52.03
54.34
56.71
59.09
