127
52
77
105.01
100.61
95.51
97.63
106.81
94.42
94.23
102.51
92.9
85.76
101.28
88.55
105.44
124.69
97.02
104.73
120.81
120.1
104.68
120.95
99.34
95.41
111.4
93.76
95.79
95.93
77.91
85.62
86.52
76.73
93.76
91.77
96.12
101.8
103.83
104.45
115.18
106.43
93.42
127.72
119.72
101.94
110.74
102.6
96.22
100.19
90.92
94.94
97.97
91.53
96.12
112.2
111.92
102.93
119.49
109.93
111.02
115.18
129.04
129.85
413.8
417.02
417.73
0.65
0.26
0.31
0.7
1.17
1.61
1.48
2.26
-141.84
-139.97
-144.05
-127.32
-138.33
-142.36
-134.56
-130.66
-126.06
-114.8
-129.36
-144.44
-120.56
-137.89
-145.26
-146.43
-153.54
-157.44
-153.1
-175.29
-160.08
-142.57
-160.78
-152.89
-138.11
-145.26
-136.42
-124.33
-130.31
-114.23
-118.31
-141.53
-118.52
-122.38
-147.34
-132.87
-144.57
-155.45
-136.85
-154.53
-162.38
-141.79
-153.28
-155.75
-126.45
-126.11
-147.25
-120.78
-132.91
-140.23
-121.38
-134.6
-136.85
-127.49
-146.6
-142.01
60.38
57.42
55.66
53.31
50.97
48.17
46.2
43.93
41.47
39.04
36.96
34.43
31.73
29.69
27.62
25.1
22.83
20.51
18.06
15.54
13.31
11.07
8.23
4.23
1.55
-1.33
-4.86
-7.92
-10.93
-13.37
-16.01
-17.85
-20.29
-22.74
-25.08
-27.42
-29.77
-32.28
-34.31
-36.79
-38.92
-41.84
-43.62
-46.23
-48.31
-50.74
-53.15
-55.57
-58.44
-60.3
-62.63
-65.04
-67.45
-69.72
-72.11
-75.03
-76.63
-79.08
-81.28
-84.01
-85.04
-85.1
-85.11
-85.11
-85.08
-85.09
-85.1
-85.08
-84.11
-80.95
-78.41
-76.49
-73.75
-71.47
-69.09
-66.8
-64.43
-61.67
-59.63
-57.44
-54.95
-52.55
-50.4
-47.9
-45.42
-43.4
-41
-38.41
-36.25
-33.82
-31.85
-29.03
-26.9
-24.53
-22.12
-19.35
-17.51
-15.1
-12.72
-10.39
-6.96
-4.12
-0.38
2.62
5.8
8.93
11.75
13.8
16.26
18.78
21.04
23.4
25.81
28.45
30.25
32.83
34.82
37.28
39.76
42.03
44.66
46.77
49.1
51.35
53.83
56.13
58.37
