126
51
76
113.81
107.66
100.33
106.53
116.56
112.91
103.26
107.09
90.26
103.22
102.03
88.46
116.79
112.53
112.87
122.18
126.63
114.43
120.2
115.51
107.95
112.53
110.78
96.45
101.32
84.01
81.08
94.04
77.2
76.96
87.46
87.04
97.54
103.59
96.88
110.5
115.51
92.29
106.15
126.44
94.75
121
141.72
95.79
93.85
89.69
87.23
103.36
90.11
89.64
99.34
111.92
108.14
114.62
122.52
106.86
106.05
124.88
147.44
334.05
451.22
448.48
2.47
2.43
2.3
2.69
2.13
2.91
2.65
-54.13
-134.56
-134.12
-128.32
-124.59
-141.92
-129.88
-136.12
-134.56
-125.76
-125.02
-138.24
-128.88
-132.61
-143.48
-138.37
-151.37
-158.96
-143.01
-165.28
-171.05
-134.9
-130.4
-161.95
-136.16
-131.78
-144.52
-128.01
-125.72
-118.18
-110.77
-127.8
-136.51
-119.56
-140.67
-148.42
-142.27
-160.04
-137.89
-146.91
-170.57
-162.08
-152.58
-163.68
-153.93
-130.87
-151.63
-137.5
-128.88
-145.39
-132.87
-129.83
-149.29
-129.53
-140.32
-154.19
-134.51
59.07
56.7
54.47
52.15
49.77
47.25
45.02
42.67
40.02
37.92
35.58
33.39
30.69
28.57
26.25
24.1
21.68
19.12
17.04
14.34
12.23
9.76
6.62
3.27
0.2
-3.17
-6.44
-9.68
-12.12
-14.49
-17.41
-19
-21.6
-23.67
-26.35
-28.48
-30.93
-33.57
-35.37
-37.86
-40.46
-42.58
-44.99
-47.42
-49.86
-51.92
-54.39
-56.8
-59.48
-61.51
-63.8
-65.95
-68.31
-70.87
-73.14
-75.99
-77.64
-80.15
-82.54
-84.61
-85.15
-85.14
-85.15
-85.16
-85.16
-85.18
-84.93
-82.21
-79.89
-77.42
-75.16
-72.56
-70.42
-67.74
-65.66
-63.28
-61.02
-58.64
-56.49
-53.97
-51.14
-49.26
-46.9
-44.52
-41.89
-39.81
-37.51
-35
-32.86
-30.39
-28.04
-25.77
-23.34
-21.09
-18.62
-16.36
-13.95
-11.66
-8.48
-5.65
-2.56
0.85
4.26
7.28
10.33
13.17
14.87
17.59
19.91
22.25
24.44
26.8
29.08
31.46
33.68
36.01
38.95
40.82
43.02
45.46
48.2
50.25
52.64
54.93
57.31
59.79
