146
62
90
45.41
70.01
47.87
45.98
48.15
46.45
71.14
43.33
42
42.29
42.95
42.48
45.41
42.29
42.1
42
39.92
43.52
64.14
43.23
43.05
38.6
43.14
41.53
42.86
41.06
39.64
46.07
45.98
49.29
42.67
42.38
42.38
43.52
45.13
47.3
43.52
51.46
50.14
45.41
35.38
42.76
46.17
46.64
50.42
47.11
47.59
51.46
52.6
48.82
50.9
51.75
56.1
49.95
49.57
45.69
49.1
47.49
45.32
40.96
39.54
29.23
37.08
137.65
205.76
239.63
409.73
-0.09
-1.04
1.99
-2.25
1.21
0.26
0.78
-0.35
12.91
-0.26
0.09
0.17
0.78
-0.52
-25.83
-33.71
-37.35
-45.07
-45.33
-52.78
-52.87
-55.38
-47.76
-48.62
-50.96
-45.68
-46.8
-43.25
-47.15
-47.76
-50.62
-47.15
-51.57
-45.33
-48.8
-48.02
-48.1
-46.54
-45.85
-46.72
-50.79
-49.66
-43.59
-41.6
-46.02
-45.33
-46.46
-45.16
-44.11
-47.15
-44.29
-44.38
-42.99
-44.55
-46.8
-45.07
-45.07
-47.41
-42.29
-46.2
-44.72
-45.16
-46.72
-40.56
-45.94
-42.73
-44.81
-43.85
-43.68
-43.77
-36.14
-48.02
-49.92
-53.22
-52.87
-49.06
-52.78
-39.17
-51.14
64.26
61.7
59.32
56.63
54.09
51.66
49.12
46.49
43.98
41.74
39.22
36.61
34.22
31.6
29.16
26.55
24.05
21.44
18.95
16.4
14.13
11.57
8.71
5.18
1.77
-1.99
-5.4
-9.02
-11.72
-14.33
-16.87
-19.36
-21.89
-24.42
-26.87
-29.47
-31.92
-34.55
-37.12
-39.54
-42.15
-44.41
-46.93
-49.53
-52.1
-54.63
-57.12
-59.66
-62.26
-64.74
-67.34
-69.78
-72.13
-74.65
-77.22
-79.79
-82.37
-84.82
-87.43
-89.84
-92.43
-94.91
-97.51
-99.93
-102.49
-104.75
-105.42
-105.44
-105.48
-105.36
-104.37
-102.64
-100.4
-97.92
-95.4
-92.9
-90.32
-87.82
-85.28
-82.78
-80.14
-77.97
-75.42
-72.87
-70.19
-67.78
-65.17
-62.7
-60.17
-57.54
-55.1
-52.53
-50.01
-47.55
-44.98
-42.44
-39.8
-37.39
-34.71
-32.58
-29.81
-27.34
-24.83
-22.36
-19.75
-17.26
-14.72
-12.11
-9.79
-6.18
-2.65
0.93
4.42
7.85
11
13.44
16.06
18.61
21.08
23.71
26.21
28.5
31.16
33.61
36.24
38.65
41.26
43.72
46.22
48.75
51.34
53.62
56.16
58.7
61.28
63.75
66.28
68.9
71.49
73.93
76.49
79.01
81.57
84.05
86.68
89.09
