128
52
77
114.66
123.18
127.24
118.16
128.57
135.19
122.99
125.82
129.14
117.88
125.45
120.62
109.93
118.07
120.15
105.39
123.46
126.58
111.25
125.73
120.81
107.75
127.43
133.3
137.18
129.32
119.39
133.96
132.82
114.09
112.01
111.82
123.18
129.99
116.93
112.2
114
116.27
106.71
128.38
132.82
116.27
122.51
161.77
128.28
133.01
124.22
125.26
130.46
128.19
123.27
131.88
128.47
114.94
123.93
120.05
114.28
131.22
122.61
117.31
840.18
835.83
837.16
-4.68
-3.03
-3.64
-3.12
-1.99
-5.2
-2.43
-2.95
-52.35
-124.8
-125.06
-120.73
-106.95
-113.97
-122.9
-133.21
-125.93
-116.14
-134.6
-130.96
-119.34
-126.02
-130.87
-113.45
-122.55
-116.05
-121.34
-131.48
-107.04
-109.9
-116.14
30.25
-109.9
-134.08
-125.58
-113.88
-115.36
-121.25
-132
-125.93
-115.18
-119.69
-122.64
-120.21
-122.03
-115.96
-112.58
-118.74
-111.54
-105.91
-111.8
-112.41
-106.69
-119
-121.68
-123.16
-134.08
-126.62
-129.31
-114.14
-126.19
-122.12
-119.95
-111.28
-114.49
62.13
59.81
57.43
55.05
52.67
50.43
48.06
45.72
43.22
40.98
38.58
36.24
33.87
31.79
29.42
27.06
24.64
22.22
19.91
17.75
15.24
12.92
10.54
7.46
4.17
0.93
-2.28
-5.58
-8.77
-11.33
-13.68
-16.22
-18.57
-20.95
-23.25
-25.48
-27.94
-30.28
-32.64
-34.95
-37.36
-39.71
-42.17
-44.17
-46.69
-49.04
-51.47
-53.72
-56.16
-58.3
-60.73
-63.03
-65.4
-67.78
-70.31
-72.59
-75.02
-77.24
-79.46
-81.91
-83.09
-83.1
-83.09
-83.12
-83.09
-83.1
-83.07
-83.09
-82.62
-79.22
-76.75
-74.55
-71.97
-69.61
-67.33
-64.87
-62.74
-60.34
-57.95
-55.55
-53.18
-50.88
-48.65
-46.29
-43.86
-41.56
-39.12
-36.76
-34.43
-32.1
-29.99
-27.44
-25.06
-22.82
-20.39
-17.96
-15.64
-13.34
-10.98
-7.9
-4.8
-1.52
1.71
5.05
8.24
10.87
13.37
15.69
18.15
20.41
22.88
25.2
27.61
29.64
32.17
34.47
36.89
39.13
41.63
43.9
46.05
48.52
50.88
53.29
55.59
58.06
60.42
62.59
