128
52
77
112.58
117.69
123.65
121
127.05
135.47
122.13
131.03
128.76
118.82
126.2
112.39
108.98
121.66
110.31
106.34
119.67
117.31
113.53
129.61
118.35
111.63
131.78
131.88
144.27
130.93
111.73
293.94
129.89
111.63
117.31
113.71
120.15
114.19
110.59
125.35
114.38
109.17
110.88
134.05
126.86
112.77
131.12
123.08
130.46
129.32
120.9
124.97
128.95
124.88
124.22
135.47
140.49
119.96
126.01
133.39
116.17
133.2
124.59
120.62
889.57
882.09
877.08
-1.82
-2.51
-0.35
-2.77
-3.29
-1.99
-4.68
-5.11
-123.42
-123.42
-127.32
-121.68
-125.67
-117.96
-125.32
-132.26
-130
-119.6
-134.86
-132.52
-117.61
-119.69
-128.44
-132.95
-116.14
-117.09
-116.31
-129.92
-113.28
-114.84
-117.35
-113.45
-118.48
-124.28
-120.12
-113.19
-113.45
-119.69
-121.42
-130.61
-118.65
-117.52
-117.87
-118.91
-123.76
-113.54
-114.49
-117.52
-112.15
-88.58
-110.85
60.58
-101.49
-98.8
-114.92
-107.99
-122.12
-128.27
-130.78
-131.04
-126.36
-122.81
-125.15
-115.44
-85.63
61.53
59.28
56.94
54.58
52.21
49.76
47.57
45.14
42.75
40.41
38.04
35.66
33.32
30.97
28.58
26.62
24.1
21.77
19.4
17.08
14.6
12.49
10.02
6.86
3.47
0.17
-3.04
-6.26
-9.6
-11.9
-14.31
-16.77
-19.09
-21.44
-23.81
-26.23
-28.35
-30.85
-33.11
-35.5
-37.88
-40.3
-42.59
-45.07
-47.15
-49.58
-52
-54.28
-56.71
-58.89
-61.39
-63.72
-66.12
-68.44
-70.83
-73.11
-75.34
-77.71
-80.16
-82.54
-83.1
-83.13
-83.14
-83.13
-83.14
-83.11
-83.08
-83.12
-82.87
-79.71
-77.44
-75.09
-72.51
-70.29
-68.03
-65.73
-63.17
-60.97
-58.54
-56.23
-53.81
-51.5
-49.1
-46.79
-44.43
-42.03
-39.9
-37.36
-35.09
-32.7
-30.39
-27.91
-25.6
-23.43
-21.01
-18.65
-16.29
-13.78
-11.48
-8.68
-5.56
-2.54
0.92
4.06
7.41
10.51
12.9
15.04
17.54
19.83
22.29
24.58
27.06
29.2
31.64
33.97
36.04
38.5
40.89
43.24
45.63
48.1
50.17
52.61
55.04
57.44
59.73
62.14
