144
62
82
142.95
140.87
139.45
140.96
138.22
150.52
137.74
143.52
126.86
133.39
140.39
142.76
144.27
130.36
140.96
131.59
131.78
130.93
121.95
136.89
130.27
132.45
139.45
124.88
130.46
131.31
120.81
141.72
124.4
129.42
135.95
121.38
145.97
121.47
121.28
132.82
133.58
131.69
121.76
121.57
133.11
137.18
141.62
125.26
139.92
127.05
132.82
124.22
149
126.77
138.78
136.04
137.37
134.34
133.87
128.47
159.6
149.85
155.62
151.46
141.15
148.53
150.7
541.99
760.71
772.54
4.33
1.21
0.26
0.52
0.52
1.47
-0.09
-1.13
1.39
0.43
1.82
0.52
-117.7
-126.71
-113.19
-135.81
-161.47
-130.87
-147.17
-135.99
-132.17
-138.33
-134.43
-135.12
-132.52
-131.74
-143.53
-136.25
-124.72
-131.48
-128.96
-147.34
-142.66
-141.01
-131.56
-137.72
-135.03
-126.88
-127.06
-129.05
-131.82
-138.33
-125.5
-133.82
-127.23
-135.47
-142.92
-131.04
-133.82
-122.03
-137.46
-136.33
-124.8
-135.47
-130.52
-131.04
-141.36
-130.78
-131.74
-125.15
-124.2
-139.8
-119.17
-139.28
-137.72
-126.62
-134.43
-133.13
-140.23
-141.27
-147.6
-145.69
-142.49
-135.9
-125.5
-115.36
-125.76
-129.31
59.21
56.71
54.16
51.62
49.02
46.54
43.99
41.42
38.97
36.49
33.91
31.34
28.9
26.65
24.13
21.48
18.95
16.4
13.89
11.45
8.34
4.87
1.4
-2.19
-5.53
-8.77
-11.86
-14.36
-16.92
-19.37
-21.91
-24.44
-26.93
-29.53
-31.98
-34.59
-37.02
-39.61
-42.11
-44.65
-47.13
-49.76
-52.29
-54.8
-57.35
-59.92
-62.13
-64.69
-67.29
-69.9
-72.37
-74.91
-77.41
-79.98
-82.49
-85.06
-87.58
-89.9
-92.41
-94.91
-97.52
-100.12
-102.5
-104.85
-105.27
-105.26
-105.29
-105.29
-105.29
-105.27
-105.25
-103.41
-100.53
-97.97
-95.46
-92.95
-90.35
-88.21
-85.65
-83.1
-80.5
-78
-75.47
-72.94
-70.33
-67.85
-65.28
-63.01
-60.44
-57.87
-55.27
-52.71
-50.18
-47.72
-45.23
-42.73
-40.2
-37.7
-35.09
-32.61
-30.13
-27.61
-24.96
-22.52
-19.98
-17.38
-15.1
-12.5
-9.78
-6.29
-2.8
0.68
4.19
7.66
10.89
13.4
15.92
18.22
20.76
23.44
25.92
28.51
30.94
33.42
35.94
38.43
41.04
43.59
45.99
48.61
51.28
53.76
56.22
58.7
61.22
63.73
66.28
68.83
71.13
73.68
76.25
78.82
81.34
83.81
