144
62
82
138.5
147.58
148.15
145.6
137.18
144.65
140.11
147.58
131.12
139.35
138.12
155.53
143.14
140.68
135.19
131.97
141.15
136.42
131.22
135
126.49
138.31
138.69
125.45
127.15
131.12
127.15
140.49
125.54
132.07
129.14
125.07
138.31
118.54
132.07
124.69
125.82
140.39
128.76
125.63
134.24
132.35
143.99
136.23
140.87
120.34
135.38
129.32
143.7
125.35
136.42
134.81
136.14
136.99
137.84
133.96
164.61
150.04
161.87
141.24
136.61
142.57
146.35
652.11
812.84
813.03
-1.04
-0.61
0.35
0.17
-0.43
-0.87
2.34
0.09
1.39
1.73
-0.09
-0.52
-107.04
-131.13
-115.36
-134.69
-160.17
-127.32
-143.79
-141.88
-131.56
-139.54
-136.42
-135.99
-137.46
-133.65
-145.61
-139.37
-127.75
-133.47
-129.22
-145.61
-141.01
-139.28
-135.29
-140.75
-137.89
-124.2
-128.53
-127.23
-132.52
-138.33
-124.37
-133.82
-125.5
-133.99
-139.97
-128.88
-127.92
-120.82
-133.82
-135.99
-123.42
-132.78
-129.05
-134.43
-141.45
-133.39
-137.03
-127.75
-133.99
-143.35
-127.49
-145.87
-138.67
-134.51
-137.63
-132
-139.89
-142.31
-150.72
-142.05
-140.06
-137.11
-130.44
-91.18
-129.57
-131.65
58.6
56.21
53.56
50.99
48.49
45.93
43.39
40.97
38.38
35.85
33.35
30.79
28.34
25.76
23.57
20.97
18.4
15.84
13.31
10.83
7.73
4.15
0.62
-3.01
-6.05
-9.61
-12.46
-15.03
-17.45
-20.02
-22.5
-25.06
-27.52
-30.17
-32.69
-35.14
-37.7
-40.19
-42.84
-45.24
-47.76
-50.29
-52.83
-55.37
-57.95
-60.43
-62.69
-65.24
-67.85
-70.43
-72.9
-75.46
-77.94
-80.56
-83.06
-85.67
-88.08
-90.43
-92.93
-95.5
-98.12
-100.57
-103.08
-105.03
-105.43
-105.45
-105.45
-105.46
-105.46
-105.49
-105.46
-103.97
-100.74
-98.18
-95.64
-93.34
-90.7
-88.28
-85.68
-83.16
-80.54
-78.15
-75.52
-72.99
-70.46
-68.24
-65.66
-63.18
-60.58
-58.16
-55.55
-52.91
-50.43
-47.84
-45.35
-42.88
-40.31
-37.78
-35.21
-32.66
-30.27
-27.68
-25.09
-22.68
-20.04
-17.71
-15.15
-12.63
-10.01
-6.59
-3.01
0.45
4.05
7.5
10.52
13.07
15.65
18.12
20.75
23.19
25.78
28.29
30.76
33.3
35.79
38.43
40.92
43.43
45.94
48.45
50.81
53.32
55.96
58.44
60.98
63.56
66.08
68.65
71.18
73.75
76.23
78.71
81.03
83.59
