143
62
83
139.07
155.53
150.04
149.57
144.27
143.23
141.15
152.41
133.01
142
136.33
153.07
169.53
142.95
138.31
125.35
138.6
135.1
130.84
136.61
166.31
138.12
143.61
128.57
131.59
124.4
128.66
141.72
131.41
143.7
134.81
128.47
138.22
131.78
145.69
134.53
124.59
143.42
143.14
130.27
132.92
134.62
142.85
140.3
141.62
120.15
137.18
137.18
146.45
125.92
139.92
138.41
141.43
136.42
135.28
133.87
164.33
154.68
173.98
145.22
136.04
147.58
150.89
853.81
864.59
863.74
1.39
1.04
1.65
0.78
1.47
7.8
-0.95
3.38
-0.78
2.77
0.52
0.35
2.77
-123.59
-116.22
-137.37
-152.37
-131.91
-137.89
-141.79
-135.81
-137.03
-134.25
-136.59
-133.82
-140.23
-134.69
-141.88
-131.65
-133.21
-126.97
-147.95
-140.32
-142.05
-135.9
-137.89
-136.16
-131.13
-129.22
-133.47
-129.74
-136.16
-125.76
-135.64
-126.45
-130.35
-142.75
-126.8
-130.52
-126.88
-126.1
-143.96
-123.85
-131.48
-133.39
-115.79
-148.9
-136.94
-132.86
-133.56
-133.47
-147.69
-127.75
-142.14
-137.98
-135.55
-139.8
-133.47
-140.15
-144.22
-147.95
-155.57
-143.18
-137.11
-134.25
-128.96
-131.39
58.36
55.86
53.29
50.88
48.29
45.72
43.43
40.9
38.27
35.74
33.22
30.8
28.3
25.74
23.2
20.65
18.16
15.59
13.3
10.77
7.57
3.93
0.46
-3.01
-6.43
-10.02
-12.56
-15.13
-17.61
-20.2
-22.69
-25.34
-27.9
-30.45
-32.83
-35.37
-37.86
-40.38
-42.72
-45.24
-47.84
-50.44
-52.88
-55.49
-58.06
-60.54
-63.14
-65.64
-68.14
-70.49
-73.11
-75.55
-78.13
-80.75
-83.22
-85.76
-88.17
-90.74
-93.2
-95.8
-98.31
-100.82
-103.46
-105.35
-105.44
-105.46
-105.46
-105.47
-105.45
-105.46
-105.47
-104.43
-101.38
-98.75
-96.25
-93.69
-91.16
-88.66
-86.15
-83.94
-81.16
-78.62
-76.12
-73.64
-71.02
-68.53
-66.07
-63.51
-60.88
-58.46
-55.83
-53.62
-51.04
-48.44
-45.87
-43.43
-40.81
-38.4
-35.74
-33.26
-30.68
-28.22
-25.9
-23.35
-20.85
-18.32
-15.64
-13.11
-10.5
-7.21
-3.71
-0.31
3.32
6.71
10.16
12.63
15.24
17.64
20.25
22.73
25.29
27.84
30.38
32.73
35.31
37.81
40.41
42.65
45.35
47.73
50.37
52.88
55.52
58.01
60.54
63.1
65.67
68.11
70.47
72.97
75.64
78.13
80.63
