144
61
83
148.25
146.54
145.03
149.38
139.26
153.45
141.24
150.8
131.69
137.46
145.97
146.92
148.15
131.5
142
136.14
137.65
140.96
130.36
135
131.03
134.62
142.57
126.86
130.36
139.64
124.69
144.37
128.66
134.53
140.68
128.95
146.07
126.01
127.24
135.95
135.28
138.88
132.26
131.41
137.46
140.96
148.34
131.59
142.19
129.23
137.08
130.84
152.79
126.01
137.37
141.34
142.95
135
133.96
128.19
159.22
154.58
164.8
146.54
142.1
142.38
155.34
677.56
765.82
764.22
1.04
0.61
-0.95
0.95
0.26
1.99
1.56
0.35
0.87
0.52
0.43
-0.87
-0.43
-123.42
-111.98
-134.77
-159.47
-129.92
-143.87
-138.5
-133.65
-140.49
-132.17
-135.29
-137.2
-136.68
-142.4
-139.89
-129.4
-132.95
-128.62
-145.35
-146.82
-132.17
-138.85
-140.06
-143.53
-129.57
-132.52
-132.08
-137.29
-138.67
-128.53
-137.72
-129.4
-131.13
-146.47
-131.39
-132
-129.48
-137.55
-140.06
-130.26
-136.07
-130.52
-138.67
-149.16
-136.25
-137.2
-133.73
-136.42
-151.07
-127.84
-149.33
-91.26
-134.08
-140.67
-136.33
-142.23
-145.61
-151.85
-155.31
-144.57
-143.18
-131.56
-126.88
-136.77
-130.26
58.97
56.47
53.86
51.32
48.85
46.33
43.77
41.22
38.7
36.44
33.9
31.31
28.86
26.28
23.78
21.24
18.7
16.19
13.62
11.11
8.01
4.82
1.39
-2.13
-5.72
-9.29
-12.08
-14.62
-17.08
-19.64
-22.12
-24.69
-27.2
-29.74
-32.22
-34.82
-37.34
-39.85
-42.35
-44.93
-47.42
-50.03
-52.22
-54.8
-57.36
-59.99
-62.47
-65.06
-67.49
-70.16
-72.58
-75.14
-77.68
-80.25
-82.52
-85.16
-87.62
-90.2
-92.62
-95.24
-97.76
-100.29
-102.82
-105.03
-105.25
-105.26
-105.26
-105.27
-105.25
-105.26
-105.25
-104.07
-101.04
-98.44
-95.81
-93.3
-90.77
-88.31
-85.75
-83.25
-80.63
-78.18
-75.84
-73.32
-70.63
-68.14
-65.6
-63.03
-60.52
-58.08
-55.52
-52.91
-50.45
-47.93
-45.37
-43.08
-40.5
-37.98
-35.43
-32.87
-30.4
-27.88
-25.25
-22.72
-20.25
-17.68
-15.11
-12.9
-10.24
-6.8
-3.17
0.25
3.76
7.24
10.53
13.08
15.57
18.1
20.64
23.16
25.73
28.23
30.76
33.19
35.56
38.07
40.64
43.16
45.73
48.24
50.88
53.39
55.94
58.46
60.97
63.28
65.87
68.37
70.87
73.55
76
78.52
81.12
83.58
