143
62
82
143.52
130.27
139.83
132.92
141.24
152.41
127.62
120.43
117.88
119.86
125.07
119.86
124.12
103.12
125.82
121.76
112.39
114.66
111.35
121.95
122.99
116.84
122.8
118.16
124.5
132.45
113.62
128
110.69
111.82
124.59
98.58
117.5
96.78
103.4
110.31
106.24
98.48
100.28
112.39
118.82
117.97
131.41
116.36
131.03
122.42
126.2
124.22
139.26
137.74
140.3
141.53
142.47
141.43
151.46
146.16
160.26
158.18
160.07
169.25
140.68
135.47
146.45
353.25
767.81
779.16
-0.69
-1.91
0.61
0.09
-1.73
0.69
0.17
1.65
1.39
-0.61
2.25
3.21
-119.34
-127.4
-115.36
-132.52
-154.79
-130.18
-141.79
-135.47
-137.63
-140.58
-131.82
-134.51
-135.55
-126.71
-140.67
-125.58
-124.37
-121.94
-122.29
-134.08
-134.69
-129.74
-117.26
-119.52
-113.8
-105.91
-111.02
-105.22
-115.79
-106.08
-105.13
-116.14
-108.51
-124.72
-122.12
-117.61
-115.53
-106.43
-121.51
-117.87
-110.16
-128.44
-109.98
-117.7
-110.16
-111.28
-114.75
-111.11
-110.24
-113.97
-109.9
13.52
-120.99
-118.39
-118.39
-131.48
-141.79
-128.1
-143.01
-134.17
-132.17
-140.41
-135.38
-116.74
-121.08
59.72
57.22
54.79
52.18
49.58
47.17
44.53
41.92
39.46
37.02
34.49
31.93
29.6
27
24.51
22.02
19.45
16.92
14.63
12.02
9.32
5.77
2.34
-1.24
-4.66
-8.23
-11.32
-13.88
-16.42
-18.69
-21.23
-23.81
-26.36
-28.89
-31.4
-33.91
-36.45
-39
-41.45
-44.03
-46.54
-49.11
-51.66
-54.14
-56.68
-59.29
-61.75
-64.29
-66.59
-69.22
-71.67
-74.25
-76.81
-79.34
-81.82
-84.49
-86.94
-89.5
-92.01
-94.45
-97.02
-99.43
-101.97
-104.46
-105.44
-105.46
-105.45
-105.42
-105.44
-105.46
-105.12
-102.7
-100
-97.47
-95.02
-92.42
-89.97
-87.37
-85.03
-82.54
-79.95
-77.47
-74.86
-72.35
-69.88
-67.3
-64.76
-62.22
-59.91
-57.42
-54.88
-52.33
-49.81
-47.25
-44.64
-42.21
-39.6
-37.03
-34.58
-31.98
-29.58
-27.04
-24.46
-22.01
-19.44
-16.84
-14.39
-11.76
-8.87
-5.38
-1.95
1.41
4.95
8.45
11.41
14
16.26
18.8
21.4
23.92
26.48
29
31.45
34.04
36.54
39.04
41.59
43.9
46.43
49.1
51.55
54.1
56.71
59.18
61.72
64.29
66.8
69.31
71.79
74.32
76.86
79.51
81.97
