144
62
83
142
147.11
142
146.54
135.95
150.04
141.81
145.97
132.54
140.68
149.29
145.69
146.73
134.05
142.29
134.53
134.81
138.03
127.62
130.36
132.64
139.73
142.29
129.89
133.49
140.68
125.92
143.33
123.46
130.46
134.53
129.51
139.73
121.09
127.91
135.19
132.16
141.81
134.15
139.45
131.97
144.84
146.35
129.14
139.92
129.61
137.08
127.43
152.41
124.88
137.84
140.2
140.68
135.28
137.46
129.32
157.89
151.27
162.81
142.29
141.72
141.53
149.57
643.31
820.32
833.28
-0.87
-1.47
0.69
-2.08
1.3
0.61
2.43
2.95
-0.61
-0.43
-0.43
2.17
0.35
-130.09
-116.92
-135.03
-161.38
-126.28
-140.15
-139.71
-130.26
-139.28
-136.42
-135.73
-135.21
-132.34
-141.88
-139.63
-129.74
-129.48
-131.3
-143.87
-147.25
-144.74
-135.47
-137.37
-137.46
-129.31
-129.31
-132.17
-133.39
-137.46
-124.37
-136.42
-126.28
-129.4
-141.62
-108.08
-129.66
-122.46
-131.56
-139.63
-125.93
-136.16
-128.53
-132.08
-146.21
-129.66
-135.99
-129.4
-134.69
-145.78
-129.05
-146.3
-136.42
-134.86
-141.27
-134.69
-143.87
-142.83
-152.97
-150.55
-143.7
-136.77
-97.07
-126.19
-135.29
-130.35
58.91
56.44
53.89
51.32
48.78
46.23
43.75
41.2
38.68
36.19
33.64
31.22
28.72
26.39
23.84
21.24
18.71
16.18
13.61
11.12
8.04
4.53
1.08
-2.49
-5.59
-9.15
-11.95
-14.62
-17.15
-19.75
-22.18
-24.74
-27.3
-29.9
-32.29
-34.81
-37.34
-39.95
-42.44
-44.97
-47.49
-50.07
-52.54
-54.84
-57.38
-60.02
-62.48
-65.04
-67.55
-70.22
-72.69
-75.21
-77.7
-80.29
-82.82
-85.15
-87.58
-90.15
-92.75
-95.26
-97.8
-100.29
-102.89
-104.98
-105.38
-105.41
-105.37
-105.35
-105.39
-105.37
-105.38
-103.92
-100.78
-98.53
-95.82
-93.4
-90.83
-88.36
-85.8
-83.3
-80.62
-78.22
-75.63
-73.1
-70.81
-68.35
-65.65
-63.14
-60.61
-58.15
-55.57
-53.13
-50.47
-48
-45.46
-42.94
-40.31
-37.97
-35.28
-32.79
-30.25
-27.81
-25.22
-22.81
-20.33
-17.78
-15.25
-12.73
-10.09
-6.66
-3.08
0.39
3.59
7.13
10.57
13
15.51
18.06
20.59
23.11
25.63
28.18
30.62
33.18
35.79
38.28
40.78
43.32
45.89
48.07
50.69
53.23
55.87
58.36
60.86
63.45
65.97
68.5
71.05
73.61
75.91
78.4
81.06
83.58
