143
62
82
149.1
151.93
149.38
150.04
141.81
153.45
144.18
152.22
130.74
142.47
143.8
151.84
150.33
140.3
140.77
136.23
144.46
142.38
133.3
139.45
129.32
143.14
148.62
132.73
129.99
136.51
132.64
146.83
134.05
139.35
135.47
131.22
149.19
126.3
131.41
135.76
136.61
144.08
134.53
129.04
178.05
138.5
149.66
134.05
149.29
124.4
137.18
135.19
149.19
130.74
138.31
140.11
144.18
135.85
139.64
129.61
157.8
148.25
168.3
146.73
138.6
142.47
152.12
707.55
834.98
836.97
0.61
-0.26
-0.69
1.56
1.21
-4.16
0.61
0.69
2.08
0.87
-4.59
-0.26
-116.92
-128.62
-115.79
-138.59
-158.87
-129.31
-147.95
-135.38
-130.44
-140.67
-137.11
-134.34
-135.81
-139.37
-145.69
-137.29
-130.09
-135.03
-132.26
-147.86
-152.19
-145.61
-136.68
-136.68
-141.97
-132.86
-132.34
-134.86
-138.5
-143.35
-132.08
-140.67
-133.39
-137.11
-142.83
-136.59
-134.51
-128.18
-138.33
-140.06
-130.35
-138.67
-130.96
-135.03
-147.25
-137.89
-141.36
-133.73
-135.81
-145.09
-132.69
-152.63
-141.71
-133.39
-138.76
-141.36
-148.21
-147.86
-153.84
-150.81
-140.15
-142.92
-134.43
-123.85
-128.62
58.71
56.23
53.64
51.12
48.55
46.24
43.68
41.19
38.51
36.12
33.46
31.06
28.59
26.01
23.54
20.93
18.47
15.89
13.37
10.86
7.58
4.45
1.07
-2.68
-6.07
-9.64
-12.31
-14.87
-17.44
-20.02
-22.48
-25.1
-27.47
-29.92
-32.35
-34.96
-37.48
-40.11
-42.63
-45.1
-47.68
-50.2
-52.64
-55.3
-57.7
-60.4
-62.82
-65.36
-67.9
-70.23
-72.69
-75.35
-77.78
-80.42
-82.93
-85.54
-87.93
-90.59
-93.06
-95.64
-97.87
-100.44
-102.91
-105.07
-105.32
-105.35
-105.32
-105.32
-105.32
-105.32
-105.32
-103.66
-100.54
-97.99
-95.48
-92.9
-90.37
-88.17
-85.6
-83.03
-80.42
-77.96
-75.38
-72.9
-70.32
-67.85
-65.29
-62.7
-60.12
-57.95
-55.41
-52.77
-50.28
-47.65
-45.13
-42.67
-40.04
-37.53
-34.99
-32.48
-30.09
-27.52
-24.9
-22.47
-19.92
-17.61
-15.05
-12.43
-9.75
-6.24
-2.74
0.7
4.23
7.73
10.94
13.41
15.92
18.25
20.78
23.28
25.88
28.47
30.87
33.37
35.92
38.46
40.95
43.56
46.09
48.49
51.16
53.67
56.16
58.73
61.29
63.85
66.12
68.71
71.26
73.87
76.35
78.93
81.44
