144
62
83
135.57
149.95
150.61
148.72
144.18
140.11
133.96
150.89
129.8
139.07
131.12
145.6
145.22
138.03
137.08
125.35
143.23
137.84
133.11
135.28
128.57
132.64
141.91
132.35
129.42
128.38
128.95
144.18
128.47
144.84
130.08
123.36
141.06
127.72
154.77
125.35
119.67
142.29
127.72
140.01
132.45
131.5
135.95
133.77
138.22
120.24
134.15
132.92
145.88
131.88
141.15
132.82
143.33
136.89
135.19
132.92
159.12
154.02
175.4
147.96
135
149.29
151.65
805.75
788.91
786.92
0.95
-0.52
-0.09
-0.43
1.04
-0.17
-0.43
1.73
1.56
2.17
-2.77
1.99
1.82
-124.89
-119.52
-133.39
-147.17
-137.98
-131.65
-145.09
-131.56
-132.78
-137.2
-135.29
-138.5
-137.98
-126.1
-138.93
-127.49
-138.67
-128.88
-142.14
-141.19
-141.45
-143.01
-134.77
-134.17
-130.44
-127.92
-130.26
-126.45
-130.35
-121.08
-137.89
-131.48
-125.76
-137.72
-131.56
-131.3
-129.83
-127.84
-138.93
-130.18
-128.79
-135.38
-129.74
-143.61
-132.26
-135.21
-129.92
-123.85
-139.11
-125.67
-134.08
-137.98
-131.56
-138.15
-131.39
-137.81
-137.46
-141.62
-146.99
-142.4
-132
-133.21
-127.92
-133.73
-127.14
58.36
55.83
53.24
50.7
48.1
45.63
43.06
40.56
38.07
35.54
33.03
30.48
28.11
25.73
23.2
20.61
18.08
15.52
12.99
10.48
7.15
3.6
0.1
-3.47
-6.53
-10.1
-12.76
-15.31
-17.85
-20.35
-22.86
-25.4
-27.91
-30.47
-32.94
-35.49
-38.13
-40.51
-43.13
-45.62
-48.1
-50.61
-53.12
-55.64
-58.23
-60.81
-63.05
-65.59
-68.22
-70.75
-73.27
-75.79
-78.36
-80.89
-83.47
-86.01
-88.49
-90.75
-93.33
-95.87
-98.37
-100.94
-103.46
-105.29
-105.3
-105.31
-105.3
-105.32
-105.31
-105.32
-105.29
-104.69
-101.73
-99.03
-96.44
-93.88
-91.64
-89.13
-86.48
-84.08
-81.35
-78.86
-76.32
-73.76
-71.24
-68.74
-66.43
-63.95
-61.37
-58.86
-56.27
-53.68
-51.17
-48.64
-46.11
-43.66
-41.1
-38.68
-35.96
-33.44
-30.96
-28.55
-25.86
-23.39
-20.8
-18.36
-16.06
-13.55
-10.84
-7.64
-4.13
-0.61
2.96
6.38
9.94
12.45
15.03
17.42
19.81
22.39
24.95
27.49
29.92
32.48
35.04
37.48
40.09
42.55
45.11
47.63
50.18
52.71
55.28
57.81
60.38
62.76
65.41
67.89
70.2
72.79
75.34
77.86
80.44
82.97
