143
62
82
137.27
136.89
139.73
136.8
133.96
144.56
130.84
139.07
122.04
132.92
132.54
137.08
139.07
120.24
132.64
125.73
126.3
128.47
112.77
127.62
121.85
123.74
134.53
116.46
125.45
129.7
115.32
136.51
121.57
122.99
123.55
112.77
132.73
107.94
115.99
123.36
121.19
121.66
115.04
116.17
124.78
131.22
133.96
122.89
130.18
120.9
133.68
123.93
145.31
121.28
132.16
137.46
139.45
133.11
134.15
127.43
156.76
147.11
158.37
142.57
139.64
138.22
151.37
509.35
903.28
896.85
-0.43
3.03
0.43
1.56
-0.26
-1.04
1.13
0.43
1.04
-1.73
1.47
1.99
-156.44
-125.06
-113.62
-132.78
-159.47
-127.75
-147.17
-136.25
-135.99
-142.14
-131.91
-132.08
-134.43
-129.92
-140.06
-131.65
-117.35
-126.62
-120.99
-137.03
-140.06
-132.86
-125.06
-133.13
-126.45
-114.75
-120.04
-120.12
-130.61
-128.27
-118.82
-124.63
-118.48
-61.36
-130.52
-121.68
-124.89
-114.32
-123.59
-123.42
-117.87
-129.14
-113.54
-118.3
-126.97
-117.96
-125.76
-118.04
-123.16
-129.05
-115.7
-137.29
-127.75
-120.56
-126.88
-128.53
-138.67
-138.59
-147.77
-134.34
-134.17
-137.37
-130.52
-116.66
-112.93
59.16
56.73
54.1
51.56
49.07
46.51
44.02
41.46
38.92
36.38
33.91
31.42
29.2
26.55
24
21.5
18.94
16.33
13.88
11.35
8.37
4.9
1.42
-1.97
-5.39
-9
-11.89
-14.33
-16.9
-19.46
-21.97
-24.48
-27.03
-29.62
-32.12
-34.64
-37.08
-39.62
-42.19
-44.67
-47.24
-49.8
-52.29
-54.67
-57.24
-59.76
-62.3
-64.99
-67.38
-69.99
-72.41
-75.01
-77.24
-79.81
-82.32
-84.87
-87.47
-90.01
-92.41
-95.02
-97.62
-100.09
-102.59
-104.79
-105.6
-105.59
-105.6
-105.6
-105.61
-105.59
-105.42
-103.35
-100.56
-98.03
-95.46
-92.94
-90.42
-87.87
-85.65
-83.14
-80.42
-77.96
-75.38
-72.85
-70.33
-67.86
-65.33
-62.78
-60.25
-57.72
-55.16
-52.88
-50.22
-47.69
-45.15
-42.71
-40.17
-37.67
-35.05
-32.58
-30.1
-27.57
-25
-22.51
-19.94
-17.38
-14.93
-12.39
-9.62
-6.18
-2.72
0.83
4.01
7.6
10.79
13.29
15.93
18.44
20.97
23.42
26.06
28.55
31
33.3
35.86
38.37
40.88
43.37
46.05
48.51
51.11
53.62
56.1
58.68
61.28
63.79
66.34
68.88
71.42
73.83
76.44
79.02
81.44
