143
61
82
142.85
142.19
141.53
142.19
137.18
150.61
137.55
145.69
126.01
136.04
138.31
144.65
139.35
124.22
130.18
125.63
129.23
128.09
122.23
126.77
121.85
131.78
137.84
121.57
120.24
130.84
121.09
136.14
122.51
127.81
126.49
126.3
137.74
115.42
120.9
134.43
127.05
127.53
124.5
120.34
130.36
135.66
142.38
125.82
139.73
118.63
136.42
128.95
145.97
173.6
133.68
132.07
140.2
133.39
136.8
132.07
159.79
153.54
173.5
144.74
139.92
145.12
149
625.24
798.84
797.8
1.13
1.39
-0.26
1.99
2.51
0.52
2.95
105.82
-0.78
0.17
0.95
1.13
-147.77
-124.63
-113.28
-136.33
-163.11
-132.6
-143.79
-136.16
-134.25
-139.97
-133.04
-132.34
-132.43
-130.61
-143.44
-132.26
-119.69
-128.79
-126.88
-143.87
-140.32
-135.99
-128.18
-134.51
-134.08
-121.68
-124.8
-123.76
-132.52
-133.56
-124.54
-129.66
-124.11
-126.1
-139.28
-127.06
-126.02
-119.34
-132.6
-134.43
-122.9
-130.26
-119.26
-124.98
-131.56
-123.85
-125.76
-117.18
-123.94
-136.51
-120.64
-140.67
-132.78
-122.72
-131.3
-134.43
-141.71
-139.19
-152.54
-144.65
-136.68
-135.55
-132.69
-114.32
-125.15
58.87
56.36
53.88
51.32
48.71
46.31
43.8
41.2
38.73
36.15
33.63
31.19
28.68
26.17
23.59
21.11
18.53
15.98
13.46
10.94
7.82
4.73
1.29
-2.39
-5.87
-9.43
-12.18
-14.68
-17.24
-19.82
-22.31
-24.89
-27.39
-29.71
-32.18
-34.69
-37.19
-39.84
-42.41
-44.84
-47.36
-49.97
-52.51
-55.02
-57.62
-60.15
-62.54
-65.13
-67.65
-70.19
-72.77
-75.31
-77.78
-80.3
-82.86
-85.44
-87.58
-90.18
-92.72
-95.26
-97.87
-100.41
-102.88
-105.03
-105.38
-105.38
-105.39
-105.38
-105.38
-105.38
-105.35
-103.59
-100.57
-98.11
-95.52
-92.99
-90.53
-88.01
-85.53
-83
-80.41
-77.94
-75.37
-72.79
-70.3
-67.8
-65.45
-62.96
-60.3
-57.82
-55.26
-52.72
-50.21
-47.73
-45.12
-42.58
-40.02
-37.5
-35.19
-32.7
-30.21
-27.71
-25.03
-22.49
-20.02
-17.41
-14.93
-12.41
-9.73
-6.12
-2.81
0.65
4.25
7.63
10.9
13.38
15.88
18.42
20.95
23.51
26.06
28.5
31.03
33.56
35.83
38.4
40.96
43.49
46.02
48.55
51.17
53.63
56.19
58.73
61.31
63.58
66.12
68.8
71.32
73.75
76.31
78.94
81.38
