144
62
82
142.29
141.72
146.45
144.93
140.3
150.99
139.45
148.53
129.8
140.39
142.76
147.87
148.25
133.96
142.29
143.89
138.12
142.47
129.04
134.53
136.51
138.6
148.91
127.15
127.91
130.74
127.91
145.97
129.42
134.15
138.03
133.3
144.46
126.01
126.58
133.87
135.57
139.16
131.88
128.57
140.68
139.07
146.92
137.18
144.27
127.72
138.03
132.07
147.96
125.16
138.22
134.91
141.53
133.2
139.26
128.38
157.99
151.46
165.65
141.15
138.22
143.33
153.54
682.48
908.2
905.84
0.17
0.78
0.17
-0.17
0.09
0.69
3.21
1.56
1.04
15.17
1.73
-0.09
-124.72
-128.44
-113.54
-135.12
-158.17
-128.96
-138.67
-135.55
-133.82
-142.75
-135.99
-136.07
-137.03
-134.25
-144.31
-135.99
-124.98
-132.86
-127.84
-148.81
-143.87
-139.28
-133.91
-138.07
-136.42
-128.53
-130.96
-128.7
-135.99
-139.11
-130.18
-134.95
-127.58
-133.21
-141.97
-128.88
-131.04
-121.68
-133.39
-137.81
-126.45
-135.55
-128.79
-134.51
-142.92
-133.21
-134.34
-134.34
-134.34
-141.45
-127.84
-145.87
-137.2
-133.73
-135.81
-133.3
-140.06
-138.76
-137.63
-150.29
-137.55
-135.21
-132
-118.22
-129.31
-130.09
58.92
56.42
53.9
51.32
48.78
46.25
43.67
41.13
38.58
36.33
33.81
31.33
28.81
26.24
23.73
21.11
18.67
16.18
13.55
11.08
8.02
4.44
1.05
-2.48
-5.95
-9.51
-12.29
-14.8
-17.07
-19.62
-22.22
-24.83
-27.29
-29.87
-32.33
-34.85
-37.4
-39.97
-42.49
-44.97
-47.27
-49.87
-52.33
-55.03
-57.59
-60.01
-62.55
-65.14
-67.72
-70.3
-72.64
-75.31
-77.81
-80.39
-82.86
-85.4
-87.88
-90.45
-92.66
-95.29
-97.8
-100.34
-102.82
-105.04
-105.56
-105.56
-105.52
-105.56
-105.57
-105.57
-105.51
-104.03
-100.85
-98.41
-95.81
-93.32
-90.75
-88.3
-85.75
-83.26
-80.58
-78.08
-75.54
-73.04
-70.53
-68.12
-65.52
-62.97
-60.64
-58.1
-55.54
-53.01
-50.48
-47.92
-45.39
-42.87
-40.28
-37.8
-35.42
-32.76
-30.28
-27.83
-25.22
-22.8
-20.22
-17.72
-15.11
-12.56
-9.92
-6.46
-3.05
0.45
3.95
7.35
10.63
13.13
15.73
17.98
20.59
23.12
25.71
28.24
30.74
33.22
35.71
38.29
40.75
43.33
45.86
48.12
50.75
53.25
55.77
58.3
60.96
63.38
65.98
68.46
71.05
73.56
76.08
78.65
81.18
83.64
