152
70
92
-0.95
-1.51
-1.89
-1.51
-1.99
-1.61
143.61
142.85
147.2
139.26
142.19
141.43
141.15
134.05
146.35
133.96
140.87
123.27
136.42
135.1
142.1
141.62
127.91
134.34
130.36
133.58
128.28
117.97
130.36
121.19
131.78
137.55
125.54
116.84
124.88
122.32
141.72
122.51
128.66
122.61
123.36
140.3
113.43
119.49
123.93
122.13
127.34
118.26
119.58
125.73
132.54
136.14
125.07
137.46
117.69
134.62
126.96
143.89
121.38
134.62
136.33
142.85
135
138.6
127.05
157.52
147.3
162.25
139.07
135.76
142.95
146.26
576.99
709.53
711.71
0.17
2.77
16.03
1.56
0.43
3.47
1.47
1.73
1.13
0
2.86
1.13
1.47
-122.9
-111.2
-102.1
-161.21
-131.13
-133.3
-138.24
-134.51
-138.93
-134.6
-135.12
-136.07
-131.74
-135.73
-135.64
-126.97
-132.52
-124.8
-139.11
-138.41
-140.23
-131.22
-131.39
-134.43
-119.6
-120.04
-124.11
-120.21
-130
-119.43
-129.31
-119.52
-126.19
-138.93
-123.85
-124.02
-120.04
-133.73
-132
-118.56
-130.61
-123.76
-131.39
-138.59
-126.36
-130.09
-124.89
-126.71
-141.97
-122.98
-140.41
-135.55
-130.87
-138.76
-129.4
-137.72
-137.29
-150.2
-149.85
-143.09
-134.34
-130.61
-121.25
-133.65
81.81
79.26
76.71
74.08
71.58
69.11
66.69
64.03
61.46
58.91
56.39
53.9
51.29
48.73
46.24
43.97
41.44
38.78
36.28
33.76
31.26
28.8
26.18
23.73
21.21
18.67
16.35
13.8
11.26
8.06
4.75
1.17
-2.48
-5.85
-9.33
-12.18
-14.63
-17.18
-19.68
-22.23
-24.88
-27.31
-29.88
-32.35
-34.8
-37.32
-39.87
-42.17
-44.75
-47.33
-49.82
-52.37
-54.89
-57.49
-60.03
-62.5
-65.07
-67.7
-70.23
-72.72
-75.01
-77.5
-80.16
-82.62
-85.2
-87.67
-90.24
-92.71
-95.28
-97.81
-100.41
-102.79
-104.89
-105.22
-105.2
-105.21
-105.19
-105.19
-105.21
-105.2
-104.06
-100.95
-98.29
-95.7
-93.19
-90.66
-88.17
-85.64
-83.18
-80.48
-78.06
-75.75
-73.21
-70.68
-68.04
-65.48
-62.97
-60.47
-58.04
-55.36
-52.95
-50.4
-47.9
-45.29
-42.86
-40.22
-37.8
-35.19
-32.72
-30.23
-27.74
-25.15
-22.55
-20.1
-17.58
-15.27
-12.74
-10.02
-6.52
-3.03
0.46
3.95
7.47
10.69
13.21
15.83
18.26
20.59
23.14
25.84
28.27
30.81
33.19
35.79
38.35
40.82
43.34
45.87
48.39
51.01
53.52
56.12
58.67
60.87
63.4
66.05
68.53
71.07
73.68
76.1
78.71
81.19
