144
62
83
149.19
147.68
150.61
144.46
140.58
153.83
143.61
150.89
132.35
142.29
144.37
152.5
148.25
136.42
142.1
141.91
141.06
147.68
130.27
137.84
133.01
137.18
145.69
131.78
130.74
136.42
130.18
150.52
129.23
140.3
140.01
135.57
147.58
126.68
131.41
134.91
137.55
145.97
133.11
130.36
140.01
141.24
150.89
133.2
147.02
127.62
132.82
136.33
148.72
127.24
135
143.33
145.6
135.28
135.95
127.72
159.69
149.29
164.52
144.46
139.73
147.2
150.33
680.21
853.14
853.14
-0.17
0.78
0.35
0.95
1.04
0.43
0
2.17
2.08
-1.13
0.61
0.69
3.29
-126.28
-113.54
-131.65
-158.69
-130.61
-143.27
-142.92
-133.3
-140.41
-139.02
-136.51
-135.81
-134.69
-141.71
-139.71
-130.87
-136.33
-127.92
-147.6
-144.91
-143.7
-137.46
-140.75
-140.41
-131.22
-133.82
-125.76
-130.78
-142.4
-127.4
-139.37
-129.14
-133.91
-143.87
-133.82
-130.18
-127.4
-135.29
-141.71
-127.58
-135.47
-131.39
-138.93
-149.94
-139.54
-135.55
-134.51
-137.72
-153.93
-130.7
-150.81
-142.31
-136.59
-140.41
-139.02
-141.97
-144.83
-149.07
-152.19
-146.3
-138.93
-132.52
-125.41
-136.77
-136.25
58.77
56.29
53.67
51.25
48.69
46.1
43.59
41.04
38.49
36
33.45
30.99
28.82
26.13
23.68
21.08
18.56
15.92
13.48
10.91
7.78
4.59
1.12
-2.46
-5.85
-9.47
-12.19
-14.75
-17.27
-19.85
-22.36
-24.91
-27.37
-30.04
-32.42
-35.02
-37.53
-40.14
-42.35
-44.92
-47.41
-50.05
-52.57
-55.11
-57.71
-60.26
-62.7
-65.28
-67.79
-70.38
-72.8
-75.17
-77.68
-80.29
-82.8
-85.38
-87.85
-90.47
-92.86
-95.4
-97.94
-100.54
-102.93
-105.05
-105.41
-105.39
-105.39
-105.39
-105.39
-105.39
-105.39
-103.88
-101.1
-98.42
-95.83
-93.34
-90.8
-88.33
-85.77
-83.26
-80.69
-78.25
-75.7
-73.1
-70.81
-68.35
-65.65
-63.19
-60.67
-58.16
-55.58
-53.08
-50.52
-48
-45.42
-43.02
-40.34
-37.96
-35.36
-32.75
-30.37
-27.84
-25.31
-22.78
-20.25
-17.94
-15.4
-12.82
-10.19
-6.76
-3.23
0.23
3.81
7.29
10.53
13.04
15.44
17.9
20.48
22.93
25.67
28.18
30.68
33.13
35.59
38.2
40.67
43.19
45.75
48.2
50.86
53.37
55.9
58.41
60.99
63.26
65.81
68.39
70.95
73.49
76.01
78.56
81.06
83.61
