143
62
82
140.96
147.2
142.76
141.06
136.8
149.76
139.92
149.38
130.27
141.43
142.38
147.02
146.64
133.68
141.15
136.8
139.07
139.45
131.03
134.05
130.18
140.58
146.54
131.97
127.15
131.88
127.81
146.73
130.18
138.69
140.11
129.61
143.89
124.5
129.89
135.95
134.62
136.7
133.01
125.54
128.38
136.99
145.5
131.78
143.8
127.05
138.41
133.49
146.07
126.2
132.26
137.46
140.2
135
142.19
127.81
158.18
148.91
165.27
142.95
135.57
144.46
147.2
659.96
811.99
809.72
-0.69
0.52
0.43
1.91
0.78
1.39
1.82
0.69
1.39
1.65
-0.17
0.87
-126.54
-128.79
-113.19
-135.29
-165.19
-132.34
-148.12
-139.02
-134.17
-143.01
-134.95
-137.29
-138.67
-135.55
-147.95
-136.94
-128.44
-134.34
-130.78
-143.09
-147.17
-142.66
-137.63
-142.57
-141.27
-128.96
-130.44
-132.95
-140.32
-141.36
-131.22
-138.33
-132.78
-136.16
-145.78
-131.82
-131.39
-124.02
-139.45
-142.05
-128.44
-136.77
-129.48
-134.51
-144.57
-131.74
-142.57
-128.27
-133.82
-148.81
-126.19
-147.43
-142.14
-133.13
-137.2
-138.85
-145.09
-145.87
-148.9
-148.29
-140.93
-139.54
-132.34
-124.63
-130
58.84
56.36
53.78
51.26
48.71
46.17
43.64
41.1
38.55
36.05
33.75
31.26
28.82
26.22
23.71
21.17
18.64
16.04
13.51
11.06
7.93
4.46
0.98
-2.57
-5.97
-9.56
-12.33
-14.8
-17.4
-19.95
-22.4
-24.74
-27.23
-29.91
-32.38
-34.89
-37.43
-39.96
-42.52
-45.11
-47.64
-49.93
-52.37
-54.94
-57.45
-60.05
-62.6
-65.2
-67.74
-70.2
-72.68
-75.27
-77.8
-80.27
-82.81
-85.32
-87.81
-90.39
-92.85
-95.29
-97.88
-100.44
-102.92
-105.01
-105.32
-105.32
-105.32
-105.31
-105.32
-105.32
-105.34
-103.97
-100.83
-98.31
-95.68
-93.11
-90.56
-88.15
-85.58
-83.07
-80.51
-78.05
-75.5
-72.9
-70.38
-67.96
-65.34
-62.87
-60.23
-57.78
-55.22
-52.67
-50.2
-47.63
-45.12
-42.64
-40.31
-37.86
-35.22
-32.68
-30.2
-27.64
-25.04
-22.51
-19.99
-17.48
-14.93
-12.39
-10.04
-6.54
-2.98
0.56
4
7.48
10.73
13.28
15.78
18.23
20.88
23.4
25.91
28.41
30.89
33.38
35.93
38.52
40.95
43.22
45.9
48.41
51.02
53.52
56.05
58.65
61.18
63.7
66.24
68.55
71.09
73.63
76.12
78.7
81.14
