143
62
83
131.03
149
145.22
142.66
140.01
136.7
135.28
143.61
126.96
133.11
130.93
145.12
137.18
139.73
136.14
124.78
134.91
128.19
125.26
128.66
124.03
134.34
139.07
124.22
125.45
124.5
124.69
136.61
123.08
135.38
124.97
122.42
136.04
121.09
136.89
125.82
117.88
135.66
122.04
125.45
125.73
131.5
135.47
133.58
137.65
115.61
128.28
131.41
142.47
129.89
138.03
131.97
138.78
135.1
134.72
129.04
160.73
148.53
169.82
140.3
129.7
145.5
148.15
656.56
780.11
775.66
0.35
0.35
-0.61
0.26
0.87
0.78
-0.95
3.21
3.12
-1.3
0.95
0.17
2.34
-119.86
-109.2
-132.43
-158.17
-131.82
-135.9
-142.75
-134.08
-134.51
-132.6
-134.34
-131.39
-132.52
-133.73
-136.59
-127.84
-131.3
-126.88
-144.91
-134.34
-140.58
-133.99
-133.13
-129.57
-123.16
-124.11
-125.76
-126.62
-131.56
-120.73
-134.08
-122.9
-127.92
-139.45
-124.98
-124.37
-122.72
-131.82
-140.58
-122.38
-130.7
-123.07
-131.13
-142.66
-131.91
-128.18
-127.58
-126.45
-140.67
-120.99
-138.5
-132
-127.66
-134.69
-128.01
-136.33
-138.15
-146.47
-150.2
-141.71
-133.65
-131.48
-124.28
-134.51
58.37
55.93
53.41
50.83
48.21
45.68
43.28
40.65
38.12
35.88
33.26
30.88
28.29
25.75
23.26
20.72
18.2
15.66
13.11
10.49
7.56
4.08
0.62
-3.07
-6.33
-10.11
-12.67
-15.14
-17.72
-20.19
-22.76
-25.24
-27.83
-30.29
-32.87
-35.42
-37.87
-40.41
-43.02
-45.23
-47.79
-50.37
-52.85
-55.43
-57.96
-60.53
-63.05
-65.62
-68.12
-70.69
-73.21
-75.74
-77.97
-80.55
-83.25
-85.76
-88.15
-90.68
-93.21
-95.83
-98.38
-100.82
-103.35
-105.06
-105.29
-105.29
-105.31
-105.3
-105.31
-105.3
-105.31
-104.24
-101.36
-98.71
-96.07
-93.49
-90.98
-88.52
-85.96
-83.53
-80.88
-78.37
-75.81
-73.32
-70.97
-68.52
-65.91
-63.38
-60.74
-58.24
-55.78
-53.18
-50.67
-48.11
-45.53
-43.2
-40.47
-38.09
-35.46
-32.92
-30.49
-28.08
-25.41
-22.86
-20.34
-17.79
-15.54
-12.92
-10.35
-6.9
-3.34
0.03
3.54
7.09
10.41
12.9
15.5
17.76
20.33
22.92
25.42
28
30.45
32.89
35.46
37.99
40.44
43.05
45.55
48.1
50.68
53.2
55.66
58.24
60.81
63.36
65.81
68.35
70.9
73.43
75.73
78.22
80.87
