144
62
82
141.06
136.61
141.53
142.1
140.2
150.89
134.34
142
128.85
137.08
140.01
138.41
144.46
128.38
138.31
134.24
133.87
132.54
128.38
136.23
130.36
128.85
136.7
124.78
131.41
132.73
122.99
139.64
129.23
128.76
137.27
121.09
140.01
118.82
123.84
134.53
127.15
128.76
125.35
125.82
139.07
140.96
138.31
127.81
140.68
129.99
133.77
125.45
145.22
132.16
139.45
136.04
137.74
133.49
135.19
130.74
156.76
150.7
161.11
161.49
149
131.03
148.53
491.28
794.68
792.41
-0.52
-0.52
0.87
0
1.04
-0.78
2.34
0.35
0.69
0.26
1.21
1.47
-128.01
-130.96
-118.56
-134.43
-165.8
-132.08
-147.6
-134.95
-134.6
-141.62
-135.99
-131.56
-137.89
-137.63
-149.59
-136.16
-126.71
-131.22
-128.88
-144.39
-144.13
-140.84
-132.95
-139.11
-136.25
-129.14
-129.14
-130.35
-136.68
-139.54
-127.23
-133.13
-127.58
-136.94
-141.01
-132.08
-129.92
-123.59
-133.99
-134.34
-129.66
-136.51
-125.06
-132.6
-140.32
-134.08
-137.46
-131.91
-132
-140.06
-126.8
-149.85
-138.67
-129.66
-126.28
-139.28
-142.4
-141.88
-145.43
-141.45
-135.99
-140.67
-131.65
-117.09
-131.04
-130.18
59.36
56.85
54.32
51.76
49.23
46.67
44.24
41.63
39.12
36.7
34.08
31.65
29.15
26.59
24.07
21.82
19.15
16.73
14.11
11.6
8.71
5.23
1.68
-1.81
-5.29
-8.82
-11.45
-14.06
-16.56
-19.1
-21.71
-24.19
-26.78
-29.32
-31.85
-34.39
-36.84
-39.42
-41.91
-44.47
-47.03
-49.5
-52.07
-54.67
-57.18
-59.69
-62.23
-64.45
-67.02
-69.68
-72.14
-74.68
-77.16
-79.77
-82.22
-84.84
-87.36
-89.88
-92.38
-94.68
-97.22
-99.76
-102.25
-104.73
-105.31
-105.3
-105.3
-105.28
-105.31
-105.31
-105.14
-103.02
-100.33
-97.87
-95.24
-92.83
-90.28
-87.76
-85.34
-82.69
-80.1
-77.91
-75.37
-72.74
-70.22
-67.7
-65.15
-62.6
-60.03
-57.52
-54.97
-52.44
-49.91
-47.64
-45.02
-42.52
-39.96
-37.38
-34.84
-32.32
-29.9
-27.4
-24.83
-22.22
-19.8
-17.23
-14.72
-12.16
-9.33
-5.86
-2.35
1.17
4.22
7.75
10.95
13.55
16.14
18.59
21.12
23.67
26.21
28.73
31.21
33.47
36.02
38.55
41.13
43.75
46.2
48.71
51.33
53.9
56.44
58.89
61.48
64.02
66.5
69.13
71.33
73.92
76.48
79
81.57
84.12
