144
61
82
140.96
140.01
136.99
135.85
130.27
139.26
128.57
143.14
116.46
127.05
128.66
136.7
133.11
121
127.43
122.13
123.18
132.82
115.51
120.81
119.86
126.01
135.1
119.49
118.92
123.65
115.51
134.81
116.08
122.7
118.54
119.96
131.69
105.29
107.57
116.36
115.42
118.35
111.63
107.09
118.54
127.62
135.19
126.11
133.68
119.39
131.59
127.24
145.03
119.11
135.47
138.88
139.16
137.65
138.69
135.57
158.84
148.91
161.4
136.8
136.42
141.81
148.06
656.37
890.51
888.62
0.17
-0.09
1.73
0.35
0.52
-2.25
0
1.13
0.95
-1.39
1.04
-0.61
-174.38
-125.67
-113.88
-137.03
-160.25
-126.8
-143.27
-137.98
-136.16
-141.36
-3.99
-134.69
-131.48
-129.31
-138.15
-129.83
-116.66
-126.36
-121.77
-137.11
-137.46
-129.14
-120.47
-131.91
-113.19
-114.23
-119.17
-113.1
-123.16
-124.37
-111.02
-123.68
-115.53
-124.46
-127.58
-119.95
-120.99
-111.46
-125.06
-126.36
-111.63
-124.11
-117
-120.9
-129.22
-119.08
-125.06
-108.68
-120.12
-129.92
-114.75
-130.26
-126.62
-124.98
-120.12
-126.19
-136.51
-135.12
-143.35
-139.37
-133.13
-133.82
-128.7
-113.1
-124.8
-132.26
58.87
56.41
53.82
51.59
48.98
46.41
43.9
41.33
38.79
36.26
33.8
31.23
28.79
26.24
23.97
21.43
18.85
16.32
13.73
11.21
8.2
4.71
1.18
-2.28
-5.72
-9.27
-12.03
-14.59
-17.18
-19.69
-22.25
-24.83
-27.29
-29.88
-32.07
-34.57
-37.2
-39.77
-42.27
-44.76
-47.34
-49.92
-52.35
-55.01
-57.49
-59.93
-62.4
-64.96
-67.48
-70.1
-72.52
-75.03
-77.54
-80.14
-82.65
-85.19
-87.67
-90.31
-92.79
-95.3
-97.78
-100.34
-102.85
-105.04
-105.63
-105.66
-105.67
-105.66
-105.65
-105.66
-105.53
-103.55
-100.67
-98.17
-95.84
-93.32
-90.73
-88.2
-85.74
-83.3
-80.54
-78.09
-75.6
-73.15
-70.52
-68.04
-65.57
-62.91
-60.4
-57.95
-55.33
-52.84
-50.3
-47.83
-45.23
-42.81
-40.24
-37.76
-35.15
-32.66
-30.15
-27.62
-25.08
-22.82
-20.19
-17.64
-15.1
-12.59
-9.97
-6.44
-2.94
0.5
4
7.48
10.71
13.03
15.59
18.08
20.63
23.17
25.76
28.29
30.73
33.22
35.75
38.28
40.81
43.31
45.86
48.37
51.03
53.43
55.98
58.54
61.11
63.56
66.19
68.74
71.27
73.51
76.06
78.66
81.2
83.67
