143
61
82
148.43
144.65
147.02
147.77
141.15
154.21
142.76
152.12
129.89
143.14
145.97
152.22
149.48
140.01
140.2
140.58
140.87
146.35
134.24
135
134.05
142.38
151.08
131.78
126.3
136.42
132.92
150.52
134.81
138.5
143.42
133.68
152.5
131.12
134.91
138.12
136.51
142.85
134.72
173.41
137.93
139.45
148.43
134.05
145.69
124.31
135.28
140.11
147.39
129.89
148.62
138.6
145.6
135.28
138.97
129.23
163.95
150.14
169.53
144.74
139.83
152.41
150.89
692.69
889.66
890.42
1.82
2.77
0.78
0.43
0.17
2.77
1.91
1.04
0.95
0.17
-0.43
1.21
-172.13
-128.18
-116.48
-138.5
-157.91
-130.61
-143.35
-135.03
-133.3
-140.41
-138.33
-137.63
-136.77
-135.38
-147.95
-138.85
-127.75
-135.03
-133.47
-150.11
-149.42
-139.02
-137.37
-141.71
-142.4
-128.27
-134.43
-132.52
-139.54
-141.19
-129.48
-140.67
-133.99
-136.94
-144.48
-133.21
-136.16
-123.94
-136.85
-140.49
-125.93
-136.94
-130
-136.33
-146.99
-135.21
-141.01
-131.48
-133.39
-145
-130.61
-149.94
-143.87
-136.68
-142.05
-136.42
-145.43
-144.48
-154.19
-149.33
-144.57
-138.33
-136.68
-120.73
-130.7
58.8
56.35
53.8
51.19
48.59
46.08
43.79
41.26
38.72
36.24
33.58
31.09
28.59
26.06
23.59
21.08
18.56
16.01
13.49
10.98
7.73
4.38
0.88
-2.73
-6.06
-9.68
-12.33
-14.9
-17.45
-19.98
-22.22
-24.83
-27.39
-29.98
-32.42
-34.93
-37.48
-40.02
-42.6
-45.09
-47.61
-50.2
-52.61
-55.06
-57.71
-60.21
-62.72
-65.25
-67.77
-70.33
-72.74
-75.42
-77.79
-80.49
-83
-85.57
-87.95
-90.58
-93.06
-95.34
-97.85
-100.43
-102.92
-105.05
-105.43
-105.43
-105.42
-105.43
-105.42
-105.44
-105.4
-104.02
-100.72
-98.21
-95.66
-93.12
-90.72
-88.14
-85.6
-83.1
-80.43
-78.12
-75.44
-72.91
-70.47
-67.95
-65.32
-63.12
-60.53
-58
-55.4
-52.87
-50.3
-47.86
-45.17
-42.81
-40.2
-37.71
-35.32
-32.85
-30.32
-27.81
-25.11
-22.62
-20.12
-17.67
-15.12
-12.6
-9.95
-6.35
-2.89
0.48
4.1
7.48
10.73
13.26
15.8
18.31
20.63
23.13
25.8
28.27
30.78
33.25
35.87
38.41
40.9
43.43
46
48.23
50.84
53.33
55.95
58.47
61.02
63.53
66.09
68.68
71.16
73.75
76.24
78.81
81.28
