力：

右           砝码            显示  

0.0070         0               0

0.1721         50            50

0.3333         100           100

0.6638        200          201

0.9854       300         302

1.3101        400          402

310（现）


左

1.4215         400     399

1.0712        300     299

0.7187         200       199

0.1938         50      50

0.3677         100     101 

0.5426         150     149.5

0.0214         0       0

284



位移：

-0.0018         0

                        0.2859      34.977

0.2841          10 

                        0.7843      25.5

1.0684          30 

                        0.7898      25.322

1.8582          50

                        0.3952      25.304

2.2534          60

                        0.7898      25.322 

3.0432          80

                        0.7861      25.442

3.8293          100




0.6775          20





间隙位移：

0.0034     0
               0.7451     1.342
0.7486     1
               0.93       1.075
1.6785     2
               2.7267      1.1
4.4052     5
               4.6091      1.085
9.0143     10

         
间隙力：

0.0034    0

0.463     10

1.0205    20

1.9873    40

3.0038    60

3.9386    80

5.0632    100


k     19.3




1.1545     20


2.1783     40


4.2227    80


5.2499    100