144
63
84
160.26
142.57
164.42
165.75
162.44
170.38
153.16
137.65
149.1
138.78
149.1
138.31
146.16
130.08
140.77
127.72
119.11
126.68
124.31
121.09
125.07
110.21
120.53
125.16
127.81
134.15
158.46
128.38
135.1
129.32
140.68
115.89
114
119.39
116.27
128.66
112.2
95.93
121.47
122.99
135.47
129.99
127.62
135
140.87
136.8
132.54
139.35
147.49
161.87
151.37
152.31
140.58
153.16
152.69
153.45
147.58
168.4
166.41
196.12
145.22
136.8
152.41
155.62
841.13
814.64
813.79
-0.95
-0.78
-1.21
10.49
0
0.35
2.25
1.65
0.09
0.61
1.13
0.78
3.12
-126.54
-120.3
-137.55
-151.85
-139.37
-138.93
-154.27
-135.55
-133.13
-141.45
-142.14
-144.05
-141.88
-135.47
-142.31
-131.48
-139.45
-126.19
-141.53
-131.91
-138.33
-131.74
-124.37
-123.59
-117.26
-115.79
-118.48
-110.76
-117.61
-108.42
-121.77
-119.69
-115.7
-125.06
-120.56
-122.03
-117.44
-112.24
-127.92
-115.53
-117.87
-122.55
-120.73
-135.29
-122.29
-133.13
-126.02
-121.08
-140.32
-124.11
-116.31
-139.71
-132.95
-141.19
-127.14
-145.52
-146.3
-150.2
-156.44
-146.3
-139.02
-139.54
-137.2
-131.65
64.16
61.55
59.05
56.53
54.03
51.52
49.02
46.44
43.89
41.4
38.87
36.32
34.13
31.32
28.82
26.56
24.01
21.53
18.97
16.39
13.83
11.32
8.43
5.02
1.53
-2.03
-5.64
-9.03
-11.83
-14.32
-16.87
-19.71
-22.21
-24.68
-27.2
-29.62
-32.19
-34.81
-37.21
-39.73
-42.22
-44.85
-47.31
-49.82
-52.38
-54.93
-57.39
-59.96
-62.21
-64.77
-67.23
-69.78
-72.29
-74.83
-77.33
-79.91
-82.48
-84.99
-87.54
-90.08
-92.67
-95.24
-97.62
-100.08
-101.77
-101.79
-101.76
-101.79
-101.78
-101.79
-101.77
-101.8
-101.14
-97.92
-95.32
-92.72
-90.22
-87.67
-85.27
-82.66
-80.34
-77.57
-75.17
-72.59
-70.18
-67.64
-65.17
-62.5
-60.06
-57.45
-54.98
-52.45
-49.9
-47.36
-44.94
-42.36
-39.92
-37.29
-34.92
-32.19
-29.76
-27.2
-24.83
-22.15
-19.77
-17.09
-14.66
-12.15
-9.46
-5.91
-2.35
1.15
4.44
8.06
11.05
13.64
16.1
18.73
21.2
23.78
26.25
28.84
31.35
33.79
36.31
38.81
41.27
43.89
46.34
49.02
51.32
53.99
56.51
59.07
61.52
64.07
66.56
69.16
71.62
74.16
76.74
79.27
81.64
84.28
