126
51
76
113.53
123.36
121.85
117.78
134.05
132.16
126.96
137.55
127.62
120.05
128
156
161.77
122.04
109.36
112.86
126.49
117.21
119.11
131.69
112.11
115.13
132.26
129.8
132.26
132.07
118.63
129.7
125.45
111.54
114.94
111.16
123.93
124.78
107.09
110.5
121.38
110.78
109.36
135.47
150.33
118.82
131.97
130.55
130.65
130.65
121.57
130.27
130.74
117.97
124.78
130.84
118.54
115.13
127.62
116.74
120.62
123.55
122.13
395.92
810.1
838.57
2.17
0.69
0.69
-1.99
0.35
3.03
1.73
-122.12
-119.26
-127.49
-63.27
-125.15
-119.95
-127.75
-128.88
-127.49
-117.7
-122.03
-129.92
-114.92
-118.22
-120.73
-125.41
-111.02
-111.02
-114.84
-124.37
-91.96
-108.77
-116.4
-109.12
-114.4
-123.33
-118.22
-113.97
-115.53
-111.46
-116.74
-124.8
-119.95
-107.73
-117.52
-121.34
-115.88
-115.7
-112.76
-113.54
-116.66
-111.8
-107.12
-117.09
-99.24
-117
-110.5
-107.99
-127.66
-126.02
-123.07
-127.84
-121.68
-123.24
-122.29
-112.24
-111.28
60.64
58.77
56.39
53.96
51.3
49.31
46.69
44.63
42.24
39.96
37.41
34.65
32.82
30.57
28.15
25.85
23.6
20.95
18.49
16.58
14.09
11.89
8.87
5.92
1.84
-0.51
-3.95
-7.01
-10.2
-12.97
-14.9
-17.31
-19.6
-21.87
-24.42
-27.15
-29.1
-31.5
-33.69
-36.14
-38.55
-40.77
-42.97
-45.49
-47.78
-50.16
-52.93
-55.18
-57.15
-59.62
-61.87
-64.26
-66.5
-69.04
-71.83
-73.54
-76.08
-78.55
-81.06
-83
-83.2
-83.2
-83.2
-83.2
-83.2
-83.2
-83.03
-80.28
-77.74
-75.43
-73.04
-70.41
-68.38
-65.99
-63.63
-61.27
-58.77
-56.72
-54.22
-52.08
-49.64
-47.32
-44.38
-42.42
-40.17
-37.79
-35.43
-33.13
-30.84
-28.04
-26.1
-23.74
-21.51
-18.97
-16.69
-14.32
-11.93
-9.59
-6.24
-3.03
0.86
4.22
6.79
10.02
12.32
14.69
17.17
19.61
22.27
23.92
26.55
28.88
31.56
33.47
35.72
38.12
40.4
42.89
45.7
47.63
49.8
52.17
54.53
57.11
59.23
61.99
