183
73
111
120.53
127.72
106.43
108.32
116.08
107.28
114.28
118.26
120.53
124.22
115.51
123.27
131.78
133.68
121.38
131.12
130.46
121.38
118.92
126.3
123.55
112.11
116.17
118.73
116.84
106.62
123.84
120.62
116.27
110.88
124.4
126.86
120.72
115.7
130.84
136.42
132.54
142.95
130.18
117.69
122.51
136.7
135.66
127.05
108.51
114.19
110.59
121.57
133.11
240.39
111.16
118.16
113.24
115.89
112.01
114.28
137.93
138.88
121.95
127.15
133.96
128.09
134.62
138.69
128.09
122.32
128.66
139.54
129.61
123.27
126.3
134.24
133.2
119.3
123.65
128.47
129.8
120.53
128
137.55
127.62
118.92
132.35
130.55
133.49
753.52
918.8
919.74
-1.21
22.01
-0.26
0.95
0.87
-0.09
1.21
-1.21
0.78
2.08
2.17
5.29
2.95
0.95
1.56
2.34
5.2
1.3
0.95
-128.62
-118.04
-128.1
-98.8
-123.42
-130.7
-127.32
-126.45
-127.58
-107.56
-127.58
-121.94
-134.95
-131.91
-126.28
-121.42
-136.25
-130.7
-119.08
-123.68
-131.48
-135.47
-131.65
-117.35
-61.02
-119.08
-113.8
-134.77
-111.2
-110.85
-91.52
-124.37
-113.36
-120.38
-123.94
-134.69
-126.88
-112.15
-116.05
-116.48
-121.25
-130.7
-137.81
-121.34
-113.54
-126.02
-126.97
-125.67
-119.52
-130.96
-117.7
-115.36
-116.66
-120.56
-111.63
-107.56
-108.77
-117.87
-111.37
-103.83
-118.22
-118.13
-117.87
-122.81
-133.3
-130.7
-119.17
-131.65
-128.7
-132
-124.54
-129.31
-121.08
-111.11
-110.59
-121.16
64.49
62.67
60.76
58.9
57.28
55.28
53.47
51.58
49.69
47.88
45.96
44.27
42.41
40.55
38.64
36.82
34.91
33.12
31.25
29.44
27.64
25.72
24.12
22.19
20.32
18.44
16.63
14.69
12.9
11.21
9.03
6.4
3.81
1.42
-1.29
-3.86
-6.31
-8.82
-11.12
-12.99
-14.92
-16.52
-18.44
-20.37
-22.15
-24.04
-25.97
-27.79
-29.65
-31.42
-33.31
-35.03
-36.84
-38.82
-40.68
-42.41
-44.17
-46.1
-48.01
-49.93
-51.66
-53.55
-55.46
-57.11
-59.03
-60.97
-62.73
-64.57
-66.42
-68.33
-70.19
-71.94
-73.85
-75.79
-77.67
-79.23
-81.2
-83.08
-84.93
-86.71
-88.61
-90.48
-92.25
-94.01
-95.92
-97.22
-97.32
-97.29
-97.33
-97.32
-97.29
-97.3
-97.19
-95.35
-93.08
-91.23
-89.27
-87.39
-85.71
-83.92
-81.99
-80.15
-78.29
-76.42
-74.59
-72.72
-70.87
-69.22
-67.08
-65.51
-63.51
-61.68
-59.84
-57.94
-56.18
-54.21
-52.33
-50.76
-48.85
-46.92
-45.15
-43.22
-41.36
-39.51
-37.57
-35.81
-33.86
-32.05
-30.51
-28.66
-26.67
-24.86
-22.93
-21.16
-19.23
-17.33
-15.7
-13.85
-11.86
-10.01
-7.29
-5.07
-2.38
0.43
2.81
5.23
7.89
10.27
12.18
14.07
15.93
17.81
19.44
21.29
23.31
25.04
26.95
28.78
30.58
32.48
34.25
36.2
37.87
39.67
41.6
43.52
45.32
47.18
49.04
50.75
52.72
54.54
56.37
58.39
60.13
61.95
63.84
65.65
67.37
69.26
71.13
73.01
74.85
