128
52
77
110.88
124.12
127.72
118.44
127.24
136.04
124.12
130.46
130.65
117.12
127.43
118.16
112.01
121.09
117.4
106.9
124.4
118.73
110.78
128.76
121.38
114.76
125.26
135.28
142.47
131.78
112.77
137.18
133.2
116.17
115.7
110.31
119.3
125.92
111.82
114.76
112.86
113.34
110.31
134.43
127.72
115.89
122.51
122.99
132.26
132.16
118.63
130.36
130.74
124.88
119.86
135.38
123.36
114.47
123.93
127.53
111.63
130.36
123.84
116.17
798.27
797.23
798.37
0.61
5.11
3.03
9.79
4.94
3.29
1.21
4.42
-115.1
-122.9
-121.34
-117.35
-117.26
-109.38
-115.27
-128.53
-81.73
-110.24
-127.75
-120.73
-111.54
-116.14
-119.6
-116.48
-109.98
-107.56
-114.06
-125.84
-106.17
-111.28
-113.36
-111.8
-98.28
-120.56
-115.53
-103.66
-106.26
-117.78
-120.73
-122.12
-114.32
-114.06
-111.8
-107.38
-106.6
-108.77
-107.38
-112.06
-106.86
-101.49
-103.14
-111.8
-100.54
-114.23
-116.74
-114.4
-124.2
-110.94
-125.24
-120.56
-118.48
-117.87
-111.11
-108.25
-109.64
63.14
60.68
58.26
55.73
53.6
51.28
48.83
46.45
44.19
41.84
39.16
37.29
34.75
32.45
30.08
27.81
25.5
22.68
20.7
18.56
16.12
13.61
11.55
8.8
5.43
2.07
-1.23
-4.16
-7.7
-10.7
-13.04
-15.31
-17.88
-20.06
-22.42
-24.62
-26.94
-29.44
-31.66
-34.44
-36.52
-38.85
-41.02
-43.56
-45.83
-48.21
-50.82
-52.71
-55.28
-57.69
-60.09
-62.32
-64.66
-67.01
-69.38
-71.56
-74.02
-76.91
-78.92
-81.08
-82.02
-82.05
-82.01
-82.03
-82.02
-82.01
-82.06
-82.04
-81.54
-78.36
-75.91
-73.68
-71.19
-69.01
-66.46
-63.68
-61.74
-59.54
-57.11
-54.81
-52.33
-50.25
-47.33
-45.48
-42.94
-40.89
-38.14
-36.03
-33.6
-31.27
-28.96
-26.56
-24.28
-21.5
-19.41
-17.17
-14.93
-12.35
-9.97
-6.77
-3.06
-0.43
2.62
6.05
9.63
11.89
14.34
16.53
18.93
21.35
23.58
26.11
28.43
30.67
32.82
35.13
37.66
40.02
42.69
44.65
47.07
49.49
51.95
54.01
56.43
58.88
61.18
63.48
