126
51
76
110.78
126.77
120.43
117.21
133.87
130.36
123.55
135
130.36
121.66
129.51
112.96
118.54
124.4
111.35
115.99
123.27
118.07
119.67
126.39
114.57
116.74
132.26
128.85
135.28
131.31
117.88
132.26
127.05
112.2
109.55
111.07
121.57
121.38
104.82
133.87
118.07
108.89
108.42
135.66
119.67
121.38
131.12
127.62
129.14
131.59
117.21
156.95
128.28
115.99
131.03
132.16
112.48
116.08
124.78
115.89
123.46
127.72
125.82
588.06
885.21
882.47
2.43
2.08
7.02
58.68
0.78
4.16
4.07
5.55
-113.1
-120.21
-118.13
-126.88
-117.7
-121.08
-113.54
-125.15
-113.8
-114.92
-129.05
-112.41
-114.75
-118.74
-123.42
-117.87
-115.01
-116.31
-118.3
-123.33
-104.61
-109.29
-110.5
-115.27
-115.62
-119.78
-114.58
-105.3
-106.69
-111.54
-123.5
-111.37
-101.49
-114.75
-111.98
-111.89
-112.58
-111.63
-109.98
-115.44
-107.21
-105.91
-109.64
-107.64
-103.48
-111.63
-100.36
-117
-120.47
-114.75
-116.57
-121.94
-121.51
-122.64
-115.96
-106.69
62.23
59.66
57.38
55.04
52.79
50.37
47.97
45.83
43.33
40.98
38.57
36.37
33.52
31.59
29.24
26.98
24.52
22.38
19.92
17.28
15.18
13.06
10.55
7.61
4.13
1.2
-2.27
-5.4
-8.46
-11.44
-14.33
-16.21
-18.57
-20.86
-23.16
-25.7
-27.88
-30.58
-32.66
-34.96
-37.28
-39.98
-41.98
-44.25
-46.62
-49.06
-51.47
-53.87
-56.52
-58.38
-60.9
-63.21
-65.65
-67.84
-70.23
-72.95
-75.04
-77.17
-79.74
-81.94
-82.05
-82.06
-82.05
-82.05
-82.07
-82.08
-82.02
-80.09
-77.34
-74.95
-72.49
-70.4
-67.89
-65.12
-63.14
-61.02
-58.5
-56.18
-53.77
-51.46
-48.76
-46.79
-44.47
-42.15
-39.62
-37.33
-35.06
-32.79
-30.33
-27.98
-25.58
-22.72
-20.87
-18.76
-16.22
-13.92
-11.42
-8.9
-5.26
-2.37
0.91
4.15
7.82
10.48
12.96
15.11
17.51
19.9
22.15
25.01
26.93
29.31
31.38
33.86
36.29
38.72
41.39
43.31
45.62
47.87
50.73
52.74
55.09
57.55
59.78
62.12
