126
51
76
117.31
126.96
117.69
124.12
132.92
126.2
132.54
129.89
118.63
127.53
136.8
112.67
120.34
119.3
106.34
124.69
114.47
106.9
120.05
126.2
109.46
118.54
142.38
131.88
131.69
119.67
126.68
137.65
119.86
114.66
108.7
122.42
123.46
208.13
106.34
111.16
115.89
108.89
127.15
137.93
113.34
130.55
127.15
126.49
134.43
121.57
118.44
134.05
127.91
122.32
132.26
133.77
117.03
117.5
126.2
112.2
133.01
135
113.43
689
915.01
913.31
0.61
-2.43
2.86
-0.17
1.3
1.21
-0.61
1.39
-121.86
-121.08
-123.68
-122.64
-119.69
-120.82
-119.78
-127.58
-118.91
-112.24
-132.78
-120.82
-110.42
-124.8
-129.48
-124.54
-119.08
-112.15
-121.42
-128.01
-104.96
-113.19
-113.02
-115.1
-115.27
-129.14
-115.88
-108.08
-114.14
-120.82
-129.31
-119.95
-111.46
-121.25
-120.12
-117.44
-116.48
-114.58
-111.72
-115.27
-111.2
-108.42
-111.98
-109.12
-105.56
-117.78
-114.06
-122.81
-128.53
-124.2
-125.84
-126.62
-120.3
-127.66
-121.42
-106.69
59.72
57.28
54.79
52.61
50.36
47.85
45.29
43.16
40.79
38.52
36.21
33.79
31.67
28.9
26.89
24.56
22.32
20.02
17.54
15.1
12.24
10.54
7.28
3.95
0.73
-2.17
-5.69
-9.24
-11.43
-13.99
-16.46
-19.17
-20.83
-23.35
-25.75
-28.08
-30.46
-32.61
-35.33
-37.42
-39.84
-42.14
-44.34
-46.84
-49.2
-51.47
-53.79
-56.23
-58.44
-61.27
-63.24
-65.62
-67.9
-70.33
-72.64
-74.9
-77.73
-79.71
-82.18
-83.81
-83.9
-83.88
-83.9
-83.89
-83.9
-83.88
-83.88
-81.78
-79.49
-77.07
-74.93
-72.21
-69.95
-67.59
-64.94
-62.86
-60.53
-58.07
-55.69
-53.37
-51.17
-48.94
-46.44
-44.08
-41.79
-38.9
-37.16
-34.65
-32.54
-30.2
-27.61
-25.18
-22.76
-20.69
-18.21
-15.84
-13.41
-11.19
-8.24
-5.43
-2.11
1.41
4.62
8.27
10.84
13.17
15.56
17.99
20.18
22.61
25.45
27.19
29.49
31.96
34.27
36.55
38.87
41.16
43.49
45.98
48.2
50.94
53.12
55.43
57.63
60.23
