128
52
77
112.67
122.99
125.16
116.65
127.43
136.42
121.66
130.46
131.88
115.61
126.3
125.07
112.77
119.49
116.55
108.51
124.59
119.49
114.57
127.34
121.95
113.53
129.51
174.92
136.99
133.11
112.48
133.2
134.43
114.66
120.05
109.84
121.76
129.99
115.51
110.78
113.53
117.97
109.84
129.7
131.41
115.23
119.96
117.88
133.01
127.81
127.24
126.49
130.65
121.95
121.28
134.53
128.76
115.8
127.53
126.96
114.57
133.39
122.8
113.05
825.42
812.94
815.11
1.99
1.04
1.39
0.35
0.87
-1.65
0.35
0.52
-122.9
-132.95
-126.71
-122.98
-125.93
-115.88
-122.72
-132.17
-121.25
-111.37
-134.77
-127.92
-108.42
-126.36
-127.84
-86.24
-116.4
-111.89
-113.88
-130.26
-108.16
-114.75
-117.09
-115.7
-108.34
-127.32
-118.74
-107.56
-112.15
-116.83
-82.51
-124.98
-86.58
-118.56
-117.7
-112.24
-119.43
-112.84
-110.68
-117.35
-109.55
-107.04
-110.07
-114.84
-102.1
-118.13
-116.05
-114.92
-129.57
-115.53
-124.8
-128.1
-123.33
-118.3
-66.82
-112.67
-117.26
61.97
59.61
57.25
55.11
52.69
50.31
47.8
45.36
43.18
40.78
38.41
36.06
33.84
31.5
28.93
26.8
24.59
22.08
19.59
17.56
15.07
12.77
10.4
7.26
4.1
0.13
-2.55
-5.5
-8.81
-11.54
-14.02
-16.23
-18.71
-21
-23.43
-25.88
-28.39
-30.43
-32.82
-35.15
-37.33
-39.84
-42.26
-45.05
-46.85
-49.19
-51.69
-54.04
-56.23
-58.55
-61.08
-63.3
-65.7
-68.02
-70.83
-72.66
-75.13
-77.22
-79.68
-82.09
-83.15
-83.2
-83.16
-83.18
-83.19
-83.2
-83.17
-83.17
-82.72
-79.37
-76.9
-74.8
-72.18
-69.69
-67.56
-65.13
-62.63
-60.53
-58.11
-55.76
-53.31
-51.15
-48.65
-45.87
-43.9
-41.75
-39.23
-37.02
-34.6
-32.37
-29.61
-27.57
-25.44
-22.94
-20.15
-18.1
-15.96
-13.44
-11.15
-8.08
-5.18
-1.48
1.41
4.71
7.93
11.07
13.07
15.54
17.9
20.26
22.73
24.96
27.68
29.5
32.07
34.21
36.62
38.93
41.36
44.1
46
48.39
50.77
53.28
55.49
57.87
59.99
62.58
