128
52
77
113.24
117.03
127.34
117.59
129.23
135.19
123.46
196.02
130.46
118.92
125.92
115.61
113.05
119.86
117.88
110.03
122.04
115.23
119.3
132.92
119.58
114.28
138.78
135.47
145.6
133.39
116.08
133.39
135.28
113.62
121.28
111.73
120.53
122.51
112.67
114.66
113.71
111.63
113.24
139.07
125.45
115.8
127.62
120.53
144.08
141.62
119.3
126.68
124.88
123.18
127.62
130.18
121.47
120.53
128.09
122.13
116.46
132.92
122.04
120.72
921.35
917.85
916.53
0.78
19.15
0
55.9
0.69
32.93
1.65
-0.26
-123.85
-124.89
-128.7
-120.73
-126.02
-116.31
-125.06
-126.97
-128.01
-117.78
-128.79
-126.8
-112.32
-118.82
-124.11
-126.62
-113.1
-112.32
-117.7
-129.83
-110.94
-110.94
-118.39
-110.42
-112.76
-105.56
-122.98
-111.89
-112.67
-117.52
-123.07
-130
-118.91
-118.13
-115.01
-113.36
-120.04
-113.1
-111.2
-117.09
-108.86
-106
-111.11
-116.31
-100.8
-114.23
-117.09
-111.2
-125.5
-125.06
-122.55
-126.19
-120.12
-117.09
-122.29
-111.02
-111.63
62.4
60.05
57.71
55.28
52.97
50.64
48.44
46
43.67
41.19
38.86
36.51
34.35
32.02
29.55
27.4
24.86
22.58
20.16
17.88
15.39
13.34
10.92
7.96
4.7
1.4
-1.87
-5.03
-8.4
-11.29
-13.41
-15.91
-18.2
-20.64
-23
-25.4
-27.64
-30.09
-32.32
-34.67
-37.08
-39.28
-41.63
-44.07
-46.4
-48.79
-51.2
-53.59
-55.94
-58.1
-60.55
-62.81
-65.24
-67.62
-69.99
-72.25
-74.62
-76.96
-79.19
-81.54
-82.24
-82.26
-82.26
-82.26
-82.23
-82.27
-82.25
-82.22
-82.03
-78.86
-76.35
-74.21
-71.57
-69.37
-66.97
-64.68
-62.24
-60.22
-57.69
-55.4
-52.95
-50.63
-48.19
-46.08
-43.62
-41.24
-38.95
-36.52
-34.19
-31.82
-29.53
-27.09
-24.77
-22.4
-20.06
-17.64
-15.42
-12.94
-10.79
-7.67
-4.45
-1.22
2.05
5.35
8.73
11.36
13.61
15.89
18.38
20.66
23.13
25.49
27.84
30.11
32.49
34.78
36.92
39.42
41.82
44.18
46.43
48.96
51.25
53.7
55.79
58.28
60.56
62.99
