128
52
77
112.96
118.54
124.5
123.74
130.46
135.85
129.04
135.28
133.87
120.24
126.96
114.66
113.81
121.57
120.24
108.8
124.03
115.7
117.97
132.92
119.58
139.26
131.69
134.53
135.76
132.35
112.96
129.99
128
115.23
121.66
110.69
124.03
118.82
109.36
115.8
115.61
105.77
108.13
127.34
123.36
116.93
131.97
123.27
128.76
131.41
118.54
129.89
124.22
117.12
128.66
132.45
114.85
113.34
122.8
121.19
114.57
133.01
121.38
121.09
792.12
791.37
789.47
4.07
2.95
1.82
3.03
22.27
4.33
5.29
2.95
-118.48
-119.43
-57.64
-118.82
-118.82
-113.71
-122.2
-122.38
-126.02
-114.92
-121.77
-124.37
-110.59
-115.88
-118.39
-120.82
-108.25
-105.13
-112.5
-126.54
-108.42
-106.95
-113.97
-111.54
-111.46
-119.08
-119.78
-113.02
-111.72
-112.5
-120.82
-124.98
-121.42
-115.62
-113.54
-95.16
-116.14
-106.17
-109.46
-110.76
-113.54
-105.65
-104.26
-111.98
-101.75
-112.24
-114.49
-107.21
-123.5
-122.2
-120.21
-123.16
-121.42
-115.36
-102.44
-113.8
-107.73
62.5
60.03
57.49
55.52
53.12
50.72
48.13
46.1
43.61
41.21
38.92
36.7
34.21
31.47
29.57
27.44
25
22.6
20.12
17.86
15.48
13.19
10.8
8.01
4.05
1.28
-1.75
-5.03
-8.26
-11.29
-13.48
-15.96
-18.32
-20.49
-22.93
-25.78
-27.67
-29.87
-32.25
-34.6
-37.06
-39.38
-42.05
-44.02
-46.47
-48.81
-51.39
-53.45
-55.91
-58.24
-60.51
-62.9
-65.38
-67.98
-69.99
-72.2
-74.49
-77.3
-79.44
-81.48
-82.09
-82.09
-82.08
-82.08
-82.06
-82.07
-82.07
-82.1
-81.93
-78.79
-76.51
-74.23
-71.68
-69.37
-67.07
-64.36
-62.22
-60.24
-57.65
-55.38
-53.05
-50.65
-47.99
-46.1
-43.61
-41.18
-38.59
-36.61
-34.2
-31.98
-29.71
-27.15
-24.83
-22.11
-20.28
-17.76
-15.46
-12.75
-10.71
-7.69
-4.43
-1.21
2.04
5.39
9.46
11.42
13.7
16.12
18.75
20.65
23.14
25.23
27.71
30.05
32.42
35.13
37.09
39.47
41.87
44.12
46.4
48.91
51.76
53.64
55.86
58.18
60.67
62.96
