128
52
77
113.9
119.3
125.07
119.86
131.03
135.28
125.54
134.91
129.7
117.97
128.95
112.39
114
125.07
113.71
106.9
121.85
121.38
115.8
138.88
120.62
114.38
131.41
128.47
143.14
131.88
115.99
131.5
133.96
112.86
125.16
113.53
123.74
119.3
108.32
110.78
116.08
112.2
110.5
136.23
128.47
115.23
130.27
122.32
160.45
131.41
117.31
125.63
131.12
117.88
122.51
139.07
116.36
119.77
124.31
126.2
116.36
132.07
126.39
229.7
851.72
846.43
842.83
3.12
3.12
4.51
21.41
2.34
23.57
4.51
4.16
-119.69
-117
-123.5
-117.35
-122.9
-109.55
-120.38
-125.93
-124.2
-116.83
-126.19
-123.76
-101.58
-119.34
-118.39
-120.38
-109.9
-108.51
-110.76
-127.92
-106.95
-111.46
-115.36
-109.12
-111.72
-119.17
-118.82
-106.78
-111.98
-109.72
-118.13
-127.14
-116.14
-87.8
-111.89
-110.59
-113.71
-110.16
-110.33
-115.88
-111.28
-105.48
-105.56
-114.06
-98.37
-112.24
-109.2
-105.48
-122.98
-120.04
-120.9
-125.93
-85.63
-119.78
-124.37
-109.2
-104.26
62.76
60.33
57.99
55.54
53.32
50.57
48.48
46.1
43.83
41.52
39.14
36.67
33.99
32.15
29.72
27.67
25.06
22.86
20.43
18.29
15.88
13.38
11.07
7.62
5
1.62
-1.74
-4.87
-8.05
-10.99
-13.46
-15.75
-17.87
-20.43
-23.11
-25.19
-27.3
-29.8
-32.08
-34.47
-36.65
-39.48
-41.46
-43.95
-46.28
-48.62
-51.02
-53.25
-56.14
-58.09
-60.4
-62.52
-65.62
-67.42
-69.77
-71.88
-74.42
-76.77
-79.14
-81.75
-82.04
-82.03
-82.05
-82.04
-82.05
-82.05
-82.04
-82.01
-81.84
-78.69
-76.05
-74.17
-71.81
-69.43
-67.08
-64.65
-62.21
-59.53
-57.68
-55.28
-53.09
-50.27
-48.41
-45.99
-43.56
-41.19
-39.02
-36.45
-33.91
-31.66
-29.5
-27.02
-24.48
-22.35
-20.17
-17.72
-15.39
-12.98
-10.7
-7.24
-4.43
-1.07
2.06
5.22
8.67
11.45
14.16
15.95
18.49
20.78
23.03
25.39
27.87
30.16
32.22
34.77
36.92
39.73
41.77
44.2
46.44
48.84
51.22
53.63
56.04
58.18
60.61
63.1
