126
51
76
103.31
98.96
103.45
96.59
99.76
98.82
107.76
95.93
91.39
93.71
92.15
94.13
99.38
99.01
98.15
104.92
101.23
98.2
106.53
99.9
96.4
102.88
102.27
101.47
99.38
93.47
92.15
97.11
92.9
92.95
96.83
100.61
101.18
102.98
98.91
107.14
102.65
98.15
96.4
100.8
96.97
93.99
96.26
90.63
93.71
94.23
93.57
95.32
99.67
95.55
101.66
102.93
99.86
99.95
100.05
93.85
90.21
88.93
83.54
318.73
491.52
442.75
-0.44
0.05
-1
0.83
0.31
3.17
0.65
0.39
-105.7
-107.39
-108.77
-108.21
-111.03
-108.9
-114.23
-111.03
-101.15
-108.69
-109.16
-100.76
-106.95
-104.05
-99.33
-103.49
-100.32
-98.85
-104.83
-106.09
-96.47
-107.13
-107.52
-109.86
-108.9
-107.34
-106.82
-104.53
-102.23
-96.77
-105.39
-101.62
-101.54
-48.23
-100.97
-104.66
-103.23
-102.92
-104.61
-101.54
-106.43
-106.78
-100.45
-100.63
-97.42
-101.62
-93.48
-95.34
-101.58
-95.25
-99.07
-95.17
-96.55
-101.06
-101.32
-93.74
59.89
57.62
55.35
52.92
50.68
48.1
45.9
43.46
41.24
38.78
36.24
34.07
31.68
29.47
27.08
24.76
22.36
20.09
17.74
15.35
13.01
10.65
7.83
4.42
1.3
-2.17
-5.16
-8.55
-11.21
-13.75
-15.98
-18.44
-20.63
-23.03
-25.55
-27.75
-30.28
-32.43
-34.87
-37.06
-39.56
-41.86
-44.14
-46.58
-48.8
-51.34
-53.7
-55.99
-58.44
-60.69
-63.04
-65.39
-67.8
-70.07
-72.37
-74.73
-77.08
-79.42
-81.81
-83.86
-83.96
-83.95
-83.94
-83.94
-83.97
-83.94
-83.92
-81.65
-79.11
-76.49
-74.57
-71.91
-69.51
-67.14
-64.74
-62.45
-60.1
-57.82
-55.45
-53.12
-50.57
-48.27
-46.16
-43.71
-41.37
-38.93
-36.65
-34.25
-31.98
-29.69
-27.36
-24.96
-22.69
-20.29
-17.81
-15.6
-13.07
-10.87
-7.74
-4.69
-1.37
2.05
5.07
8.5
11.11
13.58
15.87
18.37
20.39
22.96
25.1
27.67
29.77
32.28
34.64
36.89
39.28
41.54
44.04
46.23
48.74
51.15
53.39
55.77
58.02
60.5
