126
51
76
132.97
133.58
133.77
127.48
139.07
132.92
137.23
125.68
122.8
120.77
124.41
117.08
117.22
126.02
122.23
133.11
151.23
130.46
138.36
140.02
136
132.12
139.12
138.08
129.37
130.41
109.03
124.5
123.89
110.74
112.77
115.33
123.6
137.56
129.8
135.15
137.13
135.81
135.95
153.31
154.82
136.94
185.71
127.62
128.33
122.42
123.89
122.09
123.22
118.16
116.18
132.35
126.2
133.3
153.36
148.25
141.01
153.59
151.61
424.97
436.46
436.18
-0.09
-0.65
0.35
-0.26
-0.13
0.31
3.08
-1
-159
-157.53
-154.53
-151.5
-154.62
-137.03
-127.88
-125.59
-111.85
-120.04
-119.04
-117.57
-125.67
-123.55
-132.82
-138.11
-139.71
-143.74
-165.93
-161.43
-138.2
-139.28
-138.28
-133.26
-129.66
-133.39
-116.83
-106.65
-111.5
-109.64
-125.76
-117.48
-115.88
-131.44
-143.18
-140.84
-141.4
-140.67
-135.47
-146.6
-150.29
-141.23
-145.78
-147.56
-131.48
-130.66
-126.06
-127.49
-137.33
-140.28
-134.17
-136.42
-127.49
-145.3
-145.61
-138.24
60.2
57.86
55.51
53.13
50.96
48.5
46.09
43.79
41.42
39.01
36.75
34.32
31.98
29.61
27.58
25.13
22.73
20.38
18.06
15.72
13.32
10.94
8.08
4.7
1.75
-1.6
-4.91
-8.01
-11.07
-13.49
-15.78
-18.17
-20.56
-22.84
-25.08
-27.47
-29.87
-32.18
-34.52
-36.84
-39.29
-41.68
-43.82
-46.34
-48.68
-51.08
-53.37
-55.72
-58.1
-60.47
-62.78
-65.1
-67.51
-69.92
-71.93
-74.47
-76.79
-79.11
-81.49
-83.61
-83.64
-83.64
-83.67
-83.67
-83.67
-83.69
-83.61
-81.61
-78.81
-76.46
-74.28
-71.7
-69.38
-67.01
-64.9
-62.35
-60.1
-57.69
-55.36
-53.01
-50.64
-48.21
-45.99
-43.74
-41.3
-38.95
-36.55
-34.19
-31.9
-29.56
-27.11
-24.75
-22.47
-20.05
-17.88
-15.61
-13.09
-10.73
-7.56
-4.42
-1.18
2.13
5.41
8.36
11.23
13.67
15.9
18.35
20.68
23.16
25.4
27.91
30.01
32.4
34.55
36.98
39.35
41.73
44.09
46.44
48.86
51.2
53.44
55.76
58.23
60.49
