126
51
76
134.06
138.6
135.52
128.29
144.04
131.5
124.79
127.62
124.41
123.32
125.83
118.45
120.67
129.37
127.39
138.31
140.87
132.35
142.19
141.63
136.47
143.09
143.52
140.11
131.08
133.06
112.87
128.38
122.33
112.72
113.34
117.79
127.62
135.29
130.84
134.67
139.64
134.58
140.06
156.43
154.02
136.94
128.66
129.71
127.53
129.37
127.06
121.05
227.72
119.2
117.5
138.22
126.73
136.8
158.42
150.8
145.32
158.32
154.11
410.4
416.17
413.71
-1.04
-0.09
0.13
13.57
0.39
0.35
-0.35
-0.83
-165.15
-157.79
-157.22
-152.37
-94.65
-139.89
-132.04
-128.27
-112.46
-121.17
-120.91
-119.43
-128.71
-122.55
-133.82
-139.76
-140.41
-145.09
-167.49
-164.81
-142.18
-143.44
-143.18
-137.55
-132.69
-136.59
-122.16
-109.42
-115.01
-108.99
-126.5
-126.19
-113.19
-130.4
-142.83
-137.46
-140.02
-139.5
-140.15
-142.79
-148.99
-138.33
-145.48
-151.28
-131.31
-130.48
-125.46
-125.93
-137.94
-141.97
-134.77
-136.07
-127.28
-143.79
-144.96
-139.5
59.85
57.52
55.41
52.93
50.64
48.11
45.79
43.43
41.05
38.72
36.36
34
31.61
29.37
27.09
24.89
22.49
20.05
17.84
15.38
13.02
10.69
7.64
4.62
1.24
-2.09
-5.29
-8.48
-11.41
-13.66
-16.14
-18.35
-20.89
-23.08
-25.61
-27.64
-30.08
-32.42
-34.75
-37.06
-39.56
-41.91
-44.32
-46.41
-48.8
-51.3
-53.64
-55.99
-58.33
-60.76
-63.07
-65.36
-67.81
-70.21
-72.29
-74.66
-76.93
-79.36
-81.75
-83.61
-83.61
-83.62
-83.61
-83.63
-83.61
-83.61
-83.6
-82.2
-79.04
-76.56
-74.63
-71.92
-69.65
-67.19
-64.93
-62.64
-60.3
-57.87
-55.55
-53.19
-50.83
-48.41
-46.14
-43.93
-41.54
-39.06
-36.64
-34.38
-32
-29.67
-27.23
-25.03
-22.57
-20.28
-17.81
-15.82
-13.27
-10.85
-7.8
-4.64
-1.47
1.9
5.19
8.12
11.11
13.51
15.79
18.24
20.51
22.88
25.2
27.64
29.94
32.04
34.49
36.87
39.19
41.59
43.93
46.25
48.72
50.81
53.29
55.59
58.11
60.33
