126
51
76
167.12
162.53
160.78
154.92
178.66
174.69
177.01
188.08
174.41
176.96
183.87
161.82
157.09
169.58
158.8
167.41
182.31
176.96
183.77
180.13
161.26
164.33
176.96
167.36
176.91
165.75
175.02
163.15
158.84
148.06
157.42
158.61
163.43
184.15
170.01
168.54
172.42
162.2
150.52
177.48
164.95
158.42
152.55
148.72
149.76
146.69
144.09
156.67
165.51
146.59
163.67
174.12
166.74
166.18
181.41
173.7
181.36
192.62
192.29
411.77
425.39
424.97
-0.78
0.26
-0.31
5.51
31.68
0.22
-0.78
-99.15
-186.04
-175.99
-175.55
-158.87
-130.27
-157.66
-158
-162.12
-150.2
-147.17
-156.36
-145.95
-145
-138.63
-141.75
-155.05
-148.34
-147.64
-169.4
-172.87
-152.84
-161.56
-179.97
-166.32
-165.63
-173.73
-161.9
-154.62
-155.49
-142.49
-161.69
-163.9
-146.78
-157.44
-177.89
-167.06
-171.91
-163.29
-164.72
-185.65
-175.68
-179.41
-187.38
-175.94
-161.21
-175.08
-162.94
-174.38
-191.8
-185.48
-182.75
-187.04
-178.54
-178.33
-180.58
-158.31
60.09
57.84
55.42
53.11
50.75
48.31
46.21
43.76
41.33
38.99
36.65
34.19
31.91
29.86
27.56
25.16
22.79
20.25
18.12
15.6
13.21
10.97
8.1
4.75
1.57
-1.55
-4.93
-8.08
-11.08
-13.47
-15.84
-18.2
-20.65
-22.65
-25.26
-27.53
-29.84
-32.17
-34.55
-36.82
-39.39
-41.71
-44.15
-46.16
-48.61
-51.03
-53.35
-55.66
-58
-60.56
-62.77
-64.96
-67.35
-69.79
-72.08
-74.5
-76.77
-79.2
-81.57
-83.8
-83.88
-83.91
-83.88
-83.88
-83.88
-83.88
-83.78
-81.26
-78.68
-76.29
-74.34
-71.78
-69.35
-66.97
-64.62
-62.17
-59.93
-57.58
-55.27
-52.73
-50.53
-48.03
-46.01
-43.49
-41.17
-38.79
-36.39
-34.01
-31.74
-29.44
-27.08
-24.69
-22.46
-20.04
-17.71
-15.34
-12.88
-10.54
-7.49
-4.25
-1.01
2.33
5.34
8.53
11.28
13.82
16.15
18.54
20.83
23.23
25.32
27.83
30.15
32.44
34.79
37.12
39.47
41.83
44.23
46.55
49.06
51.15
53.66
55.92
58.37
60.69
