128
52
77
174.5
168.26
172.89
173.32
162.96
184.29
185.85
181.83
193.33
184.62
179.56
193.47
176.11
161.97
182.16
168.02
180.27
196.97
189.83
196.69
194.98
180.6
211.92
200.28
187.27
194.41
185.95
162.2
181.69
176.96
159.93
170.48
179.23
177.01
194.51
206.33
185.76
196.73
183.35
169.91
197.73
190.44
176.06
173.37
162.96
171.14
167.36
159.22
168.78
180.27
165.99
175.92
196.26
186.8
183.54
201.75
192.05
199.14
215.84
214.47
335.52
431.97
428.99
-0.61
-1.04
-1.04
-0.44
-0.18
0.35
1.09
-143.27
-207.49
-200.6
-196.18
-180.88
-188.94
-178.89
-177.98
-164.59
-172.35
-166.63
-179.97
-171.7
-166.02
-160.91
-160.99
-174.82
-172.43
-167.54
-194.79
-203.11
-173.56
-184.91
-202.03
-187.51
-186.69
-196.09
-179.41
-167.49
-173.34
-160.73
-181.32
-185.39
-168.71
-185.87
-202.64
-187.95
-195.36
-184.7
-187.17
-208.14
-212.43
-194.27
-209.48
-195.1
-179.67
-191.98
-175.99
-191.41
-208.36
-198.48
-197.57
-200.95
-188.51
-189.81
-191.07
-167.28
-175.77
62.7
60.26
58.16
55.72
53.32
51.05
48.55
46.12
43.87
41.44
39.04
37.02
34.41
32.14
29.81
27.5
25.14
22.93
20.46
18.1
15.76
13.34
11.18
8.41
4.92
1.84
-1.54
-4.89
-7.87
-10.98
-13.16
-15.58
-17.98
-20.34
-22.61
-25.17
-27.42
-29.74
-32.08
-34.46
-36.76
-39.01
-41.44
-43.83
-46.2
-48.53
-50.87
-53.26
-55.61
-57.99
-60.2
-62.54
-64.97
-67.28
-69.72
-71.92
-74.49
-76.72
-79.02
-81.45
-83.74
-84
-83.98
-83.98
-84.01
-83.98
-84
-83.81
-80.93
-78.47
-76.29
-74.12
-71.55
-69.15
-66.79
-64.51
-62.08
-59.71
-57.37
-55.06
-52.56
-50.58
-48.07
-45.76
-43.29
-41.05
-38.69
-36.23
-33.86
-31.57
-29.41
-26.86
-24.57
-22.29
-19.86
-17.49
-15.22
-12.62
-10.42
-7.09
-4.26
-1
2.32
5.72
8.92
11.51
13.96
16.36
18.71
20.8
23.19
25.63
28.11
30.2
32.67
34.96
37.29
39.72
42.04
44.36
46.54
48.94
51.45
53.76
56.06
58.57
60.94
63.07
