128
52
77
133.54
132.16
135.9
131.6
127.34
144.84
127.77
121.9
128.14
122.42
121.85
122.04
113.24
117.08
125.31
119.87
135.81
135.57
127.48
142.9
140.54
133.35
135
143.85
139.31
157.76
123.89
111.78
132.64
121.47
113.34
112.91
117.31
125.45
137.18
130.56
131.83
138.79
130.08
141.48
154.07
145.17
132.16
124.88
121.38
120.81
119.2
123.22
121.81
121.95
116.13
115.99
134.34
124.74
134.86
150.85
143.85
143.8
150.52
153.4
392
461.25
430.5
-0.35
-0.13
-0.44
-1.04
1.39
-0.44
-1.04
-2.56
-130.79
-153.23
-149.55
-148.34
-149.55
-130.4
-127.97
-121.82
-111.63
-117.7
-117.18
-115.84
-118.35
-123.72
-129.05
-136.07
-139.93
-142.31
-163.68
-158.44
-133.82
-136.77
-135.38
-131.74
-126.67
-131.31
-111.76
-109.29
-114.02
-113.32
-125.93
-128.23
-118.87
-134.12
-144.61
-137.76
-142.1
-130.57
-145.74
-148.77
-148.68
-143.61
-147.47
-145
-133.47
-128.75
-123.51
-127.41
-138.37
-139.67
-135.21
-138.07
-125.59
-144.65
-145.95
-138.41
-146.04
62.5
60.2
57.83
55.35
53.16
50.74
48.42
46.03
43.72
41.3
38.92
36.62
34.31
31.93
29.67
27.3
25.05
22.64
20.39
18.03
15.73
13.29
10.94
8.21
4.72
1.7
-1.75
-4.81
-8.11
-11.21
-13.41
-15.92
-18.12
-20.56
-22.75
-25.28
-27.5
-29.96
-32.14
-34.56
-36.71
-39.32
-41.52
-43.99
-46.27
-48.67
-51.08
-53.41
-55.77
-58.13
-60.34
-62.58
-65.1
-67.44
-69.82
-72.05
-74.62
-76.9
-79.15
-81.58
-83.59
-83.77
-83.78
-83.76
-83.79
-83.78
-83.77
-83.71
-81.2
-78.58
-76.41
-74.23
-71.72
-69.24
-66.93
-64.53
-62.06
-59.88
-57.47
-55.15
-52.69
-50.36
-48.23
-45.83
-43.39
-41.09
-38.71
-36.34
-33.96
-31.64
-29.53
-27.02
-24.69
-22.22
-19.91
-17.44
-15.27
-12.74
-10.41
-7.23
-4.09
-1.18
2.18
5.55
8.68
11.43
13.93
16.27
18.61
20.93
23.17
25.58
28.01
30.25
32.51
34.92
37.25
39.58
41.9
44.34
46.68
48.9
51.33
53.72
55.95
58.48
60.78
63.13
