136
54
82
146.83
137.37
149.48
144.27
152.5
157.23
140.49
127.81
124.4
130.18
131.31
129.04
132.73
113.9
131.97
122.89
113.15
117.31
114
119.49
121.47
114.76
122.32
123.27
122.7
139.07
112.3
123.08
123.93
114.57
125.92
101.04
124.03
102.08
113.15
125.63
112.86
112.3
122.7
125.82
130.27
133.68
143.33
130.46
141.15
129.14
132.35
133.68
151.08
139.35
148.43
143.7
140.58
140.87
146.26
138.6
159.03
157.71
156.1
165.75
138.78
133.2
152.22
308.79
791.46
794.77
-0.95
-3.73
-4.42
-0.61
-1.13
-1.82
-1.82
-1.3
-0.69
-0.78
-0.35
-1.56
-119.08
-129.31
-119.6
-148.81
-160.86
-136.07
-145
-137.37
-134.77
-142.49
-135.64
-138.15
-140.23
-137.98
-150.29
-141.36
-133.13
-136.33
-134.43
-142.75
-144.83
-137.89
-133.73
-130.44
-128.18
-120.73
-118.74
-113.36
-123.85
-116.66
-110.59
-120.12
-111.02
-130.52
-121.94
-120.56
-123.16
-112.93
-129.57
-122.29
-113.36
-132.17
-114.4
-124.11
-122.03
-115.27
-132.34
-117.87
-125.76
-119.95
-122.9
-146.73
-128.79
-130
-129.48
-142.31
-152.11
-149.51
59.56
57.08
54.52
52.08
49.51
46.94
44.42
42.01
39.33
36.88
34.29
31.87
29.5
26.98
24.45
21.95
19.35
16.91
14.35
11.85
8.99
5.49
2.04
-1.53
-4.92
-8.39
-11.47
-13.78
-16.32
-18.96
-21.45
-24.06
-26.56
-29.07
-31.59
-33.99
-36.43
-39.09
-41.51
-44.1
-46.61
-49.23
-51.66
-54.16
-56.74
-59.28
-61.76
-64.37
-66.87
-69.32
-71.92
-74.42
-76.97
-79.47
-81.91
-84.51
-87.02
-89.52
-92
-94.63
-97.09
-99.66
-102.05
-104.55
-105.47
-105.46
-105.49
-105.48
-105.47
-105.49
-105.19
-102.75
-100.37
-97.75
-95.22
-92.69
-90.16
-87.74
-85.23
-82.63
-80.05
-77.57
-75.03
-72.49
-69.99
-67.45
-64.93
-62.43
-59.83
-57.6
-55.06
-52.51
-50.01
-47.49
-44.95
-42.43
-39.91
-37.24
-34.71
-32.26
-29.83
-27.33
-24.66
-22.1
-19.71
-17.18
-14.6
-12.07
-9.28
-5.76
-2.36
1.13
4.69
8.09
11.14
13.66
16.28
18.73
21.3
23.84
26.35
28.87
31.29
33.82
36.37
38.84
41.4
43.93
46.45
48.95
51.58
54.03
56.63
59.06
61.65
64.11
