143
62
83
135.57
147.58
146.64
144.08
138.6
139.26
133.87
145.41
131.69
135.85
128.85
144.74
134.05
131.5
133.87
118.44
129.14
128.38
125.45
126.96
116.27
124.03
127.15
116.84
123.74
114.47
123.46
131.78
122.89
135.76
114.85
117.97
133.49
119.11
131.78
125.63
111.82
136.04
124.31
134.53
129.04
127.43
141.34
137.08
141.34
121
136.51
131.31
145.6
131.59
142
134.53
140.3
136.8
139.07
132.26
160.83
152.98
167.26
140.87
132.92
147.68
145.41
727.32
743.12
743.59
1.99
1.65
1.73
0.69
6.76
1.56
1.99
2.51
1.21
1.39
-0.69
1.3
2.08
-129.05
-115.18
-135.03
-147.77
-135.38
-132.43
-146.47
-132.95
-129.92
-139.97
-134.86
-135.64
-140.75
-128.36
-137.11
-129.14
-130.61
-126.19
-142.14
-140.67
-141.79
-138.59
-131.22
-133.04
-125.41
-127.14
-130.96
-120.38
-124.63
-117.78
-130.18
-120.3
-123.68
-132.78
-124.46
-125.76
-115.36
-123.94
-136.16
-119.43
-124.2
-126.54
-129.48
-143.53
-128.62
-136.68
-132.95
-126.54
-142.66
-123.07
-136.33
-133.82
-133.13
-135.81
-131.56
-140.15
-142.92
-144.65
-150.63
-137.03
-134.69
-137.11
-131.22
-133.47
64.5
62.03
59.46
56.95
54.43
51.93
49.39
46.87
44.34
41.8
39.33
36.81
34.31
31.73
29.26
26.69
24.29
21.72
19.21
16.69
14.09
11.61
8.78
5.31
1.77
-1.9
-5.44
-8.81
-11.61
-14.22
-16.76
-19.1
-21.64
-24.22
-26.65
-29.2
-31.81
-34.31
-36.86
-39.38
-41.94
-44.37
-46.71
-49.26
-51.78
-54.32
-56.84
-59.37
-62.06
-64.54
-67.06
-69.57
-72.02
-74.55
-77.1
-79.65
-82.13
-84.69
-87.09
-89.78
-92.17
-94.77
-97.26
-99.17
-99.19
-99.22
-99.2
-99.19
-99.19
-99.2
-99.21
-98.4
-95.44
-92.75
-90.29
-87.76
-85.23
-82.76
-80.12
-77.81
-75.11
-72.63
-70.15
-67.57
-65.05
-62.61
-60.02
-57.54
-54.98
-52.5
-49.93
-47.4
-44.85
-42.33
-39.79
-37.26
-34.68
-32.27
-29.88
-27.39
-24.89
-22.32
-19.78
-17.27
-14.73
-12.2
-9.44
-6.01
-2.35
1.14
4.64
8.02
11.21
13.72
16.27
18.76
21.07
23.54
26.15
28.74
31.31
33.83
36.27
38.67
41.22
43.7
46.27
48.82
51.39
53.84
56.42
58.93
61.46
63.91
66.46
68.97
71.58
74.12
76.56
79.14
81.75
84.2
86.75
