143
62
83
141.43
156.29
156
152.6
155.72
146.16
135.47
153.92
135.1
141.91
130.84
147.68
140.68
141.81
136.99
119.58
132.73
134.24
130.46
135.85
124.03
131.12
138.78
129.32
142.95
125.63
129.23
138.88
129.51
147.11
123.84
126.01
138.6
131.12
145.41
130.46
117.88
140.49
135.66
142.85
134.34
133.49
142.29
139.07
140.2
127.43
137.93
140.11
152.12
142.66
144.08
132.64
146.64
144.46
147.2
136.33
164.99
157.23
180.51
147.68
131.31
150.14
150.52
794.68
788.43
789.1
-0.26
0.43
1.13
2.08
0.35
-1.47
2.43
3.9
1.39
0.61
1.82
1.04
0
-122.55
-114.92
-138.76
-149.68
-132.34
-122.46
-143.44
-135.9
-130.09
-137.2
-134.17
-132.34
-139.89
-134.51
-138.07
-130.44
-133.3
-127.06
-146.99
-142.14
-137.81
-141.27
-130.87
-136.51
-126.19
-125.67
-127.66
-119.26
-132
-122.9
-131.13
-120.73
-124.37
-136.25
-124.89
-126.36
-123.24
-120.9
-143.79
-122.55
-126.97
-125.5
-131.13
-145.17
-132
-133.56
-132.69
-128.96
-143.96
-121.86
-139.71
-133.65
-129.66
-136.51
-133.13
-139.63
-140.23
-146.82
-153.41
-144.65
-136.68
-137.37
-134.17
-134.69
64.31
61.86
59.29
56.81
54.13
51.65
49.19
46.67
44.08
41.55
39.29
36.85
34.37
31.76
29.19
26.62
24.18
21.57
19.06
16.47
14
11.49
8.54
5.04
1.57
-1.7
-5.25
-8.76
-11.61
-14.19
-16.78
-19.31
-21.83
-24.45
-26.92
-29.32
-31.95
-34.45
-37.03
-39.43
-42.1
-44.57
-47.08
-49.55
-52.1
-54.66
-57.14
-59.62
-62.19
-64.79
-67.24
-69.73
-72.28
-74.78
-77.43
-79.89
-82.39
-84.91
-87.16
-89.8
-92.25
-94.8
-97.35
-99.09
-99.12
-99.12
-99.11
-99.12
-99.09
-99.12
-99.12
-98.31
-95.06
-92.56
-90.17
-87.54
-85.06
-82.59
-80.04
-77.55
-74.92
-72.44
-69.92
-67.37
-64.86
-62.38
-59.86
-57.35
-54.74
-52.24
-49.77
-47.3
-44.66
-42.2
-39.55
-37.12
-34.47
-32.11
-29.47
-27.06
-24.55
-22.02
-19.46
-16.95
-14.41
-11.87
-9.03
-5.76
-2.05
1.44
4.89
8.34
11.41
13.85
16.41
18.67
21.27
23.84
26.39
28.88
31.49
34.01
36.48
38.97
41.51
43.97
46.58
49.05
51.64
54.1
56.73
59.25
61.55
63.99
66.54
69.17
71.64
74.29
76.8
79.28
81.79
84.28
86.86
