85
30
54
146.45
142.95
142.1
142.57
139.45
149.29
139.45
144.46
123.46
133.77
135.47
140.3
138.31
122.89
133.58
127.15
124.78
129.23
116.65
124.97
123.93
129.51
136.33
119.96
122.99
126.11
118.54
133.87
117.12
119.3
123.93
113.53
132.45
107
113.43
119.67
202.64
125.54
149.57
-2.86
-2.77
-1.56
-1.91
-2.25
-1.99
-0.87
-1.82
-1.39
-0.95
-1.47
-132.6
-123.76
-121.68
-126.28
-116.83
-130.09
-119.34
-122.98
-137.11
-124.98
-124.89
-123.07
-125.24
-140.93
-122.46
-128.7
-130.35
-129.83
-147.43
-134.34
-136.68
-130.35
-130.26
-146.56
-129.05
-141.27
-113.02
-125.15
-139.97
-139.45
-144.57
-148.38
-149.42
-153.15
-148.03
58.95
56.47
53.9
51.38
48.82
46.37
43.71
41.18
38.65
36.19
33.74
31.2
28.7
26.24
23.93
21.41
18.83
16.26
13.7
11.21
8.11
4.64
1.16
-2.36
-5.84
-9.3
-12.13
-14.7
-17.23
-19.51
-22.02
-24.57
-27.05
-29.81
-32.25
-34.79
-37.25
-39.6
-40.41
-40.41
-40.41
-40.16
-39.03
-37.41
-35.24
-32.79
-30.18
-27.7
-25.18
-22.64
-20.28
-17.64
-15.08
-12.56
-10.06
-6.44
-2.92
0.36
3.93
7.54
10.69
13.15
15.71
18.29
20.76
23.34
25.61
28.11
30.61
33.18
35.69
38.18
40.75
43.26
45.79
48.29
50.95
53.47
56.01
58.54
61.01
63.55
66.12
68.39
70.95
