156
68
88
139.16
142.47
131.5
137.84
135.47
136.61
137.74
133.68
128.95
125.26
126.49
119.01
113.81
109.46
123.36
117.5
110.78
121.47
113.53
104.92
127.15
116.74
119.49
131.88
121.28
114.28
119.49
125.54
126.01
123.65
126.58
119.01
105.77
112.86
108.8
100.85
99.71
109.46
107.66
113.24
118.92
115.8
130.36
118.07
119.58
109.46
124.5
122.13
112.67
119.39
113.71
112.96
112.67
110.69
120.43
108.32
119.96
111.35
97.54
104.54
116.17
108.42
111.73
117.59
114.09
116.93
125.73
126.11
121.28
477.75
934.79
919.08
-3.64
-3.47
-1.13
-1.99
-3.21
-6.59
-1.73
-3.55
-7.63
-8.32
-5.72
-1.91
-118.13
-119.17
-128.36
-129.57
-119.86
-126.1
-123.07
-129.4
-117
-118.74
-117.61
-121.08
-126.88
-116.92
-123.85
-124.72
-113.28
-123.07
-117.09
-125.67
-124.98
-126.62
-129.14
-113.54
-125.58
-124.46
-120.47
-120.04
-112.06
-127.75
-118.82
-110.59
-118.82
-113.45
-128.53
-125.58
-119.52
-132.95
-123.59
-129.31
-123.42
-120.12
-119.08
-119.26
-123.5
-130.52
-125.93
-111.98
-116.14
-112.5
-117.87
-110.5
-102.27
-113.62
-119.43
-119
-125.93
-117.96
-123.07
-127.23
-128.96
-126.71
-115.79
-126.1
-122.46
-105.82
-120.38
-119.6
-123.24
-119.52
-120.04
-128.18
66.51
64.37
62.22
60.15
58.07
55.98
53.86
51.93
49.67
47.58
45.47
43.36
41.39
39.13
37.1
34.99
32.88
30.82
28.79
26.72
24.74
22.53
20.4
18.32
16.24
14.12
12.05
9.93
6.96
4.09
1.22
-1.69
-4.58
-7.45
-10.3
-12.39
-14.48
-16.66
-18.74
-20.84
-22.95
-25.08
-27.14
-29.26
-31.28
-33.4
-35.5
-37.58
-39.74
-41.79
-43.9
-46
-48.03
-50.22
-52.28
-54.37
-56.49
-58.6
-60.72
-62.79
-64.8
-66.97
-69.1
-71.2
-73.28
-75.36
-77.52
-79.54
-81.64
-83.54
-83.98
-83.89
-83.97
-83.98
-83.99
-83.98
-83.88
-83.98
-84.01
-83.95
-83.47
-81.66
-79.68
-77.57
-75.56
-73.43
-71.3
-69.19
-67.1
-65.04
-62.92
-60.81
-58.66
-56.63
-54.5
-52.41
-50.37
-48.2
-46.16
-44.07
-41.83
-39.87
-37.68
-35.54
-33.53
-31.47
-29.37
-27.31
-25.1
-23.07
-21
-18.88
-16.78
-14.7
-12.51
-10.43
-7.63
-4.8
-1.94
1.22
3.93
6.8
9.71
11.85
14.12
16.09
18.19
20.25
22.32
24.48
26.6
28.69
30.81
32.79
34.88
36.96
39.08
41.16
43.33
45.34
47.43
49.56
51.67
53.93
55.84
57.99
60.08
62.19
64.46
66.37
68.48
70.57
72.68
74.78
76.83
78.96
