156
68
89
143.14
142
133.77
146.64
138.41
142.47
133.77
142.66
132.16
124.78
130.18
116.84
118.16
110.5
122.42
111.44
101.89
122.99
118.63
115.42
129.23
126.77
117.21
133.58
124.12
111.25
122.32
126.77
126.11
135
123.18
115.89
107.75
119.11
110.31
107.28
102.55
109.55
111.82
124.88
118.26
117.69
129.04
119.77
121.38
116.55
125.82
123.93
112.48
116.74
120.43
117.31
116.17
118.26
116.08
109.46
122.42
118.73
105.58
115.51
117.69
116.36
111.63
119.86
121.47
111.16
130.84
134.62
128.47
771.22
939.71
928.26
4.33
3.47
4.07
5.89
6.93
4.94
3.9
3.9
1.21
3.47
6.5
0.61
4.25
-118.04
-113.1
-122.29
-114.06
-119.08
-106.34
-119.6
-115.44
-115.27
-106.86
-109.81
-122.64
-113.88
-106.26
-119.78
-109.81
-116.66
-108.6
-107.9
-118.04
-114.92
-123.07
-121.08
-98.89
-111.02
-113.19
-113.19
-107.12
-112.5
-112.24
-109.55
-99.32
-106.08
-109.9
-117.61
-107.82
-111.37
-111.11
-113.1
-109.46
-106.34
-110.24
-110.07
-107.82
-111.8
-118.91
-108.77
-105.91
-108.42
-92.91
-102.79
-101.4
-97.24
-115.44
-109.64
-109.98
-120.64
-113.45
-115.27
-126.19
-116.14
-113.45
-110.42
-118.82
-111.72
-118.39
-114.23
-120.82
-112.41
-113.28
-116.05
65.94
63.7
61.56
59.61
57.41
55.3
53.34
51.1
49.09
46.86
44.77
42.85
40.58
38.63
36.43
34.31
32.34
30.18
28.13
26.16
23.86
21.81
19.73
17.63
15.65
13.42
11.34
9.15
6.02
3.18
0.28
-2.67
-5.38
-8.43
-10.97
-13.02
-15.26
-17.35
-19.3
-21.54
-23.54
-25.76
-27.84
-29.85
-32.01
-34.06
-36.13
-38.27
-40.33
-42.45
-44.58
-46.61
-48.78
-50.92
-52.97
-55.08
-57.11
-59.28
-61.38
-63.42
-65.57
-67.66
-69.79
-71.87
-73.9
-76.05
-78.13
-80.22
-82.37
-83.85
-83.94
-83.92
-83.83
-83.94
-83.93
-83.84
-83.94
-83.94
-83.91
-83.94
-83.66
-82.35
-80.4
-78.24
-76.2
-74.12
-71.97
-69.92
-67.75
-65.71
-63.6
-61.42
-59.4
-57.3
-55.17
-53.12
-50.95
-48.9
-46.81
-44.68
-42.6
-40.51
-38.44
-36.31
-34.14
-32.13
-30.11
-27.91
-25.87
-23.74
-21.61
-19.54
-17.38
-15.4
-13.27
-11.02
-8.58
-5.67
-2.98
0.03
3.11
5.87
8.76
11.29
13.28
15.51
17.51
19.61
21.79
23.81
25.87
28.11
30.03
32.13
34.19
36.27
38.53
40.48
42.58
44.81
46.76
48.88
51.01
53.1
55.35
57.28
59.38
61.65
63.58
65.68
67.78
69.88
72.16
74.12
76.17
78.46
