155
68
88
146.45
132.82
128.66
140.58
139.35
140.2
126.11
128.47
125.73
117.78
128.09
114.19
112.01
105.77
118.73
116.46
104.54
122.23
115.89
114.76
120.9
116.08
120.72
130.74
117.31
118.35
123.36
117.21
122.51
119.49
123.36
114.76
105.39
115.51
115.7
110.97
109.17
102.36
110.5
131.31
112.48
117.97
124.31
114.94
111.25
101.7
126.01
124.22
110.69
120.53
115.8
109.46
112.96
111.82
117.97
109.46
125.07
108.8
101.79
109.74
115.42
112.2
111.25
121.95
118.35
117.4
126.11
128
126.01
833.84
940.94
935.73
-5.81
-4.33
-1.56
-3.81
-8.84
-3.55
0.35
-6.67
-5.63
-6.33
-4.07
-3.47
-37.61
-121.25
-124.63
-134.34
-120.12
-123.94
-126.62
-122.72
-123.59
-122.98
-113.19
-120.38
-125.41
-124.02
-126.28
-128.27
-120.12
-125.5
-123.16
-126.71
-121.34
-128.1
-131.22
-118.13
-118.74
-121.77
-128.44
-125.84
-115.88
-126.62
-127.23
-109.46
-111.37
-114.49
-124.02
-126.71
-117.09
-128.44
-116.74
-125.58
-124.02
-128.18
-120.73
-116.22
-117.09
-124.2
-133.39
-115.96
-120.3
-118.91
-109.72
-117.87
-112.58
-107.12
-126.62
-118.91
-128.36
-131.48
-122.2
-133.47
-132.34
-123.94
-125.32
-122.03
-120.82
-119.86
-119.43
-122.64
-127.23
-114.32
-117.78
65.7
63.61
61.69
59.43
57.34
55.28
53.15
51.06
48.94
46.83
44.88
42.66
40.57
38.41
36.39
34.3
32.21
30.14
28.22
26.02
23.93
21.85
19.71
17.65
15.54
13.45
11.45
8.94
6.06
3.15
0.26
-2.67
-5.55
-8.4
-10.89
-13.11
-15.25
-17.34
-19.38
-21.55
-23.6
-25.75
-27.75
-29.94
-32
-34.07
-36.14
-38.25
-40.4
-42.42
-44.51
-46.64
-48.75
-50.88
-52.95
-55.04
-57.15
-59.25
-61.32
-63.46
-65.58
-67.65
-69.91
-71.81
-73.96
-76.06
-78.08
-80.25
-82.35
-83.84
-83.99
-83.98
-83.99
-83.97
-83.9
-84.01
-84
-83.98
-83.98
-83.98
-83.77
-82.36
-80.22
-78.11
-76.07
-73.98
-71.82
-69.76
-67.65
-65.61
-63.46
-61.38
-59.28
-57.24
-55.12
-53.01
-50.95
-48.84
-46.67
-44.72
-42.54
-40.48
-38.38
-36.24
-34.2
-32.09
-30.01
-27.96
-25.85
-23.71
-21.64
-19.51
-17.42
-15.4
-13.16
-11.09
-8.57
-5.45
-2.88
0.06
2.99
5.88
8.98
11.21
13.34
15.41
17.52
19.62
21.68
23.82
26.01
28.01
30.04
32.09
34.25
36.29
38.39
40.49
42.71
44.68
46.75
48.94
51.04
53.14
55.22
57.28
59.58
61.5
63.63
65.7
67.82
69.89
72.01
74.12
76.34
