203
90
115
135.57
135.19
147.68
144.18
135.85
137.84
140.68
139.45
142.95
136.8
127.15
132.92
123.55
123.08
118.92
132.26
117.12
113.43
114
112.39
112.48
108.61
108.13
105.58
114.76
114.66
112.77
112.96
127.53
116.46
113.62
117.97
131.5
124.59
120.9
113.62
119.3
118.82
129.23
123.36
117.88
119.96
115.04
112.3
100.09
109.74
113.34
106.05
106.24
100.09
110.69
106.15
107.19
121.66
127.15
116.46
111.44
123.27
122.8
120.43
117.59
109.27
105.67
126.01
126.2
119.2
110.78
117.12
115.13
112.48
113.62
114.94
112.67
112.77
114.66
104.54
125.16
113.81
113.05
106.43
105.77
117.21
123.46
114.47
123.55
123.55
125.82
119.96
111.92
132.07
130.65
130.27
129.7
141.81
911.89
879.44
875.09
2.77
5.03
3.99
6.07
2.51
3.47
4.51
1.99
3.29
9.53
6.33
2.34
4.51
4.94
-124.28
-111.37
-118.48
-125.76
-115.44
-113.97
-114.23
-110.33
-110.07
-114.32
-111.2
-112.76
-98.54
-98.63
-105.82
-111.63
-110.16
-100.02
-114.58
-115.7
-101.49
-112.67
-115.53
-112.84
-111.8
-116.05
-106.34
-114.66
-125.15
-118.04
-103.57
-108.51
-109.38
-112.67
-116.74
-112.84
-100.97
-108.6
-113.54
-108.34
-100.1
-100.88
-106.26
-95.68
-105.65
-111.37
-107.56
-109.64
-112.67
-112.58
-112.58
-112.32
-113.28
-107.73
-111.28
-111.37
-102.62
-104.61
-106.17
-108.94
-113.88
-108.34
-100.71
-107.47
-104.35
-100.02
-98.54
-104.35
-98.37
-100.71
-105.65
-108.34
-114.32
-108.25
-127.4
-114.4
-115.96
-116.57
-118.22
-120.9
-118.82
-116.57
-108.51
-120.82
-110.68
-109.72
-104.35
-104.44
-109.03
-115.88
-115.62
-104.26
68.55
66.79
65.35
63.63
62.07
60.64
58.92
57.35
55.91
54.18
52.61
51.04
49.46
48
46.31
44.7
43.29
41.58
40.02
38.44
36.87
35.43
33.71
32.15
30.76
29.06
27.52
25.89
24.35
22.93
21.21
19.61
18.2
16.49
15.02
13.34
11.75
10.33
8.06
5.9
3.9
1.55
-0.6
-2.83
-4.94
-6.93
-9.31
-11.11
-12.6
-14.32
-15.86
-17.47
-19
-20.5
-22.19
-23.74
-25.26
-26.89
-28.48
-30.06
-31.64
-33.11
-34.72
-36.27
-37.8
-39.53
-41.04
-42.61
-44.2
-45.7
-47.32
-48.91
-50.44
-52.07
-53.62
-55.24
-56.8
-58.33
-59.99
-61.52
-63.06
-64.66
-66.22
-67.84
-69.43
-70.93
-72.55
-74.12
-75.66
-77.27
-78.8
-80.39
-82
-83.29
-83.71
-83.68
-83.61
-83.69
-83.65
-83.69
-83.69
-83.6
-83.69
-83.69
-83.59
-83.41
-82.13
-80.35
-78.72
-77.05
-75.6
-73.99
-72.34
-70.84
-69.27
-67.65
-66.09
-64.46
-62.94
-61.36
-59.76
-58.23
-56.61
-55.04
-53.48
-51.86
-50.36
-48.77
-47.12
-45.63
-44.04
-42.41
-40.89
-39.29
-37.72
-36.13
-34.51
-33.01
-31.5
-29.94
-28.35
-26.67
-25.2
-23.61
-21.94
-20.46
-18.8
-17.24
-15.73
-14.08
-12.51
-10.94
-8.93
-6.87
-4.71
-2.62
-0.42
1.91
3.94
6.09
8.44
10.33
11.89
13.53
15.09
16.76
18.22
19.79
21.48
22.97
24.52
26.11
27.68
29.33
30.76
32.28
34.04
35.46
36.99
38.62
40.17
41.87
43.32
44.88
46.59
48.03
49.66
51.22
52.81
54.54
55.93
57.55
59.25
60.66
62.26
63.87
65.42
67.11
68.59
70.13
71.85
73.32
74.86
