156
67
89
140.87
139.16
127.62
139.16
136.14
137.74
130.36
131.5
129.61
123.36
129.89
115.13
112.48
120.53
117.69
113.81
108.23
120.05
116.46
113.05
129.14
119.2
117.4
132.92
115.8
115.61
122.23
124.31
126.01
130.27
123.46
117.5
110.59
119.2
117.12
105.86
102.74
107
107.28
124.88
119.3
113.62
126.58
123.93
115.04
111.82
126.2
122.13
108.51
115.7
115.51
115.32
113.53
114.19
113.05
111.25
126.68
108.23
105.86
110.4
111.92
111.92
108.89
116.36
119.01
118.82
131.22
131.97
120.81
646.81
968.84
952.1
-4.33
-5.11
-5.63
-0.95
-5.98
-3.73
-7.45
-2.34
-4.33
-6.59
-6.67
-5.11
-4.33
-113.71
-125.15
-131.56
-123.59
-123.33
-119.78
-126.1
-122.98
-121.68
-117.52
-111.8
-125.76
-121.42
-115.62
-137.81
-120.99
-123.85
-126.97
-121.68
-116.74
-121.16
-133.39
-126.36
-115.53
-119.6
-116.05
-120.47
-120.64
-124.46
-127.4
-115.62
-115.1
-111.72
-119.08
-123.16
-119.86
-125.67
-124.02
-121.94
-123.59
-124.02
-121.42
-120.04
-118.82
-120.56
-122.64
-120.82
-119.08
-122.29
-108.08
-117.26
-111.63
-105.22
-122.12
-115.44
-113.71
-124.8
-117.87
-123.42
-129.83
-124.11
-119.6
-121.77
-124.37
-121.25
-125.32
-125.24
-116.31
-116.48
-119.08
-119.78
65.67
63.54
61.61
59.36
57.3
55.38
53.08
51.16
48.9
46.81
44.83
42.63
40.51
38.56
36.35
34.23
32.14
30.11
28.2
25.98
23.89
21.89
19.64
17.71
15.48
13.38
11.41
8.93
5.99
3.26
0.2
-2.59
-5.59
-8.42
-10.95
-13.17
-15.3
-17.27
-19.44
-21.5
-23.68
-25.85
-27.77
-29.98
-32.04
-34.03
-36.18
-38.29
-40.44
-42.46
-44.55
-46.7
-48.81
-50.85
-53
-55.08
-57.18
-59.31
-61.37
-63.48
-65.63
-67.66
-69.85
-71.84
-73.98
-76.08
-78.12
-80.3
-82.37
-83.77
-84.02
-83.92
-84.01
-84.01
-83.91
-84.01
-84
-83.91
-84.01
-83.93
-83.8
-82.43
-80.28
-78.12
-76.09
-73.95
-71.82
-69.7
-67.65
-65.55
-63.4
-61.31
-59.25
-57.11
-55.05
-52.98
-50.86
-48.73
-46.54
-44.58
-42.42
-40.3
-38.26
-36.06
-34.06
-31.97
-29.87
-27.83
-25.73
-23.52
-21.5
-19.38
-17.31
-15.23
-13.01
-10.95
-8.4
-5.29
-2.63
0.28
3.18
6.05
9.18
11.32
13.49
15.67
17.67
19.88
21.83
23.97
26.22
28.21
30.19
32.34
34.37
36.42
38.56
40.63
42.86
44.82
46.88
49.17
51.18
53.42
55.36
57.44
59.69
61.65
63.76
66.01
67.95
70.18
72.17
74.27
76.49
78.46
