156
68
89
140.62
133.35
131.23
131.23
136.83
131.54
143.57
155.76
133.2
137.06
145.84
147.74
133.81
146.07
143.87
130.86
128.06
152.73
134.26
117.69
130.02
135.86
116.1
137.52
140.92
129.65
129.04
137.9
126.02
125.03
139.56
141.3
133.96
148.79
142.29
142.51
147.21
152.58
132.3
138.88
148.26
120.94
128.97
127.83
127.53
126.09
137.67
156.06
133.13
145.16
145.69
135.25
148.19
151.06
140.77
124.8
135.86
148.64
112.99
123.59
138.95
123.74
125.56
142.44
131.54
107.24
128.28
121.4
98.31
111.26
135.78
754.26
748.06
751.92
1.04
-0.49
1.11
-1.46
2.29
3.12
2.84
2.5
-0.76
0.49
-0.28
-119.95
-116.49
-112.74
-122.94
-120.5
-112.39
-129.52
-130.7
-109.14
-120.86
-132.64
-111.29
-124.04
-147.9
-124.87
-132.3
-150.53
-140.82
-130.28
-142.14
-149.7
-133.75
-137.63
-140.26
-119.33
-116.55
-122.31
-128.76
-120.86
-120.02
-137.08
-118.57
-130.01
-142.76
-129.31
-133.75
-140.89
-138.88
-123.9
-126.4
-122.94
-112.18
-115.45
-127.58
-112.74
-122.52
-126.19
-120.71
-119.46
-130.14
-129.03
-118.22
-130.22
-125.98
-113.3
-123.56
-130.7
-123
-119.61
-134.23
-140.62
-117.74
-132.15
-137.7
-118.78
-118.01
-120.65
-131.05
-118.42
-119.74
-123.9
65.14
63.38
61.34
59.62
57.6
55.72
54
51.95
50.18
48.17
46.26
44.51
42.51
40.58
38.72
36.84
34.99
33.1
31.2
29.49
27.55
25.62
23.85
21.87
19.95
18.03
16.21
14.42
12.43
10.55
8.32
5.51
3.01
0.34
-2.33
-4.78
-7.48
-10.04
-11.93
-13.95
-15.86
-17.78
-19.64
-21.45
-23.39
-25.33
-27.1
-29.09
-30.93
-32.82
-34.74
-36.5
-38.49
-40.4
-42.25
-44.2
-46.06
-47.89
-49.86
-51.67
-53.6
-55.53
-57.31
-59.28
-61.21
-63.09
-64.96
-66.8
-68.77
-70.68
-72.45
-72.93
-72.93
-72.93
-72.94
-72.83
-72.91
-72.93
-72.83
-72.93
-72.96
-72.94
-72.82
-71.94
-70.05
-68.07
-66.04
-64.23
-62.28
-60.44
-58.55
-56.58
-54.74
-52.86
-50.98
-49.1
-47.11
-45.35
-43.47
-41.44
-39.65
-37.73
-35.85
-33.95
-32.1
-30.3
-28.36
-26.35
-24.56
-22.63
-20.69
-18.88
-16.91
-15.14
-13.23
-11.2
-9.09
-6.46
-3.78
-1.26
1.51
4.01
6.55
9.34
11.24
13.18
15.17
16.92
18.83
20.71
22.62
24.64
26.4
28.3
30.1
31.92
33.89
35.72
37.61
39.67
41.43
43.43
45.32
47.08
48.99
50.91
52.81
54.83
56.55
58.44
60.43
62.21
64.28
66.16
67.86
69.92
