155
67
88
133.35
126.39
-11.96
126.02
121.02
-11.96
132.6
130.55
-11.96
131.84
136.83
-11.96
129.95
140.32
-11.96
115.79
129.19
-11.96
108.38
120.03
-11.96
111.26
120.71
-11.96
114.21
103.61
-11.96
129.26
119.13
-11.96
137.52
124.73
-11.96
149.18
132.6
-11.96
150.84
143.04
-11.96
140.92
142.36
-11.96
119.96
126.46
-11.96
126.46
137.44
-11.96
128.06
143.72
-11.96
125.78
145.16
-11.96
131.69
132.52
-11.96
130.48
114.58
-11.96
130.63
108.98
-11.96
133.28
108
-11.96
130.18
111.02
-11.96
119.81
391.74
-11.96
766.82
-2.15
110.8
-0.49
-0.76
110.8
-1.66
-2.5
110.8
0.21
-1.59
110.8
-129.66
-106.02
110.8
-131.81
-120.58
110.8
-146.23
-124.04
110.8
-140.2
-128.55
110.8
-145.46
-161.83
110.8
-132.5
-161.42
110.8
-132.92
-144.29
110.8
-129.94
-137.29
110.8
-110.66
-115.79
110.8
-119.88
-123.28
110.8
-135.83
-132.43
110.8
-152.89
-136.94
110.8
-156.14
-130.98
110.8
-127.51
-123.28
110.8
-123.98
-119.54
110.8
-128.9
-132.64
110.8
-124.39
-135.9
110.8
-126.47
-134.17
110.8
-120.23
-128.82
110.8
-115.72
-123.14
110.8
-120.65
-115.1
110.8
-124.94
-125.85
110.8
-120.78
-112.81
110.8
-113.09
-118.36
64.13
62.12
60.33
58.32
56.44
54.73
52.68
50.78
49.04
46.97
45.26
43.37
41.34
39.44
37.71
35.7
33.83
32.04
30.18
28.25
26.39
24.59
22.59
20.83
18.79
16.9
15.17
13.14
11.24
9.31
6.5
3.91
1.49
-1.32
-3.93
-6.35
-9.14
-11.21
-13.15
-15.14
-17
-18.86
-20.7
-22.69
-24.51
-26.36
-28.35
-30.21
-32.09
-33.99
-35.77
-37.74
-39.65
-41.47
-43.46
-45.35
-47.15
-49.12
-50.95
-52.79
-54.78
-56.6
-58.57
-60.5
-62.33
-64.16
-66.05
-68.04
-69.91
-71.75
-73.04
-72.91
-73.04
-73
-72.91
-73.04
-72.97
-72.9
-72.97
-73.04
-72.9
-72.71
-71.13
-69.27
-67.31
-65.32
-63.42
-61.56
-59.62
-57.76
-55.92
-54.03
-52.06
-50.23
-48.33
-46.4
-44.62
-42.66
-40.72
-38.95
-37.02
-35.03
-33.24
-31.4
-29.53
-27.61
-25.74
-23.78
-21.92
-19.97
-18.07
-16.27
-14.36
-12.37
-10.43
-8.07
-5.34
-2.81
-0.25
2.48
4.91
7.56
10.24
11.96
13.93
15.83
17.66
19.55
21.53
23.34
25.34
27.27
29
30.93
32.83
34.58
36.43
38.53
40.37
42.13
44.18
46.03
47.8
49.84
51.62
53.52
55.42
57.28
59.16
61.24
62.99
64.85
66.88
68.63
70.65
