155
68
88
175.4
147.2
134.34
152.41
150.89
122.04
147.87
155.72
113.9
141.62
147.87
116.17
126.96
146.45
132.16
108.98
144.65
149.95
110.88
138.78
151.46
132.26
148.25
152.98
130.55
126.11
134.72
124.88
126.11
131.12
139.35
132.16
131.88
138.69
127.72
134.62
152.12
126.68
132.16
147.87
137.93
137.46
133.68
127.81
142.95
144.56
143.61
130.84
139.64
140.2
135.1
128.57
132.54
128.85
121.09
122.7
128.09
121.47
127.81
122.8
136.42
129.32
132.82
136.99
129.14
124.5
120.34
136.42
132.92
127.91
139.07
868.75
860.14
856.74
0.17
2.25
3.73
2.08
2.51
4.25
1.73
1.3
-4.94
-1.73
-153.06
-139.89
-132.78
-139.11
-137.55
-132.86
-142.83
-134.34
-135.38
-130.78
-135.81
-121.86
-123.24
-137.03
-146.56
-139.28
-136.42
-148.99
-149.33
-146.39
-155.4
-160.08
-152.02
-152.11
-156.53
-146.91
-135.9
-131.04
-142.14
-130.87
-137.89
-143.09
-133.39
-138.33
-148.64
-140.75
-133.13
-145.17
-137.2
-138.59
-138.76
-128.36
-134.17
-143.27
-138.15
-130.44
-148.81
-161.12
-135.64
-131.74
-151.15
-131.13
-118.65
-152.11
-138.85
-117.61
-135.47
-150.03
-121.51
-122.98
-155.49
-133.04
-124.37
-162.68
-144.74
-147.17
-159.82
-171.35
-142.57
-154.53
-177.5
65.17
63.1
61.19
59.34
57.47
55.66
53.68
51.75
49.83
47.98
46.08
44.14
42.3
40.6
38.51
36.6
34.78
32.87
30.99
29.2
27.31
25.4
23.53
21.65
19.71
17.81
15.98
14.11
12.18
10.43
7.82
5.22
2.57
-0.01
-2.65
-5.23
-7.77
-10.26
-12.25
-14.19
-15.98
-17.95
-19.89
-21.78
-23.61
-25.47
-27.44
-29.34
-31.17
-33.06
-34.98
-36.8
-38.74
-40.56
-42.46
-44.41
-46.27
-48.17
-50.08
-51.96
-53.86
-55.66
-57.65
-59.57
-61.44
-63.34
-65.21
-67.07
-68.99
-70.83
-72.75
-73.07
-73.09
-73.07
-73.07
-73.07
-73.08
-72.98
-73.07
-73.08
-72.97
-73.08
-72.98
-72.04
-70.02
-67.9
-66.05
-64.13
-62.23
-60.31
-58.46
-56.56
-54.64
-52.68
-50.89
-48.97
-47.06
-45.27
-43.34
-41.39
-39.52
-37.56
-35.75
-33.84
-31.98
-30.15
-28.27
-26.39
-24.44
-22.48
-20.66
-18.78
-16.88
-14.97
-13.09
-11.17
-8.94
-6.17
-3.78
-1.18
1.68
4.03
6.69
9.31
11.36
13.39
15.18
17.04
19.07
20.85
22.73
24.57
26.51
28.53
30.21
32.06
34.01
35.8
37.78
39.63
41.52
43.43
45.29
47.18
49.08
51.01
52.94
54.74
56.65
58.73
60.42
62.3
64.23
66.1
67.98
