155
68
89
160.07
128.66
127.75
139.49
124.8
101.26
109.82
104.74
94
116.78
114.21
88.62
96.58
103.99
87.79
94.15
105.81
99.82
73.26
92.64
90.29
81.21
92.03
98.46
91.5
84.99
97.56
98.99
86.58
95.74
108
94.07
96.42
111.33
98.24
97.02
99.82
96.5
92.64
104.37
104.06
91.81
92.41
95.82
86.06
98.69
104.9
108.61
90.82
95.89
89.91
80.45
101.57
94
79.62
82.87
91.58
85.07
78.41
90.74
90.52
82.57
87.04
92.18
78.18
76.37
84.01
84.77
70.46
88.7
89.23
622.42
618.34
612.89
0.28
2.57
2.29
1.38
4.78
3.05
1.46
2.22
-1.59
-0.34
2.98
-92.77
-89.51
-84.31
-99.57
-100.46
-94.3
-102.13
-98.38
-95.96
-88.06
-94.99
-94.09
-90.55
-109.42
-100.95
-90.97
-93.05
-106.15
-90.48
-95.41
-102.41
-94.09
-91.8
-97.83
-93.95
-87.71
-98.66
-100.82
-93.05
-91.94
-109.69
-101.86
-99.7
-111.98
-104.7
-100.12
-106.22
-103.52
-93.46
-100.12
-92.7
-92.7
-96.72
-94.37
-91.73
-87.15
-101.71
-98.66
-86.18
-110.1
-111.14
-97.7
-109.69
-113.16
-103.86
-96.3
-115.45
-117.46
-101.71
-119.4
-122.52
-106.5
-118.84
-137.14
-127.1
-147.34
-151.36
-155.03
-140.54
-157.46
65.01
63.1
61.22
59.33
57.48
55.56
53.69
51.79
50
48
46.08
44.19
42.31
40.44
38.53
36.65
34.91
32.9
30.99
29.3
27.33
25.4
23.55
21.67
19.87
17.87
16.02
14.09
12.16
10.45
7.85
5.22
2.74
0.05
-2.62
-5.17
-7.78
-10.32
-12.23
-14.14
-16.07
-17.96
-19.87
-21.72
-23.62
-25.55
-27.38
-29.29
-31.13
-33.04
-34.94
-36.7
-38.7
-40.61
-42.46
-44.37
-46.17
-48.16
-50.08
-51.85
-53.8
-55.7
-57.62
-59.52
-61.35
-63.29
-65.17
-67.07
-68.95
-70.8
-72.6
-72.74
-72.68
-72.76
-72.76
-72.76
-72.76
-72.77
-72.77
-72.78
-72.67
-72.76
-72.73
-72.01
-69.96
-67.99
-66.01
-64.07
-62.13
-60.32
-58.42
-56.51
-54.62
-52.66
-50.85
-48.95
-46.95
-45.21
-43.31
-41.38
-39.53
-37.59
-35.72
-33.8
-31.95
-30.15
-28.22
-26.32
-24.42
-22.53
-20.66
-18.73
-16.74
-14.96
-13.04
-11.19
-8.91
-6.23
-3.75
-1.14
1.64
4.12
6.7
9.37
11.41
13.31
15.24
17.1
19.07
20.84
22.75
24.75
26.56
28.59
30.23
32.08
34.15
35.86
37.76
39.63
41.55
43.45
45.29
47.21
49.09
51
52.92
54.78
56.66
58.58
60.43
62.34
64.42
66.14
68.01
