155
68
88
149.48
143.33
137.55
142.66
142.76
134.24
137.84
139.54
130.36
137.55
145.03
132.73
132.26
141.43
140.49
130.65
130.93
143.23
131.12
121.95
135.66
131.5
125.82
130.55
125.45
121.09
115.13
124.31
116.93
116.93
126.3
124.59
115.99
124.22
119.49
114.28
123.93
139.26
111.82
122.61
133.58
125.07
117.69
127.81
130.27
110.4
130.65
121.57
113.05
114.19
119.58
108.61
107.38
116.84
117.4
104.92
116.36
109.17
107.85
108.61
111.44
101.7
97.44
117.4
103.97
96.59
105.67
116.84
100.28
105.39
114.28
752.77
744.44
743.31
-1.39
5.03
3.99
-0.35
-1.39
-3.12
0.95
-2.51
-6.24
-0.17
-119.43
-121.34
-102.27
-121.51
-119.08
-100.97
-108.77
-121.42
-107.9
-107.38
-115.7
-103.14
-105.48
-117.78
-116.05
-96.9
-112.67
-110.68
-99.15
-109.81
-120.73
-115.53
-100.02
-125.5
-125.58
-109.2
-123.07
-131.22
-104.09
-103.4
-129.74
-114.84
-109.38
-130.09
-113.1
-104.87
-107.73
-112.32
-99.06
-105.91
-118.74
-104.7
-111.11
-122.81
-118.13
-116.57
-128.53
-129.14
-117.35
-125.24
-131.3
-120.56
-120.38
-127.66
-126.19
-114.4
-127.23
-128.36
-114.06
-113.1
-125.24
-106.69
-113.54
-118.48
-117
-121.08
-124.54
-125.32
-119.78
-113.19
-125.15
65.27
63.23
61.34
59.57
57.59
55.68
53.76
51.82
50
48.11
46.21
44.47
42.42
40.54
38.68
36.76
34.87
33.02
31.14
29.41
27.41
25.54
23.66
21.75
19.96
17.98
16.11
14.22
12.31
10.42
7.98
5.39
2.89
0.18
-2.48
-4.92
-7.62
-10.08
-12.1
-14.11
-15.86
-17.85
-19.74
-21.63
-23.51
-25.44
-27.3
-29.22
-30.99
-32.94
-34.83
-36.59
-38.6
-40.51
-42.36
-44.31
-46.03
-48.05
-49.97
-51.82
-53.74
-55.6
-57.53
-59.45
-61.29
-63.18
-65.07
-66.88
-68.85
-70.77
-72.62
-72.85
-72.78
-72.84
-72.84
-72.76
-72.84
-72.85
-72.85
-72.85
-72.82
-72.87
-72.82
-71.88
-69.88
-67.83
-65.9
-64.01
-62.04
-60.19
-58.31
-56.37
-54.5
-52.6
-50.74
-48.84
-46.87
-45.11
-43.19
-41.19
-39.42
-37.41
-35.61
-33.74
-31.84
-30.01
-28.11
-26.15
-24.32
-22.42
-20.54
-18.66
-16.63
-14.87
-13
-10.94
-8.77
-6.14
-3.58
-0.99
1.89
4.25
6.88
9.6
11.48
13.43
15.3
17.19
19.22
20.96
22.86
24.86
26.63
28.52
30.32
32.22
34.27
35.95
37.9
39.88
41.64
43.57
45.41
47.29
49.22
51.14
53.06
54.91
56.79
58.7
60.54
62.47
64.36
66.2
68.12
