155
68
89
138.97
143.61
153.16
152.88
140.11
125.82
132.26
148.25
123.36
123.18
131.22
148.06
119.86
137.08
149.48
139.64
138.6
159.79
137.93
114.28
143.33
139.83
117.59
137.93
148.81
133.11
120.81
140.39
139.45
138.41
150.99
159.98
144.08
157.71
140.11
133.39
151.84
155.06
140.11
147.49
151.08
129.61
135
140.3
147.49
136.42
147.02
155.44
147.39
160.45
154.49
154.21
153.92
171.23
172.09
153.35
165.08
165.65
149.48
144.08
165.56
173.03
164.61
173.5
163.1
138.69
143.42
134.15
128.28
125.16
152.03
901.01
894.2
888.43
4.85
0.78
5.11
-0.61
0.87
-1.21
5.03
0.35
-2.34
3.81
0
-156.61
-137.03
-166.06
-156.18
-150.46
-167.79
-175.42
-162.68
-163.63
-164.76
-145.17
-146.73
-179.06
-176.72
-156.79
-164.41
-175.59
-170.74
-160.25
-177.24
-177.24
-175.42
-173.95
-163.03
-153.23
-151.24
-149.68
-146.21
-135.21
-157.31
-155.23
-143.7
-154.01
-151.07
-139.97
-156.44
-157.13
-140.84
-139.71
-153.32
-130.09
-133.3
-143.96
-138.33
-126.28
-159.56
-165.89
-135.73
-148.21
-170.13
-141.71
-153.23
-175.77
-148.29
-127.23
-140.93
-140.06
-125.41
-132.95
-139.11
-130.78
-128.36
-160.77
-175.85
-145.87
-167.71
-185.39
-164.59
-173.34
-174.47
65.28
63.21
61.34
59.59
57.55
55.79
53.8
51.88
50.11
48.12
46.19
44.3
42.41
40.67
38.64
36.75
35.02
33.04
31.08
29.24
27.41
25.65
23.62
21.74
19.98
17.96
16.05
14.24
12.27
10.54
8.03
5.37
2.88
0.17
-2.53
-5.06
-7.62
-10.12
-12.16
-14.08
-15.91
-17.88
-19.74
-21.54
-23.53
-25.34
-27.34
-29.21
-31
-32.96
-34.82
-36.6
-38.62
-40.44
-42.34
-44.33
-46.09
-48.03
-49.98
-51.84
-53.75
-55.55
-57.52
-59.41
-61.25
-63.2
-65.17
-66.95
-68.88
-70.73
-72.64
-73.18
-73.08
-73.17
-73.18
-73.04
-73.19
-73.06
-73.17
-73.17
-73.09
-73.17
-73
-71.88
-69.88
-67.81
-65.92
-64.02
-62.05
-60.22
-58.37
-56.44
-54.54
-52.54
-50.75
-48.85
-46.89
-45.15
-43.17
-41.3
-39.48
-37.47
-35.64
-33.77
-31.78
-30.04
-28.14
-26.17
-24.32
-22.34
-20.58
-18.66
-16.67
-14.9
-12.98
-11.04
-8.78
-6
-3.62
-1
1.65
4.24
6.85
9.48
11.5
13.48
15.27
17.15
19.18
20.95
22.93
24.74
26.62
28.61
30.31
32.19
34.19
35.95
37.89
39.73
41.63
43.69
45.39
47.28
49.34
51.11
53.05
55.02
56.76
58.84
60.53
62.42
64.5
66.23
68.11
