156
68
89
118.6
120.71
122.76
108.22
108
122.08
99.3
114.96
106.64
101.34
113.3
117.31
100.96
111.1
115.19
111.18
113.53
127.9
105.73
101.94
116.93
105.42
102.62
118.74
113.22
110.04
110.73
114.21
110.73
107.93
118.52
122.91
116.78
117.01
120.71
125.1
131.38
128.66
121.85
122.91
117.23
120.56
120.03
122.15
133.89
120.11
132.06
127.53
124.88
130.18
124.12
124.2
130.33
120.42
121.93
114.82
118.52
131.31
110.19
120.56
120.49
117.31
124.05
121.25
125.1
112.09
119.66
120.18
107.24
119.43
122.46
751.69
746.31
745.34
1.46
0.76
0.49
1.25
-0.62
1.74
-0.07
0.7
0.55
0.97
1.25
-122.38
-115.86
-106.98
-115.66
-115.3
-109
-117.87
-117.25
-116.28
-117.53
-110.8
-103.79
-113.92
-111.91
-114.62
-110.1
-113.5
-120.58
-118.15
-122.58
-112.46
-119.54
-120.16
-123.62
-116.55
-113.99
-114.75
-113.43
-115.86
-121.41
-120.65
-117.38
-120.02
-123.9
-110.87
-116.9
-116.07
-113.09
-113.58
-106.98
-100.46
-98.11
-106.15
-110.25
-103.86
-110.46
-116.28
-113.37
-106.98
-120.16
-117.59
-108.3
-109.48
-112.74
-106.57
-107.61
-105.32
-103.86
-105.18
-94.37
-101.5
-96.45
-98.18
-97.07
-117.94
-117.53
-110.38
-114.34
-144.63
-126.74
-131.18
65.35
63.48
61.56
59.81
57.83
55.93
54.16
52.13
50.23
48.47
46.46
44.66
42.68
40.75
38.89
36.99
35.11
33.23
31.34
29.65
27.7
25.78
24.02
22
20.09
18.22
16.29
14.56
12.52
10.67
8.51
5.69
3.07
0.63
-2.16
-4.56
-7.3
-9.99
-11.8
-13.84
-15.73
-17.51
-19.49
-21.33
-23.24
-25.19
-26.98
-28.98
-30.86
-32.69
-34.58
-36.38
-38.34
-40.26
-42.04
-44.09
-45.92
-47.74
-49.74
-51.52
-53.49
-55.36
-57.24
-59.18
-61.08
-62.94
-64.84
-66.65
-68.59
-70.52
-72.32
-72.69
-72.59
-72.72
-72.7
-72.57
-72.7
-72.7
-72.6
-72.69
-72.7
-72.6
-72.64
-71.75
-69.92
-67.91
-65.94
-64.09
-62.19
-60.3
-58.39
-56.47
-54.64
-52.68
-50.79
-48.95
-47.03
-45.17
-43.3
-41.31
-39.53
-37.59
-35.63
-33.82
-31.95
-30.04
-28.25
-26.23
-24.42
-22.51
-20.57
-18.76
-16.84
-14.88
-13.09
-11.06
-8.96
-6.23
-3.51
-1.14
1.54
4.12
6.7
9.52
11.41
13.33
15.31
17.09
18.95
20.86
22.76
24.74
26.56
28.46
30.24
32.07
34.02
35.88
37.77
39.78
41.55
43.47
45.45
47.19
49.12
51.02
52.92
54.98
56.7
58.57
60.6
62.37
64.24
66.09
68.05
70.06
