155
68
88
127.72
132.16
117.78
129.42
135.38
109.55
126.58
139.26
111.25
111.44
121.66
112.77
100.94
125.45
127.24
104.82
118.63
136.42
104.82
98.39
125.92
112.67
98.58
128.95
129.14
115.04
122.99
129.8
112.2
119.2
125.45
119.2
118.54
131.03
128.85
117.03
122.42
124.97
118.92
123.74
121.76
114.66
105.29
116.08
118.63
114.66
120.05
122.04
117.88
113.81
115.51
113.53
115.89
122.13
109.65
109.27
114.94
109.17
102.17
101.98
123.84
114
111.63
117.69
112.86
96.78
108.7
115.89
102.46
98.77
117.31
786.45
788.15
783.33
4.68
6.24
2.51
7.71
0.52
4.77
3.64
6.41
4.25
2.17
-136.16
-123.5
-107.99
-113.88
-115.36
-109.9
-121.25
-123.94
-115.01
-109.72
-121.6
-104.78
-102.36
-122.38
-135.12
-107.9
-111.54
-124.11
-116.14
-114.14
-128.1
-114.14
-109.12
-122.9
-106.17
-110.68
-108.34
-110.5
-109.46
-107.21
-132.26
-126.19
-104.96
-121.94
-135.81
-114.66
-113.02
-132.78
-118.56
-103.48
-117.61
-109.2
-96.9
-121.86
-121.6
-103.74
-119.6
-127.66
-111.2
-101.32
-122.12
-110.5
-105.3
-129.48
-117.52
-110.5
-120.73
-124.63
-109.72
-112.58
-121.51
-121.94
-102.7
-122.12
-122.29
-104.78
-116.05
-109.81
-109.38
-90.4
-109.9
65.21
63.2
61.32
59.41
57.56
55.82
53.76
51.9
49.94
48.08
46.17
44.28
42.38
40.66
38.65
36.73
34.86
32.95
31.07
29.27
27.44
25.63
23.61
21.69
19.85
17.95
16.1
14.19
12.29
10.56
7.96
5.35
2.71
0.14
-2.51
-5.07
-7.66
-10.16
-12.16
-14.11
-15.92
-17.87
-19.78
-21.65
-23.53
-25.37
-27.34
-29.23
-31.09
-32.92
-34.84
-36.72
-38.61
-40.44
-42.38
-44.33
-46.16
-48.07
-50.01
-51.83
-53.71
-55.55
-57.53
-59.43
-61.34
-63.21
-65.07
-66.95
-68.9
-70.73
-72.63
-72.88
-72.87
-72.85
-72.87
-72.87
-72.85
-72.75
-72.88
-72.86
-72.76
-72.87
-72.84
-71.94
-69.88
-67.82
-65.9
-64
-62.11
-60.23
-58.37
-56.46
-54.53
-52.58
-50.8
-48.86
-46.96
-45.13
-43.19
-41.26
-39.46
-37.44
-35.61
-33.76
-31.88
-30.04
-28.14
-26.25
-24.35
-22.36
-20.56
-18.7
-16.76
-14.9
-13
-11.06
-8.8
-6.03
-3.64
-0.99
1.79
4.22
6.9
9.47
11.45
13.52
15.28
17.14
19.07
20.97
22.85
24.7
26.65
28.66
30.32
32.2
34.1
35.94
37.91
39.73
41.61
43.67
45.4
47.3
49.18
51.12
53.05
54.88
56.77
58.83
60.56
62.46
64.48
66.21
68.12
