155
68
89
98.62
101.19
91.66
90.29
92.56
77.88
91.42
88.47
81.74
88.62
102.1
82.27
82.12
98.31
97.94
82.34
84.77
102.62
75.76
80.83
92.56
87.11
85.82
97.78
92.71
82.19
78.26
88.4
81.21
75.23
92.86
86.06
79.62
87.79
85.9
89.76
96.42
88.86
93.77
98.92
85.14
91.2
95.74
86.28
94.15
101.26
99.82
93.47
99.14
101.26
82.65
95.14
98.09
90.52
97.18
98.01
85.37
89.76
96.58
86.5
94.53
92.71
89.76
87.79
84.46
88.17
75.83
86.96
93.24
84.99
80.9
591.85
591.09
586.32
-0.55
2.63
1.59
3.88
0.62
2.5
3.12
3.74
2.78
1.32
2.29
-91.38
-89.65
-94.85
-89.38
-86.88
-91.66
-97.9
-92.14
-100.26
-91.25
-94.16
-85.77
-96.17
-102.06
-103.94
-104.7
-97.76
-99.57
-99.01
-92.5
-99.01
-94.09
-98.74
-96.45
-95.26
-93.12
-91.73
-88.61
-89.79
-87.15
-91.18
-99.84
-85.84
-88.4
-93.74
-79.94
-90.69
-86.81
-86.88
-88.61
-84.24
-71.83
-80.43
-81.54
-80.98
-75.02
-93.26
-92.7
-82.51
-88.82
-91.8
-85.77
-88.26
-93.6
-85.22
-78.7
-95.06
-99.15
-85.49
-95.26
-103.38
-88.61
-86.39
-103.24
-89.79
-90.48
-97.28
-102.06
-85.42
-97.34
65.26
63.22
61.47
59.38
57.54
55.77
53.79
51.91
50.09
48.1
46.34
44.28
42.44
40.66
38.62
36.89
34.98
33.01
31.08
29.27
27.43
25.66
23.64
21.77
19.98
17.98
16.2
14.2
12.3
10.54
8.03
5.34
2.89
0.15
-2.52
-5.06
-7.64
-10.26
-12.13
-14.07
-15.92
-17.9
-19.64
-21.67
-23.37
-25.37
-27.33
-29.2
-31
-32.96
-34.85
-36.68
-38.59
-40.44
-42.34
-44.32
-46.07
-48.08
-49.9
-51.83
-53.72
-55.52
-57.54
-59.44
-61.24
-63.17
-65.04
-66.91
-68.9
-70.74
-72.65
-72.93
-72.96
-72.96
-72.88
-72.93
-72.95
-72.86
-72.96
-72.94
-72.88
-72.94
-72.85
-71.89
-69.87
-67.79
-65.93
-63.99
-62.03
-60.21
-58.27
-56.44
-54.53
-52.58
-50.74
-48.86
-46.89
-45.11
-43.14
-41.29
-39.44
-37.49
-35.63
-33.74
-31.79
-30.06
-28.09
-26.25
-24.33
-22.38
-20.56
-18.65
-16.73
-14.9
-12.87
-11.04
-8.78
-5.98
-3.62
-1.04
1.83
4.26
6.87
9.49
11.48
13.52
15.27
17.17
19.17
20.97
22.96
24.72
26.65
28.68
30.32
32.18
34.23
35.94
37.9
39.74
41.63
43.54
45.38
47.32
49.36
51.09
53.22
54.91
56.77
58.85
60.56
62.43
64.51
66.23
68.28
