155
68
88
135
117.78
118.07
131.59
123.84
110.59
130.36
116.93
114.38
120.34
112.2
113.34
107.85
116.27
131.97
116.84
111.16
125.54
118.63
104.16
116.55
123.27
108.61
113.15
118.54
115.51
99.24
111.82
115.51
101.13
110.12
105.2
107.28
109.46
105.67
98.58
103.69
105.11
99.15
105.01
97.92
104.73
101.7
104.35
112.01
106.43
121.19
123.18
110.5
128.95
126.49
115.23
134.81
127.24
116.74
110.69
122.89
114.09
100
115.51
109.46
107.57
109.36
107.85
94.42
90.16
92.33
99.33
92.43
102.17
113.34
838.2
838.86
832.52
-0.69
1.91
1.65
-2.17
4.51
-5.63
1.91
4.94
-2.17
-3.03
-114.66
-124.37
-105.48
-100.71
-125.24
-108.86
-103.83
-127.84
-124.98
-105.39
-124.2
-135.29
-116.31
-115.7
-147.86
-127.58
-114.06
-150.11
-149.59
-108.6
-130.52
-148.03
-110.16
-108.34
-123.33
-108.6
-101.84
-115.62
-114.92
-95.16
-101.84
-122.12
-107.38
-100.71
-125.67
-118.91
-105.65
-125.06
-119.86
-117.87
-124.02
-117.18
-114.66
-123.59
-117.26
-117
-115.79
-120.99
-119.17
-124.46
-120.12
-111.37
-115.44
-126.02
-120.56
-111.8
-111.37
-118.39
-113.54
-111.89
-113.62
-126.02
-112.06
-115.96
-143.35
-122.2
-125.93
-150.89
-138.24
-113.19
-137.46
65.31
63.27
61.38
59.48
57.58
55.7
53.85
51.94
50.03
48.15
46.24
44.32
42.45
40.59
38.69
36.81
35.06
33.06
31.16
29.32
27.49
25.71
23.68
21.81
20.05
18.02
16.13
14.28
12.37
10.59
8.04
5.41
2.94
0.21
-2.42
-5.01
-7.59
-10.09
-12.09
-14.03
-15.85
-17.81
-19.69
-21.57
-23.56
-25.31
-27.26
-29.16
-30.99
-32.89
-34.75
-36.65
-38.55
-40.38
-42.34
-44.27
-46.03
-48.02
-49.95
-51.77
-53.68
-55.59
-57.48
-59.33
-61.22
-63.16
-65.02
-66.9
-68.8
-70.69
-72.56
-73.13
-73.1
-73.08
-73.1
-73.1
-73.1
-73.01
-73.09
-73.06
-73.08
-73.13
-73.01
-72.1
-70.12
-68.08
-66.18
-64.26
-62.33
-60.5
-58.6
-56.72
-54.82
-52.84
-51.05
-49.17
-47.16
-45.39
-43.52
-41.54
-39.72
-37.77
-35.92
-34.01
-32.14
-30.32
-28.4
-26.49
-24.61
-22.73
-20.85
-18.93
-16.97
-15.18
-13.29
-11.34
-9.19
-6.39
-4.01
-1.38
1.42
3.8
6.45
9.06
11.2
13.24
14.97
16.89
18.89
20.66
22.56
24.44
26.35
28.25
30.05
31.94
33.82
35.61
37.59
39.45
41.33
43.4
45.12
46.99
48.92
50.84
52.73
54.62
56.47
58.55
60.26
62.14
64.23
65.96
67.84
