150
66
86
130.27
133.68
144.56
132.16
124.03
143.8
129.32
111.25
122.61
124.78
106.62
113.9
124.69
107.09
114.85
116.93
100.85
96.88
107.38
106.34
100.66
102.65
107.75
101.98
109.36
113.34
113.62
112.39
121
124.31
118.16
134.53
131.59
123.46
120.62
133.01
110.88
100
110.12
117.12
107.94
117.78
124.5
107.38
115.7
127.15
108.13
120.62
128.38
126.49
113.62
131.88
137.74
118.16
123.36
129.8
117.4
121.66
132.92
121.95
113.34
130.74
119.11
103.12
114.76
120.53
99.62
102.17
113.05
795.06
790.42
782.57
1.3
-2.08
-2.08
0.52
-1.39
-1.73
-3.03
-3.55
-0.95
-1.39
-127.58
-143.53
-118.48
-128.44
-137.81
-124.11
-121.34
-146.82
-132.08
-128.36
-151.76
-148.99
-127.06
-144.05
-144.91
-111.54
-133.56
-136.77
-122.98
-123.16
-138.76
-123.42
-115.62
-140.32
-137.37
-116.74
-123.76
-134.69
-122.55
-127.14
-126.71
-124.28
-130.35
-135.12
-131.91
-126.1
-133.47
-140.58
-129.05
-126.8
-124.11
-125.15
-114.4
-115.18
-126.1
-117
-126.71
-123.85
-129.48
-126.02
-134.17
-129.83
-127.92
-143.35
-149.07
-138.24
-149.85
-154.71
-128.96
-149.33
-173.17
-148.73
-154.71
-165.71
-169.01
-159.13
-170.13
-189.98
61.28
59.44
57.56
55.68
53.91
51.9
49.97
48.2
46.17
44.28
42.38
40.53
38.78
36.74
34.85
33
31.09
29.27
27.44
25.55
23.64
21.74
19.84
17.99
16.09
14.2
12.28
10.43
7.99
5.38
2.74
0.19
-2.51
-5.08
-7.67
-10.24
-12.04
-14.08
-15.99
-17.85
-19.76
-21.64
-23.5
-25.44
-27.2
-29.21
-31.07
-32.85
-34.82
-36.72
-38.63
-40.51
-42.24
-44.31
-46.15
-48.07
-50
-51.79
-53.72
-55.6
-57.48
-59.39
-61.31
-63.18
-65.07
-66.95
-68.89
-70.78
-72.59
-73.11
-73.1
-73.12
-73.09
-73.11
-73.12
-73.14
-73.04
-73.1
-73.1
-73.1
-73
-71.84
-69.85
-67.85
-65.85
-64
-62.11
-60.15
-58.32
-56.43
-54.53
-52.61
-50.68
-48.88
-46.95
-45.05
-43.17
-41.26
-39.43
-37.5
-35.53
-33.76
-31.86
-30.04
-28.11
-26.25
-24.32
-22.4
-20.5
-18.66
-16.75
-14.9
-12.97
-11.05
-8.78
-6.14
-3.59
-0.98
1.72
4.14
6.84
9.46
11.48
13.41
15.41
17.2
19.04
21.07
22.83
24.73
26.67
28.55
30.43
32.19
34.1
35.96
37.9
39.7
41.61
43.54
45.57
47.28
49.21
51.22
53.01
54.88
56.77
58.69
60.53
62.43
