155
68
88
138.12
122.89
128.57
133.01
131.5
146.26
139.54
143.89
126.58
134.72
146.92
142.85
138.88
146.35
148.53
122.7
141.62
155.53
125.54
128
144.65
126.77
114
150.14
135.57
112.11
141.24
147.3
116.46
132.92
148.34
124.59
141.53
160.17
131.88
133.87
161.77
151.18
133.3
146.07
138.78
125.54
139.16
134.43
124.12
140.87
153.83
145.97
145.31
152.31
135.47
132.92
155.44
138.78
134.05
137.93
145.88
149.85
129.61
146.16
136.23
130.74
151.65
135.85
126.68
136.7
140.68
140.2
136.23
147.11
147.39
834.7
828.36
830.72
-1.82
1.65
3.81
-1.04
1.82
4.42
1.73
1.65
1.39
-2.25
-148.55
-161.38
-133.3
-145.09
-147.6
-140.15
-145.87
-148.55
-144.48
-139.02
-148.99
-140.58
-138.41
-154.01
-160.77
-142.83
-137.98
-150.37
-145
-136.42
-140.23
-150.2
-137.81
-135.64
-142.83
-132
-130
-141.19
-141.71
-134.77
-143.09
-145.95
-136.25
-146.3
-166.15
-139.19
-133.13
-148.64
-135.64
-131.39
-134.17
-129.14
-125.5
-141.45
-128.1
-116.92
-142.23
-128.7
-121.51
-131.48
-144.31
-127.92
-135.03
-146.56
-138.85
-128.1
-146.99
-153.06
-126.36
-145.78
-137.63
-133.47
-129.92
-132.52
-140.58
-134.77
-128.79
-127.4
-122.55
-120.56
-130
65.29
63.19
61.33
59.56
57.56
55.68
53.77
51.87
50.1
48.1
46.18
44.28
42.43
40.53
38.64
36.72
35.03
33.03
31.09
29.26
27.47
25.51
23.64
21.76
19.97
17.95
16.09
14.2
12.26
10.43
8.02
5.34
2.88
0.19
-2.52
-5.09
-7.62
-10.16
-12.13
-14.06
-15.88
-17.87
-19.74
-21.64
-23.55
-25.44
-27.3
-29.22
-30.99
-32.92
-34.85
-36.62
-38.59
-40.54
-42.34
-44.31
-46.06
-48.07
-50
-51.83
-53.71
-55.61
-57.51
-59.42
-61.25
-63.18
-65.07
-66.92
-68.87
-70.76
-72.63
-73
-72.85
-73
-72.99
-72.98
-73
-73
-73
-72.98
-72.9
-73
-72.9
-71.98
-69.89
-67.87
-65.92
-63.99
-62.09
-60.22
-58.35
-56.4
-54.56
-52.64
-50.73
-48.87
-46.88
-45.15
-43.21
-41.3
-39.46
-37.52
-35.63
-33.75
-31.81
-30.04
-28.15
-26.24
-24.34
-22.43
-20.58
-18.68
-16.66
-14.87
-12.98
-10.96
-8.75
-6.04
-3.68
-1
1.85
4.25
6.86
9.63
11.48
13.41
15.28
17.13
19.09
20.94
22.84
24.73
26.64
28.52
30.28
32.17
34.22
35.94
37.87
39.73
41.63
43.51
45.4
47.29
49.36
51.14
53.17
54.88
56.77
58.69
60.53
62.47
64.5
66.21
68.15
