156
68
89
150.52
168.59
130.84
141.62
155.06
144.74
130.27
153.16
149.19
133.68
147.02
138.78
128.66
131.41
144.27
129.61
129.23
146.45
137.18
133.87
139.83
140.39
138.22
134.05
137.93
139.64
141.72
127.53
136.51
145.22
139.16
140.2
135.28
139.92
137.93
132.16
125.82
136.42
134.62
109.46
117.5
128.76
120.34
112.01
134.43
120.34
120.24
141.53
132.35
114.57
122.23
135.66
128
128.57
142.95
128.38
118.16
133.39
135.28
123.74
123.27
124.12
111.54
132.92
137.84
100.56
108.61
129.32
112.86
105.58
111.92
911.42
903.47
900.07
0.61
1.13
1.73
-0.17
-2.51
2.43
3.03
-1.13
-0.43
3.81
4.33
-132.95
-128.18
-128.18
-149.16
-114.14
-122.72
-147.95
-125.24
-129.83
-152.02
-138.93
-138.33
-150.98
-154.79
-126.97
-140.75
-159.3
-128.96
-138.33
-139.19
-135.81
-111.63
-141.27
-153.49
-114.4
-140.41
-140.15
-127.58
-126.19
-139.11
-131.56
-120.82
-155.14
-132.08
-132.95
-147.6
-163.72
-145.52
-159.73
-155.14
-140.49
-147.51
-144.39
-145.09
-137.89
-145.78
-137.46
-139.28
-149.94
-137.55
-124.72
-135.47
-148.81
-136.42
-126.36
-146.3
-152.8
-128.88
-141.01
-156.01
-142.66
-139.71
-159.73
-125.5
-134.51
-145
-164.41
-142.83
-133.39
-156.96
-165.63
65.3
63.24
61.33
59.61
57.63
55.72
54.02
51.96
50.18
48.16
46.27
44.51
42.55
40.63
38.88
36.85
35.11
33.1
31.23
29.53
27.52
25.66
23.89
21.86
20.1
18.12
16.2
14.44
12.42
10.56
8.34
5.54
2.87
0.36
-2.34
-4.73
-7.47
-10.1
-11.92
-13.98
-15.85
-17.75
-19.62
-21.45
-23.35
-25.3
-27.11
-29.08
-30.91
-32.83
-34.71
-36.47
-38.48
-40.39
-42.15
-44.21
-45.98
-47.91
-49.81
-51.66
-53.61
-55.5
-57.32
-59.28
-61.1
-63.14
-64.93
-66.76
-68.76
-70.66
-72.46
-72.8
-72.73
-72.83
-72.81
-72.7
-72.83
-72.83
-72.73
-72.8
-72.73
-72.83
-72.73
-71.92
-70.03
-68.05
-66.06
-64.19
-62.26
-60.4
-58.5
-56.59
-54.74
-52.84
-50.92
-49.07
-47.11
-45.31
-43.41
-41.42
-39.65
-37.7
-35.74
-33.97
-32.01
-30.21
-28.35
-26.39
-24.51
-22.63
-20.71
-18.86
-16.97
-15.12
-13.21
-11.17
-9.09
-6.51
-3.85
-1.3
1.52
3.93
6.59
9.28
11.28
13.19
15.17
16.97
18.97
20.74
22.62
24.66
26.39
28.29
30.28
31.99
33.87
35.75
37.68
39.67
41.42
43.34
45.34
47.08
48.97
50.9
52.81
54.83
56.58
58.48
60.47
62.22
64.27
65.97
67.92
69.93
