155
68
88
142.85
120.24
129.7
137.27
131.78
108.04
137.37
126.01
113.05
133.11
136.04
114.94
118.73
133.68
133.2
106.71
121.09
121.09
87.6
94.13
110.5
98.1
86
122.8
112.11
98.29
108.32
119.01
105.01
107.38
128.19
116.93
121.85
135
121.76
116.93
126.49
118.92
114.66
124.03
116.84
104.54
115.04
103.02
111.25
114.19
117.4
108.42
110.21
120.43
126.68
123.08
133.68
123.08
121.09
123.18
117.4
130.65
119.86
116.17
119.11
124.12
122.7
131.59
116.93
114.47
120.24
129.04
121.57
121.66
156.95
774.72
769.32
767.15
4.25
4.51
7.89
1.39
6.67
10.05
4.94
5.63
1.65
6.93
-141.19
-121.77
-127.84
-125.06
-117.87
-117.96
-126.71
-129.57
-120.38
-126.1
-127.23
-124.54
-130.78
-129.74
-135.12
-130.09
-119.17
-124.46
-128.44
-112.5
-116.74
-116.57
-103.05
-113.36
-113.62
-107.04
-105.56
-117.61
-131.48
-116.31
-128.62
-140.58
-126.19
-131.48
-136.94
-124.8
-116.48
-129.83
-122.12
-105.65
-129.57
-101.32
-91.78
-118.48
-105.91
-91.09
-112.76
-122.64
-96.03
-101.66
-116.74
-108.25
-102.1
-123.85
-117.87
-114.06
-122.46
-125.41
-119.52
-105.74
-131.04
-135.99
-105.74
-123.76
-138.33
-108.94
-115.18
-131.39
-129.57
-101.75
-125.15
65.12
63.08
61.24
59.29
57.42
55.67
53.69
51.76
49.98
47.97
46.08
44.16
42.28
40.55
38.51
36.6
34.75
32.87
30.97
29.14
27.3
25.4
23.52
21.64
19.73
17.82
15.95
14.09
12.14
10.42
7.87
5.18
2.71
-0.02
-2.69
-5.2
-7.79
-10.28
-12.29
-14.17
-15.99
-17.98
-19.86
-21.78
-23.64
-25.49
-27.43
-29.33
-31.13
-33.06
-34.95
-36.78
-38.74
-40.62
-42.47
-44.42
-46.27
-48.18
-50.11
-51.95
-53.84
-55.67
-57.64
-59.57
-61.36
-63.33
-65.22
-67.07
-69.02
-70.84
-72.74
-73.03
-73
-73.04
-73.06
-73.06
-73.07
-72.97
-73.06
-73.1
-72.97
-73.05
-72.99
-71.99
-70.01
-67.93
-66.04
-64.12
-62.21
-60.33
-58.44
-56.56
-54.64
-52.75
-50.88
-48.95
-47.08
-45.24
-43.32
-41.41
-39.57
-37.54
-35.74
-33.84
-31.98
-30.13
-28.26
-26.36
-24.44
-22.47
-20.7
-18.79
-16.8
-15.01
-13.09
-11.21
-8.94
-6.17
-3.8
-1.18
1.63
4.03
6.7
9.3
11.34
13.4
15.14
17.04
18.94
20.84
22.74
24.6
26.51
28.41
30.23
32.08
33.95
35.83
37.77
39.61
41.5
43.58
45.26
47.2
49.21
51.01
52.91
54.76
56.62
58.72
60.42
62.33
64.37
66.09
67.98
