156
68
89
182.02
212.2
171.33
157.42
184.48
159.6
139.54
182.3
146.45
126.2
148.15
152.88
130.36
146.26
161.87
146.92
158.94
161.11
159.41
153.73
160.17
147.96
164.8
155.44
136.04
148.53
146.73
140.49
155.62
151.37
143.14
150.99
150.99
146.07
142
143.89
147.39
143.8
156.57
134.91
143.7
157.04
144.56
136.42
159.69
141.91
140.58
158.65
148.72
135.85
158.37
156.95
135.66
154.77
159.41
147.11
151.37
157.99
144.65
127.62
151.18
140.39
117.21
141.53
142.1
103.12
116.27
135.85
111.54
108.04
119.2
929.21
923.53
923.06
0.69
3.55
6.15
1.82
3.64
6.07
5.03
-1.65
2.17
6.41
1.65
-137.89
-134.51
-125.32
-143.35
-121.77
-125.76
-141.36
-132.86
-118.82
-147.6
-154.97
-137.2
-149.94
-156.61
-143.01
-152.89
-147.25
-134.43
-132.08
-143.87
-138.59
-125.67
-138.5
-140.06
-124.72
-141.27
-127.14
-122.81
-144.05
-140.15
-123.76
-134.77
-155.92
-141.88
-139.02
-150.46
-147.86
-139.28
-149.16
-142.49
-139.63
-144.91
-132.26
-122.98
-135.21
-142.49
-131.56
-133.04
-139.63
-134.51
-126.54
-129.74
-145.78
-145.87
-132.78
-135.64
-151.67
-130
-139.97
-155.49
-130.18
-111.2
-142.92
-158.95
-135.21
-141.79
-161.29
-163.37
-140.06
-149.85
-167.88
65.21
63.17
61.23
59.52
57.49
55.64
53.92
51.89
50.09
48.07
46.18
44.44
42.41
40.54
38.65
36.76
35.04
33.01
31.16
29.42
27.44
25.54
23.81
21.78
20
18.01
16.11
14.32
12.33
10.45
8.21
5.42
2.8
0.22
-2.44
-4.84
-7.6
-10.19
-12.02
-14.05
-15.85
-17.8
-19.73
-21.49
-23.46
-25.42
-27.2
-29.15
-30.97
-32.91
-34.79
-36.58
-38.55
-40.47
-42.34
-44.27
-46.13
-48.01
-49.93
-51.73
-53.69
-55.59
-57.45
-59.35
-61.21
-63.17
-65.04
-66.86
-68.87
-70.72
-72.52
-73.03
-72.94
-73.04
-73.02
-72.93
-73.04
-73.03
-72.96
-73.05
-72.95
-73.04
-72.93
-72.01
-70.09
-68.14
-66.16
-64.3
-62.3
-60.5
-58.62
-56.67
-54.79
-52.92
-51.07
-49.16
-47.22
-45.39
-43.49
-41.5
-39.77
-37.79
-35.84
-34.02
-32.08
-30.34
-28.43
-26.44
-24.64
-22.71
-20.8
-18.97
-17.07
-15.19
-13.26
-11.24
-9.23
-6.68
-3.83
-1.41
1.4
3.86
6.43
9.21
11.17
13.12
15.1
16.87
18.76
20.65
22.52
24.56
26.32
28.18
30.16
31.87
33.93
35.67
37.56
39.58
41.33
43.24
45.24
46.98
48.91
50.82
52.73
54.74
56.47
58.4
60.4
62.11
64.2
65.95
67.82
69.85
