155
68
89
143.33
140.49
134.91
130.08
141.24
134.34
132.64
140.3
149.57
145.79
144.46
146.64
145.69
147.02
152.6
148.72
142.95
139.26
131.97
137.65
135.19
139.07
141.24
122.89
127.43
130.74
120.72
125.45
141.91
136.8
134.05
141.91
148.34
149
150.52
154.49
149.95
158.65
140.77
135.76
122.99
119.58
120.05
119.39
122.23
110.69
111.44
108.42
104.92
108.8
122.7
108.04
113.62
125.82
130.74
133.01
129.8
133.58
130.74
128.19
130.18
122.42
119.86
118.92
105.86
115.51
114.94
108.04
100.47
105.29
103.88
837.91
833.18
834.22
6.93
0.95
1.99
7.45
2.69
3.81
2.86
6.33
1.73
-1.13
0.78
-137.2
-128.44
-131.65
-134.25
-126.71
-119.95
-130.52
-118.39
-119
-140.06
-138.07
-125.58
-134.69
-126.62
-123.07
-121.68
-132.69
-113.28
-103.14
-129.57
-122.9
-107.04
-125.58
-133.73
-119.43
-131.48
-133.56
-127.14
-123.94
-132.69
-131.74
-133.56
-146.99
-135.29
-135.9
-133.39
-139.02
-128.01
-137.03
-134.34
-125.15
-135.9
-133.39
-117.52
-128.44
-135.21
-130.7
-131.13
-137.37
-143.18
-128.36
-145.69
-142.83
-145
-142.31
-145.95
-141.19
-127.92
-132.6
-129.22
-117.61
-124.11
-132.69
-129.57
-110.16
-123.24
-137.89
-122.9
-132.26
-144.83
65.14
63.09
61.38
59.32
57.44
55.69
53.67
51.77
50.03
47.99
46.07
44.17
42.33
40.51
38.54
36.65
34.91
32.89
30.99
29.19
27.3
25.56
23.54
21.64
19.87
17.87
16.1
14.1
12.21
10.42
7.83
5.22
2.74
-0.03
-2.68
-5.21
-7.82
-10.25
-12.26
-14.18
-16
-17.96
-19.86
-21.75
-23.62
-25.47
-27.42
-29.35
-31.12
-33.06
-34.95
-36.8
-38.71
-40.55
-42.45
-44.41
-46.2
-48.16
-50.1
-52.01
-53.83
-55.67
-57.64
-59.55
-61.33
-63.31
-65.14
-67.07
-69
-70.83
-72.74
-73.06
-72.95
-73.04
-72.97
-73.03
-73.04
-72.95
-73.06
-73.06
-72.97
-73.04
-72.94
-71.99
-69.99
-67.94
-66.04
-64.13
-62.14
-60.31
-58.46
-56.54
-54.66
-52.67
-50.88
-48.97
-46.97
-45.23
-43.26
-41.41
-39.55
-37.57
-35.71
-33.85
-31.91
-30.13
-28.26
-26.35
-24.42
-22.44
-20.69
-18.79
-16.76
-15.04
-13.11
-11.17
-8.99
-6.15
-3.76
-1.17
1.65
4.08
6.74
9.31
11.38
13.37
15.17
17.06
19.08
20.81
22.73
24.63
26.53
28.53
30.22
32.06
34.1
35.86
37.8
39.6
41.53
43.58
45.29
47.18
49.25
51.01
53.05
54.78
56.63
58.72
60.43
62.34
64.43
66.12
68
