155
68
89
128.36
138.5
119.66
125.26
146.9
117.31
114.21
133.28
114.06
98.46
124.5
116.7
95.36
115.19
127.3
104.9
108.15
126.46
111.78
91.35
120.42
116.33
96.58
121.7
123.29
98.24
110.95
110.88
102.7
109.44
119.13
110.27
99.07
121.32
112.39
101.11
120.79
117.62
104.44
118.45
117.31
114.74
111.56
111.18
112.7
111.26
121.78
115.5
118.37
119.81
116.02
114.13
112.92
117.23
108.53
110.04
112.39
113.98
115.57
108.22
118.98
120.86
109.44
117.31
104.44
95.59
106.18
112.77
96.34
99.9
113.45
693.94
697.58
689.25
3.82
2.84
1.53
2.91
2.98
3.82
1.38
2.22
1.94
0
6.86
-118.98
-103.03
-114.68
-122.03
-98.66
-109.48
-119.12
-114.2
-113.16
-116.07
-108.79
-109.69
-120.3
-125.7
-112.74
-112.74
-118.01
-122.73
-113.3
-119.05
-119.67
-112.67
-114.41
-117.74
-110.1
-113.5
-116.97
-107.13
-106.57
-114.06
-118.57
-102.9
-113.02
-115.79
-102.69
-93.54
-120.58
-108.58
-100.05
-106.57
-103.31
-99.98
-107.4
-119.19
-99.63
-111.22
-125.57
-107.19
-92.63
-117.32
-114.41
-102.06
-117.66
-123.77
-98.87
-112.67
-124.66
-104.77
-104.35
-123.7
-122.03
-104.28
-122.79
-142
-113.71
-123
-142.14
-130.56
-108.79
-126.26
65.27
63.22
61.48
59.42
57.55
55.77
53.76
51.87
50.11
48.08
46.36
44.29
42.41
40.68
38.63
36.72
34.85
33
31.2
29.27
27.44
25.62
23.64
21.76
19.94
17.95
16.2
14.19
12.26
10.55
7.98
5.25
2.87
0.14
-2.37
-5.05
-7.64
-10.15
-12.17
-14.09
-15.93
-17.89
-19.75
-21.64
-23.51
-25.47
-27.3
-29.23
-31.01
-32.95
-34.76
-36.69
-38.6
-40.47
-42.38
-44.32
-46.15
-48.08
-49.93
-51.86
-53.71
-55.58
-57.51
-59.43
-61.28
-63.2
-65.01
-66.97
-68.9
-70.79
-72.6
-73.15
-73.05
-73.14
-73.04
-73.11
-73.16
-73.04
-73.13
-73.14
-73.04
-73.13
-72.9
-71.87
-69.85
-67.83
-65.91
-64.01
-62.06
-60.23
-58.28
-56.45
-54.54
-52.57
-50.75
-48.86
-46.9
-45.13
-43.14
-41.29
-39.43
-37.45
-35.63
-33.68
-31.81
-30.04
-28.08
-26.24
-24.32
-22.36
-20.6
-18.67
-16.67
-14.91
-12.9
-11.08
-8.84
-6.01
-3.65
-1.01
1.67
4.17
6.99
9.47
11.45
13.49
15.28
17.14
19.15
20.93
22.96
24.69
26.62
28.62
30.31
32.19
34.21
35.92
37.99
39.72
41.59
43.66
45.36
47.4
49.32
51.12
53.18
54.84
56.77
58.85
60.53
62.41
64.5
66.2
68.27
