156
68
89
123.44
127.75
122.98
120.79
128.43
118.52
125.48
134.26
124.12
120.18
127.07
134.49
120.86
129.34
137.06
120.42
112.99
141.15
125.03
111.02
128.36
132.98
114.89
126.62
132.75
116.48
115.42
131.08
126.62
118.9
137.14
139.78
128.74
149.78
153.03
145.62
144.41
157.95
134.49
140.77
150.69
127.3
124.95
122.98
119.66
115.11
127.3
143.34
123.44
133.89
149.62
127.83
137.29
150.46
137.74
126.62
140.47
146.3
113.3
124.27
140.24
127.07
122.23
143.12
128.82
101.34
117.69
120.34
95.89
108.15
123.82
753.43
753.81
747.98
2.15
5.48
0.97
1.8
1.87
1.38
0.21
1.87
1.04
-3.19
0.62
-123.49
-111.63
-111.14
-126.54
-118.84
-114.47
-134.51
-130.35
-110.46
-127.86
-138.05
-112.54
-123.07
-146.71
-125.64
-129.8
-150.53
-142.42
-132.98
-144.42
-152.74
-125.85
-129.1
-140.75
-116
-114.68
-125.85
-128.06
-124.87
-131.67
-146.99
-127.93
-141.66
-150.04
-135.21
-140.75
-152.54
-139.78
-129.38
-130.22
-126.19
-115.3
-122.66
-120.71
-111.5
-124.46
-128.9
-119.12
-123.14
-130.28
-135.06
-116.42
-131.11
-127.86
-116.34
-118.22
-129.52
-120.65
-112.88
-125.5
-135.14
-105.25
-122.03
-131.32
-110.8
-105.11
-109.42
-116.34
-110.31
-105.46
-108.3
65.28
63.4
61.5
59.76
57.75
55.86
54.11
52.06
50.16
48.44
46.37
44.6
42.61
40.72
38.95
36.92
35.06
33.36
31.31
29.56
27.64
25.71
23.96
21.94
20.03
18.12
16.27
14.52
12.46
10.59
8.39
5.63
2.94
0.42
-2.25
-4.66
-7.38
-10.04
-11.87
-13.89
-15.8
-17.69
-19.55
-21.39
-23.34
-25.27
-27.03
-29.03
-30.86
-32.75
-34.64
-36.45
-38.42
-40.32
-42.1
-44.1
-45.97
-47.88
-49.79
-51.59
-53.52
-55.46
-57.28
-59.19
-61.08
-63.01
-64.87
-66.8
-68.68
-70.59
-72.44
-73.01
-73.03
-73
-73.01
-72.91
-73.02
-73.04
-73.03
-72.9
-72.93
-73.04
-72.85
-71.85
-69.98
-67.95
-66.05
-64.14
-62.26
-60.36
-58.48
-56.53
-54.66
-52.7
-50.91
-49.02
-47.04
-45.26
-43.37
-41.37
-39.59
-37.68
-35.8
-33.88
-32.04
-30.12
-28.28
-26.38
-24.44
-22.47
-20.73
-18.81
-16.93
-15.06
-13.17
-11.21
-8.99
-6.32
-3.89
-1.21
1.6
4.06
6.63
9.44
11.34
13.35
15.15
17.02
19.05
20.8
22.69
24.69
26.48
28.35
30.28
32.02
33.97
35.79
37.67
39.7
41.49
43.39
45.36
47.12
49.05
51.1
52.86
54.9
56.62
58.57
60.52
62.32
64.2
66.06
67.99
69.99
