156
68
89
123.06
127.6
118.98
124.42
126.24
120.94
126.46
136.46
127.75
118.45
132.14
137.82
121.78
127.53
139.18
123.29
122.98
140.7
131.08
113.98
124.5
128.36
110.95
127.07
132.98
121.1
115.26
127.38
128.58
120.11
133.89
139.41
130.02
149.93
147.96
140.17
145.09
152.13
126.39
141.61
147.13
125.26
129.57
123.66
124.2
112.01
134.26
142.14
124.05
136.76
141.9
131.08
133.96
151.74
134.26
121.4
137.82
142.29
112.09
113.9
133.35
123.14
124.58
140.09
128.14
104.59
118.14
123.66
96.42
113.45
129.19
785.06
771.14
769.55
-4.3
-0.55
-0.49
1.53
1.18
-1.8
-3.4
-1.46
-1.59
-0.62
-2.36
-121.82
-116.7
-120.78
-129.8
-124.74
-114.82
-141.58
-134.1
-115.79
-130.7
-139.92
-112.95
-125.85
-152.33
-128.97
-131.81
-147.69
-151.43
-134.1
-141.66
-153.16
-136.52
-134.93
-141.45
-120.86
-118.84
-130.28
-126.82
-128.27
-131.53
-146.09
-123.49
-133.61
-155.03
-135.14
-137.56
-153.86
-144.22
-124.66
-131.32
-123.62
-116.14
-122.45
-123.49
-110.04
-121.96
-132.3
-125.36
-122.52
-132.36
-126.06
-118.84
-130.49
-133.19
-117.94
-119.26
-131.05
-120.92
-117.59
-128.55
-133.13
-105.46
-120.3
-132.71
-116.34
-112.95
-114.41
-124.66
-113.5
-115.03
-118.98
65.45
63.41
61.51
59.76
57.75
55.85
54.13
52.07
50.3
48.27
46.37
44.62
42.61
40.7
38.99
36.9
35.16
33.19
31.28
29.57
27.61
25.69
23.95
21.94
20.19
18.15
16.24
14.49
12.47
10.61
8.4
5.61
3.14
0.42
-2.23
-4.71
-7.39
-9.87
-11.95
-13.91
-15.79
-17.7
-19.56
-21.38
-23.34
-25.24
-27.05
-29.03
-30.83
-32.75
-34.63
-36.45
-38.41
-40.33
-42.15
-44.1
-45.9
-47.9
-49.8
-51.58
-53.52
-55.47
-57.28
-59.21
-61.07
-63.01
-64.89
-66.72
-68.68
-70.58
-72.36
-73.02
-72.92
-73.04
-73.04
-72.96
-73.04
-72.93
-72.92
-73.04
-73.05
-73.04
-72.87
-71.84
-69.96
-67.99
-65.99
-64.14
-62.19
-60.34
-58.48
-56.53
-54.67
-52.8
-50.87
-48.99
-47.11
-45.25
-43.39
-41.36
-39.56
-37.67
-35.73
-33.87
-31.94
-30.2
-28.27
-26.32
-24.49
-22.59
-20.63
-18.82
-16.81
-15.07
-13.14
-11.13
-9.04
-6.35
-3.7
-1.23
1.48
4.02
6.64
9.43
11.31
13.24
15.22
17.01
19.03
20.77
22.66
24.72
26.47
28.32
30.31
32.02
34.08
35.8
37.71
39.7
41.5
43.38
45.37
47.14
49.17
50.91
52.88
54.88
56.62
58.51
60.55
62.25
64.34
66.06
68.01
69.99
