155
68
89
93.85
102.7
95.74
90.74
94.07
97.41
92.26
101.11
92.64
88.78
95.51
89.98
85.52
82.8
96.58
85.75
78.41
96.5
98.99
77.8
90.59
91.95
83.4
92.56
101.57
88.47
83.94
86.89
102.93
82.19
86.96
97.26
86.35
105.2
96.8
91.42
96.87
89
83.63
82.65
84.09
68.8
75.91
79.62
85.75
72.35
87.94
82.19
84.77
80.45
80.3
82.65
86.28
89.98
89.84
85.14
84.23
91.5
78.94
74.85
89
84.54
77.58
82.04
86.74
76.22
74.55
91.2
78.94
81.51
96.58
645.5
647.62
643.54
2.08
0.83
-1.11
-1.38
1.94
-0.9
6.52
3.05
2.29
-2.5
0.07
-105.18
-79.81
-90.14
-95.62
-90.21
-85.14
-93.33
-89.17
-86.88
-96.24
-93.12
-82.58
-97.97
-106.78
-91.25
-86.11
-95.26
-92.14
-76.75
-86.26
-87.3
-80.5
-85.28
-85.01
-81.12
-77.31
-89.72
-88.34
-77.45
-80.02
-100.61
-79.25
-96.03
-99.42
-90.62
-88.26
-103.52
-94.58
-88.06
-89.23
-79.87
-77.31
-89.38
-83.9
-86.88
-93.67
-92.7
-88.54
-91.94
-97.34
-90.9
-84.52
-100.95
-90.14
-82.99
-92.14
-92.63
-81.33
-84.24
-99.78
-91.73
-83.41
-98.94
-101.3
-88.13
-91.66
-98.94
-96.58
-95.26
-105.25
65.28
63.25
61.31
59.56
57.56
55.67
53.96
51.9
50.12
48.08
46.2
44.43
42.43
40.51
38.78
36.72
34.99
33
31.11
29.37
27.46
25.52
23.74
21.76
19.98
17.96
16.07
14.33
12.33
10.4
8.14
5.34
2.87
0.17
-2.49
-4.93
-7.65
-10.26
-12.05
-14.1
-15.92
-17.85
-19.74
-21.56
-23.51
-25.45
-27.2
-29.2
-31.01
-32.97
-34.83
-36.63
-38.62
-40.53
-42.28
-44.31
-46.17
-48.05
-49.99
-51.76
-53.7
-55.62
-57.46
-59.45
-61.27
-63.18
-65.07
-66.89
-68.9
-70.77
-72.56
-73.04
-73.07
-73.04
-73.07
-72.97
-73.06
-73.04
-72.96
-73.08
-72.97
-73.04
-72.94
-71.86
-69.88
-67.84
-65.84
-64.02
-62.07
-60.2
-58.31
-56.37
-54.52
-52.62
-50.71
-48.88
-46.96
-45.12
-43.21
-41.2
-39.44
-37.48
-35.56
-33.74
-31.8
-30.04
-28.13
-26.14
-24.33
-22.44
-20.48
-18.69
-16.74
-14.89
-12.97
-10.96
-8.74
-6.15
-3.51
-0.97
1.64
4.24
6.86
9.62
11.48
13.44
15.4
17.17
19.05
20.93
22.83
24.86
26.63
28.51
30.44
32.21
34.1
35.93
37.9
39.86
41.62
43.53
45.55
47.29
49.21
51.12
53.02
55.01
56.77
58.69
60.7
62.45
64.34
66.22
68.11
