155
68
89
159.62
157.95
122.83
127.53
129.87
124.05
113.45
128.43
132.82
115.72
117.99
121.85
110.5
106.94
117.91
115.42
102.02
118.6
115.57
101.42
108.3
114.74
101.49
104.98
105.66
107.62
99.75
98.01
104.9
102.25
109.14
113.07
105.66
106.11
110.04
104.37
99.38
110.58
112.39
106.11
110.27
115.87
111.71
112.54
115.65
106.49
107.24
110.65
100.5
98.99
111.33
97.41
97.1
105.27
104.37
107.7
102.02
105.81
109.59
100.36
105.96
112.62
104.52
107.32
111.02
104.37
100.81
105.42
106.03
109.51
111.33
681.61
680.25
676.76
-0.42
0.42
-2.57
-1.59
-1.04
-1.38
-2.15
4.16
1.25
-5.75
3.4
-116.62
-117.25
-117.53
-110.59
-110.04
-107.96
-109.34
-101.09
-109.83
-111.29
-108.72
-110.38
-110.8
-105.94
-106.43
-105.32
-111.29
-109.62
-99.78
-113.37
-109.69
-107.82
-112.88
-123.77
-117.66
-119.54
-120.16
-113.71
-113.09
-113.02
-111.63
-110.94
-122.79
-114.47
-110.87
-119.95
-117.59
-111.77
-106.98
-116.42
-110.38
-107.75
-107.61
-106.43
-105.11
-111.01
-110.59
-100.05
-108.86
-115.38
-104.07
-112.46
-119.4
-116.42
-107.75
-124.18
-123.42
-105.32
-122.03
-127.23
-113.37
-108.65
-123.56
-121.96
-116.49
-122.66
-131.6
-130.22
-127.23
-148.03
65.2
63.14
61.36
59.32
57.47
55.76
53.68
51.79
50.01
47.98
46.19
44.21
42.32
40.56
38.58
36.69
34.94
32.91
31.16
29.19
27.34
25.6
23.56
21.68
19.9
17.88
16.12
14.12
12.23
10.45
7.88
5.24
2.79
0.04
-2.5
-5.16
-7.78
-10.22
-12.22
-14.13
-15.98
-17.94
-19.81
-21.71
-23.61
-25.44
-27.39
-29.3
-31.11
-33.04
-34.92
-36.79
-38.72
-40.53
-42.44
-44.38
-46.17
-48.13
-50.03
-51.97
-53.81
-55.62
-57.62
-59.5
-61.35
-63.29
-65.12
-67.04
-68.97
-70.83
-72.74
-72.96
-72.86
-72.95
-72.86
-72.95
-72.96
-72.87
-72.95
-72.95
-72.88
-72.96
-72.78
-72.05
-69.95
-67.92
-65.98
-64.06
-62.12
-60.29
-58.35
-56.47
-54.63
-52.64
-50.85
-48.93
-46.95
-45.2
-43.22
-41.39
-39.53
-37.51
-35.71
-33.83
-31.87
-30.15
-28.27
-26.34
-24.4
-22.43
-20.66
-18.73
-16.75
-14.97
-13.04
-11.12
-8.91
-6.16
-3.73
-1.14
1.75
4.13
6.71
9.37
11.41
13.44
15.21
17.09
19.1
20.86
22.86
24.67
26.56
28.55
30.25
32.11
34.16
35.91
37.89
39.65
41.55
43.59
45.27
47.19
49.26
51.08
52.91
54.81
56.71
58.75
60.44
62.36
64.42
66.12
68.02
