155
68
89
124.27
133.2
127.68
120.49
134.94
113.14
116.7
131.92
113.6
105.42
129.57
129.95
99.82
124.65
133.2
114.74
122.3
137.67
115.87
116.02
118.37
103.91
93.85
118.82
115.11
100.43
106.11
104.74
102.02
103.69
113.07
122.3
109.66
125.94
126.7
126.02
143.65
142.58
133.2
144.7
144.55
142.51
144.41
150.38
147.43
141.07
161.43
154.54
159.39
162.57
165.9
148.11
154.54
160.98
144.48
138.05
148.72
148.94
123.74
131.01
137.44
134.87
123.82
133.66
115.04
96.8
107.54
108.46
92.34
97.48
116.1
704.16
712.79
711.88
1.38
-2.15
2.29
0.49
3.12
-0.83
1.8
0.55
2.15
-0.14
1.46
-112.6
-97
-108.3
-114.75
-103.52
-115.03
-127.99
-119.54
-116.9
-133.96
-121.96
-109.83
-132.15
-155.66
-134.72
-136.1
-149
-157.39
-134.58
-149
-155.94
-148.52
-150.66
-143.74
-133.34
-130.49
-122.03
-128.41
-118.91
-119.95
-117.66
-113.5
-115.51
-125.98
-101.99
-88.89
-107.19
-88.13
-90.42
-96.38
-92.5
-83.48
-104.14
-102.9
-87.92
-94.5
-116
-94.78
-82.37
-101.09
-96.45
-89.1
-113.3
-106.57
-87.85
-102.54
-113.09
-90.97
-89.72
-109.76
-99.57
-73.98
-99.29
-110.46
-105.53
-102.62
-115.17
-108.58
-103.86
-110.1
65.36
63.26
61.38
59.47
57.6
55.85
53.83
51.92
50.17
48.12
46.41
44.33
42.42
40.72
38.7
36.78
35.05
33.05
31.13
29.3
27.47
25.71
23.65
21.95
20.02
18
16.25
14.34
12.33
10.59
8.05
5.38
2.95
0.23
-2.29
-5.01
-7.57
-10.11
-12.1
-14.04
-15.88
-17.82
-19.69
-21.6
-23.47
-25.32
-27.29
-29.18
-30.97
-32.91
-34.81
-36.65
-38.57
-40.36
-42.31
-44.24
-46.02
-48.03
-49.89
-51.8
-53.69
-55.54
-57.46
-59.35
-61.21
-63.18
-65.04
-66.93
-68.84
-70.7
-72.57
-73.04
-72.93
-73.03
-72.93
-73.04
-73.04
-72.93
-73.05
-73.04
-73.06
-73.02
-72.83
-71.82
-69.86
-67.75
-65.91
-64
-62.06
-60.23
-58.39
-56.48
-54.55
-52.64
-50.83
-48.94
-46.97
-45.24
-43.25
-41.37
-39.55
-37.55
-35.72
-33.84
-31.91
-30.18
-28.26
-26.32
-24.43
-22.47
-20.69
-18.8
-16.8
-15.04
-13.04
-11.19
-8.97
-6.21
-3.79
-1.2
1.63
4.07
6.67
9.31
11.36
13.38
15.17
17.04
19.07
20.81
22.72
24.6
26.51
28.53
30.18
32.05
34.11
35.8
37.73
39.61
41.5
43.56
45.29
47.13
49.08
51.01
53.05
54.75
56.64
58.71
60.42
62.31
64.39
66.05
67.99
