155
68
89
115.79
119.5
96.72
116.86
118.45
97.78
104.98
112.99
112.7
102.62
106.79
105.5
100.96
111.1
116.48
108.22
105.58
120.49
104.29
100.81
116.63
111.18
98.46
99.07
89.15
97.26
88.47
94.38
101.57
92.18
100.36
93.17
91.5
115.04
103.08
96.8
107.17
112.01
101.79
109.74
109.29
106.49
108.61
110.73
115.94
101.79
113.38
109.29
92.18
100.21
104.82
96.87
102.47
99.6
103.84
99.9
99.38
98.69
92.94
95.66
103.69
88.47
98.09
102.62
88.86
83.48
91.35
97.26
78.1
84.54
84.84
647.62
649.22
646.34
-4.78
-5.96
-3.4
-4.65
-3.4
-5.06
-3.88
-6.17
-4.3
-2.84
-5.34
-116.34
-101.86
-105.66
-105.94
-96.45
-98.32
-112.54
-105.04
-103.17
-115.38
-107.06
-99.78
-109.27
-111.29
-106.22
-112.74
-116.14
-111.35
-117.38
-121.41
-121.96
-116.55
-121.48
-131.53
-121.2
-120.92
-131.11
-116.97
-111.84
-117.94
-113.43
-105.18
-117.32
-105.46
-100.4
-104.14
-112.33
-104.07
-109.14
-114.34
-114.26
-108.44
-115.38
-109.21
-111.14
-125.85
-118.29
-114.13
-119.33
-122.66
-96.93
-105.32
-113.71
-105.6
-96.38
-109.42
-105.46
-91.66
-101.44
-106.98
-98.46
-103.94
-115.03
-112.39
-103.58
-111.42
-128.27
-107.26
-111.63
-122.17
65.17
63.13
61.22
59.32
57.45
55.55
53.67
51.78
50.03
47.97
46.11
44.21
42.3
40.45
38.51
36.65
34.9
32.9
30.98
29.19
27.35
25.44
23.53
21.65
19.83
17.85
15.96
14.09
12.24
10.3
7.81
5.19
2.74
0.05
-2.67
-5.22
-7.78
-10.35
-12.26
-14.19
-15.98
-17.95
-19.85
-21.75
-23.61
-25.55
-27.4
-29.32
-31.14
-33.06
-34.92
-36.8
-38.69
-40.61
-42.45
-44.38
-46.2
-48.16
-50.1
-51.94
-53.81
-55.73
-57.62
-59.52
-61.42
-63.3
-65.18
-67.06
-68.99
-70.86
-72.76
-72.96
-72.89
-72.93
-72.96
-72.93
-72.96
-72.96
-72.97
-72.96
-72.87
-72.97
-72.9
-72.04
-69.95
-67.95
-66
-64.08
-62.14
-60.31
-58.45
-56.54
-54.64
-52.71
-50.87
-48.95
-46.98
-45.22
-43.31
-41.39
-39.54
-37.6
-35.73
-33.87
-31.91
-30.14
-28.24
-26.33
-24.45
-22.52
-20.66
-18.76
-16.77
-14.99
-13.07
-11.17
-8.93
-6.32
-3.74
-1.15
1.65
4.03
6.7
9.35
11.38
13.41
15.19
17.07
19.07
20.84
22.72
24.62
26.52
28.55
30.23
32.09
34.11
35.84
37.78
39.62
41.51
43.43
45.28
47.15
49.24
50.99
52.94
54.78
56.66
58.59
60.44
62.3
64.4
66.13
68.02
