155
68
89
179.84
188.07
171.9
173.88
175.59
168.49
185.71
181.74
173.22
159.98
166.98
166.22
149.85
158.08
161.02
147.68
150.04
157.61
145.88
143.7
158.27
146.07
141.43
147.02
151.93
153.73
156.57
167.64
165.37
168.49
179.94
181.45
166.41
177.29
182.97
169.72
168.77
156.76
152.03
147.68
154.3
147.49
140.3
143.99
136.61
136.8
147.2
155.06
137.37
145.97
156.48
156.19
147.49
147.68
152.5
151.37
172.65
164.61
154.77
159.98
157.04
154.77
146.64
154.3
151.08
143.61
145.97
158.94
140.01
146.73
143.52
883.13
877.27
873.39
0.52
2.95
2.43
0.43
0.87
-3.64
3.12
0
2.51
-5.63
-0.43
-157.31
-146.04
-159.99
-162.51
-149.25
-153.06
-160.6
-153.75
-142.49
-168.57
-167.53
-138.5
-154.53
-157.22
-143.18
-144.74
-149.51
-142.4
-139.28
-144.65
-142.05
-133.99
-141.88
-147.08
-121.86
-137.37
-163.55
-137.55
-141.71
-170.83
-164.59
-159.56
-175.07
-178.28
-159.13
-166.32
-172.39
-155.92
-156.61
-168.75
-158.17
-140.23
-159.3
-149.85
-143.87
-146.47
-155.4
-140.15
-150.63
-167.53
-157.39
-154.45
-167.36
-171.26
-143.01
-169.27
-168.23
-142.57
-153.67
-164.5
-152.02
-147.6
-161.99
-163.03
-140.75
-161.64
-156.79
-157.31
-155.49
-157.57
65.27
63.21
61.33
59.42
57.56
55.66
53.79
51.89
50.13
48.12
46.19
44.3
42.4
40.65
38.62
36.75
35.03
33.01
31.09
29.27
27.45
25.52
23.64
21.77
20
17.97
16.1
14.18
12.31
10.41
8.01
5.34
2.88
0.13
-2.51
-5.1
-7.64
-10.14
-12.13
-14.1
-15.88
-17.85
-19.77
-21.64
-23.49
-25.37
-27.31
-29.2
-31.03
-32.94
-34.82
-36.66
-38.63
-40.5
-42.34
-44.28
-46.07
-48.06
-49.96
-51.83
-53.72
-55.55
-57.55
-59.41
-61.22
-63.18
-65.07
-66.93
-68.87
-70.71
-72.59
-72.73
-72.7
-72.77
-72.75
-72.78
-72.77
-72.8
-72.77
-72.79
-72.76
-72.78
-72.66
-71.88
-69.82
-67.89
-65.92
-64.02
-62.1
-60.24
-58.41
-56.52
-54.59
-52.67
-50.88
-48.98
-46.98
-45.23
-43.33
-41.4
-39.63
-37.61
-35.77
-33.87
-31.96
-30.18
-28.32
-26.38
-24.48
-22.51
-20.75
-18.83
-16.81
-15.06
-13.17
-11.14
-9.06
-6.24
-3.84
-1.23
1.57
4.05
6.61
9.3
11.31
13.23
15.12
17
18.98
20.77
22.7
24.53
26.47
28.47
30.17
32.01
34.07
35.77
37.7
39.6
41.46
43.52
45.22
47.12
49.19
50.95
52.88
54.73
56.6
58.54
60.36
62.27
64.31
66.02
67.92
