155
68
89
190.91
182.78
162.34
160.26
168.21
157.52
174.55
185.99
164.61
155.25
182.3
175.4
152.03
172.84
176.44
159.6
167.54
177.01
154.21
146.73
162.91
155.81
134.24
150.7
141.81
136.04
135.76
146.26
137.74
132.07
152.69
141.34
136.99
156.95
170.48
146.45
164.33
173.69
159.31
147.58
159.12
158.75
136.14
140.3
135.1
122.13
131.31
138.78
118.82
118.54
138.97
124.4
125.63
156.1
149
135.85
153.83
159.98
147.58
151.56
160.17
151.75
143.99
162.34
152.31
137.18
134.81
132.07
117.03
111.73
119.58
845.57
844.44
838.67
5.63
3.99
3.81
3.47
5.81
5.55
5.11
2.6
7.11
-3.03
3.64
-150.63
-132.78
-139.37
-155.66
-150.98
-132.6
-154.1
-156.01
-131.04
-149.77
-150.03
-129.22
-132.34
-141.36
-128.36
-125.76
-139.45
-138.33
-119.52
-146.56
-153.32
-135.47
-134.77
-156.35
-142.66
-141.53
-166.06
-154.01
-138.33
-156.96
-159.73
-137.72
-150.72
-164.5
-131.39
-135.03
-150.63
-143.35
-130.09
-155.92
-152.8
-128.96
-154.53
-160.43
-145.09
-157.83
-174.47
-162.77
-157.57
-176.89
-176.11
-152.37
-172.39
-175.42
-147.43
-158.09
-167.1
-147.86
-144.83
-152.89
-162.42
-135.29
-162.16
-173.51
-143.27
-161.38
-178.54
-166.15
-164.67
-186.43
65.16
63.26
61.45
59.49
57.65
55.89
53.87
51.96
50.13
48.11
46.4
44.45
42.49
40.76
38.81
36.82
34.92
33.15
31.16
29.34
27.59
25.74
23.69
21.88
19.93
18.03
16.2
14.3
12.36
10.6
8.08
5.47
2.9
0.23
-2.24
-4.9
-7.54
-10.06
-12.03
-14.02
-15.93
-17.77
-19.67
-21.6
-23.41
-25.29
-27.23
-29.09
-31.01
-32.86
-34.71
-36.6
-38.53
-40.35
-42.26
-44.22
-46.05
-47.99
-49.89
-51.72
-53.66
-55.47
-57.43
-59.35
-61.23
-63.11
-65.01
-66.89
-68.76
-70.65
-72.5
-72.56
-72.63
-72.63
-72.52
-72.58
-72.62
-72.53
-72.63
-72.61
-72.57
-72.61
-72.63
-72.03
-70.06
-68.11
-66.11
-64.26
-62.33
-60.44
-58.59
-56.7
-54.77
-52.83
-51.05
-49.13
-47.24
-45.39
-43.46
-41.54
-39.69
-37.7
-35.87
-34.01
-32.1
-30.35
-28.39
-26.45
-24.59
-22.59
-20.8
-18.96
-17.04
-15.12
-13.26
-11.34
-9.08
-6.46
-3.98
-1.31
1.28
3.84
6.52
9.08
11.22
13.24
15.04
16.88
18.84
20.66
22.56
24.52
26.37
28.36
30.14
31.9
33.83
35.77
37.69
39.46
41.4
43.43
45.12
47.06
48.93
50.84
52.81
54.58
56.5
58.6
60.26
62.16
64.16
65.94
67.99
