155
68
89
189.02
200.28
190.25
196.49
185.71
181.07
171.04
187.51
170.86
160.83
169.25
166.31
158.18
153.92
164.9
167.73
158.37
160.35
172.46
162.44
158.84
174.07
170.76
162.06
164.04
149.48
155.25
155.25
147.68
154.77
143.14
151.18
156.1
143.8
159.5
152.79
148.43
158.65
141.72
155.34
163.48
163.48
164.04
153.83
170.86
163.19
159.03
164.61
168.21
150.33
141.62
145.22
154.49
142.85
134.05
143.99
136.33
130.36
145.31
150.33
133.2
144.37
163.48
147.58
157.71
155.53
152.41
158.75
157.8
160.92
158.08
884.93
891.65
888.9
0
0.61
3.21
2.77
5.72
-0.61
1.47
3.03
-3.21
-1.82
-1.82
-163.11
-164.15
-155.4
-143.87
-143.27
-152.28
-145.87
-143.09
-149.59
-142.75
-139.71
-155.57
-144.83
-140.84
-150.11
-152.28
-158.69
-155.92
-158.61
-163.46
-162.16
-166.15
-166.58
-152.28
-147.25
-151.93
-158.69
-144.05
-149.68
-152.97
-149.68
-142.83
-154.53
-153.67
-144.13
-158.35
-156.61
-160.08
-170.31
-169.79
-161.99
-158.87
-171.61
-173.95
-161.38
-166.32
-174.55
-151.93
-163.2
-159.04
-142.92
-150.63
-167.36
-163.29
-152.63
-157.83
-154.36
-156.96
-157.13
-178.97
-178.11
-173.95
-188.16
-193.88
-171.17
-185.39
-188.07
-184.61
-184.52
-174.99
65.18
63.12
61.22
59.33
57.46
55.7
53.69
51.79
50
47.98
46.23
44.18
42.38
40.51
38.55
36.62
34.9
32.88
31.01
29.33
27.33
25.56
23.55
21.64
19.86
17.84
15.99
14.09
12.19
10.43
7.83
5.24
2.79
0
-2.63
-5.21
-7.79
-10.24
-12.27
-14.19
-15.99
-17.95
-19.75
-21.75
-23.63
-25.48
-27.43
-29.32
-31.11
-33.06
-34.94
-36.72
-38.71
-40.55
-42.44
-44.44
-46.19
-48.15
-50.07
-51.92
-53.82
-55.72
-57.61
-59.54
-61.35
-63.29
-65.19
-67.04
-68.99
-70.83
-72.75
-73.18
-73.06
-73.19
-73.17
-73.13
-73.2
-73.09
-73.18
-73.17
-73.09
-73.19
-73.07
-71.98
-69.92
-67.95
-66.03
-64.1
-62.13
-60.33
-58.43
-56.54
-54.64
-52.71
-50.86
-48.97
-47.02
-45.2
-43.29
-41.32
-39.55
-37.53
-35.73
-33.85
-31.91
-30.15
-28.28
-26.33
-24.42
-22.46
-20.68
-18.76
-16.78
-15.01
-13.07
-11.16
-8.94
-6.17
-3.76
-1.18
1.62
4.09
6.7
9.32
11.36
13.41
15.18
17.07
19.06
20.83
22.73
24.75
26.55
28.55
30.23
32.05
34.11
35.84
37.76
39.62
41.5
43.56
45.26
47.16
49.22
51
52.9
54.76
56.66
58.63
60.4
62.32
64.4
66.09
68.01
