156
68
89
173.79
179.75
177.19
178.61
175.68
182.21
179.94
174.73
182.78
176.25
175.87
187.13
177.95
167.83
190.91
178.33
163.19
176.34
171.9
154.96
174.73
171.52
168.4
161.02
166.6
170.57
163.1
172.18
178.23
166.79
173.98
187.22
173.69
180.79
205.86
189.87
186.09
187.98
184.1
172.56
185.24
173.13
158.37
165.46
171.14
148.53
159.41
172.18
150.99
148.34
159.22
155.81
152.41
154.68
162.06
150.14
155.62
166.88
156.76
160.73
170.67
158.18
150.23
169.91
155.44
140.01
155.91
155.91
145.6
129.04
142.66
981.99
963.17
959.57
1.99
7.71
3.73
5.89
3.03
5.55
6.76
3.81
4.77
8.84
0
-161.29
-146.91
-156.44
-167.79
-158.95
-148.55
-163.72
-160.86
-146.73
-161.55
-166.32
-146.13
-153.93
-151.93
-146.82
-147.08
-161.55
-148.99
-152.19
-166.75
-160.6
-148.03
-158.95
-169.7
-143.44
-153.23
-173.69
-157.83
-160.08
-183.74
-178.97
-161.99
-186.6
-184
-167.79
-176.11
-176.03
-161.9
-171.52
-178.89
-163.81
-158.95
-175.85
-165.37
-159.73
-170.13
-172.73
-173.34
-170.83
-180.62
-163.11
-156.44
-176.55
-175.85
-155.75
-174.99
-175.94
-152.19
-155.14
-167.62
-156.53
-141.01
-155.4
-151.76
-140.23
-150.03
-162.33
-164.07
-157.39
-157.65
-152.19
65.35
63.3
61.55
59.65
57.62
55.89
54.01
51.96
50.21
48.13
46.24
44.5
42.49
40.57
38.84
36.8
35.08
33.19
31.19
29.47
27.62
25.56
23.82
21.95
20.08
18.05
16.27
14.39
12.36
10.6
8.2
5.44
2.99
0.18
-2.4
-4.84
-7.58
-10.16
-11.98
-14.02
-15.79
-17.68
-19.75
-21.48
-23.36
-25.37
-27.16
-29.04
-31.03
-32.89
-34.68
-36.57
-38.55
-40.36
-42.22
-44.24
-46.03
-47.97
-49.87
-51.73
-53.66
-55.55
-57.42
-59.31
-61.21
-63.09
-64.99
-66.84
-68.74
-70.69
-72.51
-72.82
-72.92
-72.92
-72.88
-72.83
-72.95
-72.8
-72.83
-72.93
-72.83
-72.95
-72.83
-71.83
-70.08
-68.12
-66.09
-64.25
-62.33
-60.42
-58.6
-56.63
-54.74
-52.91
-50.97
-49.06
-47.24
-45.37
-43.4
-41.45
-39.69
-37.69
-35.79
-34.01
-32.08
-30.29
-28.41
-26.42
-24.59
-22.71
-20.76
-18.96
-17.06
-15.07
-13.25
-11.21
-9.06
-6.55
-3.84
-1.21
1.26
3.85
6.61
9.11
11.22
13.21
15.13
16.9
18.87
20.67
22.55
24.56
26.31
28.24
30.15
31.9
33.94
35.77
37.61
39.48
41.5
43.27
45.29
47.13
49.08
50.83
52.86
54.78
56.49
58.54
60.42
62.15
64.2
65.93
67.85
69.86
