155
68
88
200.28
196.02
176.72
173.98
170
166.5
179.09
178.23
165.94
160.35
164.42
168.59
151.93
152.22
176.82
155.06
166.6
179.09
154.96
147.96
156.57
160.26
142.47
143.52
148.91
134.05
131.22
137.74
139.16
131.03
133.77
143.52
131.03
137.55
143.99
136.61
143.7
153.26
140.87
148.72
158.56
159.69
153.73
154.58
164.61
148.91
157.89
166.98
155.44
152.12
155.91
150.61
149.76
145.79
147.39
150.23
142.29
156.67
153.26
143.89
148.15
147.11
141.72
158.27
152.6
143.8
135.19
139.07
140.49
121.66
125.26
830.53
829.49
827.69
0
9.53
7.02
5.81
3.38
5.03
3.99
6.15
4.51
2.43
-180.27
-144.74
-132.34
-146.47
-148.81
-140.84
-142.49
-154.62
-132.34
-132.34
-150.2
-143.44
-132.52
-144.39
-147.43
-136.07
-140.75
-150.29
-143.44
-142.23
-155.66
-152.19
-137.89
-153.41
-156.7
-132.43
-146.65
-157.48
-133.04
-143.7
-155.31
-144.57
-132.52
-146.21
-143.18
-127.75
-132.43
-136.07
-128.88
-134.6
-139.54
-124.72
-128.88
-144.74
-135.9
-122.29
-143.44
-141.79
-133.3
-137.46
-150.29
-136.07
-137.29
-153.06
-148.38
-122.9
-155.92
-150.03
-131.48
-153.67
-162.85
-142.14
-153.06
-163.11
-156.79
-137.11
-157.83
-156.79
-142.49
-154.1
-157.48
65.17
63.07
61.18
59.37
57.42
55.54
53.76
51.76
50
48.04
46.05
44.19
42.37
40.39
38.51
36.69
34.9
32.89
31.06
29.14
27.3
25.52
23.49
21.63
19.84
17.87
15.95
14.15
12.19
10.28
7.93
5.21
2.67
0.09
-2.64
-5.23
-7.74
-10.26
-12.26
-14.17
-15.99
-17.96
-19.85
-21.75
-23.65
-25.5
-27.44
-29.32
-31.13
-33.06
-34.92
-36.79
-38.73
-40.63
-42.44
-44.43
-46.22
-48.14
-50.11
-51.93
-53.77
-55.67
-57.65
-59.52
-61.35
-63.3
-65.24
-67.11
-69
-70.9
-72.77
-73
-72.9
-73.01
-73
-72.93
-73.01
-73.05
-72.94
-73
-72.9
-72.94
-72.94
-72.09
-69.97
-67.94
-66.02
-64.09
-62.19
-60.3
-58.4
-56.55
-54.64
-52.71
-50.88
-48.96
-46.96
-45.23
-43.3
-41.36
-39.56
-37.62
-35.69
-33.87
-31.9
-30.09
-28.25
-26.34
-24.39
-22.45
-20.72
-18.76
-16.77
-15.02
-13.05
-11.17
-8.97
-6.26
-3.78
-1.15
1.67
4.06
6.67
9.38
11.35
13.24
15.21
17.06
19.04
20.9
22.72
24.56
26.55
28.53
30.18
32.14
34.1
35.79
37.83
39.59
41.5
43.51
45.26
47.13
49.21
51.01
52.88
54.81
56.63
58.58
60.47
62.33
64.39
66.18
67.99
