156
68
89
183.72
187.98
170.86
165.18
168.59
166.69
179.46
193.56
172.56
164.42
182.11
185.33
173.32
180.32
169.06
165.84
157.42
162.72
168.21
150.23
150.14
149.76
155.06
152.31
148.25
152.41
147.11
150.61
156
148.34
162.91
183.53
170
175.96
184.29
177.1
175.96
179.65
166.79
165.75
168.68
166.13
165.37
159.41
163.19
161.68
155.34
156.57
174.26
152.6
166.5
161.49
163.29
174.26
185.24
175.21
177.19
178.23
182.4
178.8
182.3
169.53
163.67
167.73
170.95
161.02
163.1
157.23
151.65
153.64
152.69
952.95
935.54
936.11
0.35
-1.21
-2.86
-2.34
-3.81
0.95
-2.08
-3.55
-2.51
-2.08
0.17
-161.29
-162.85
-163.89
-164.24
-156.96
-158.52
-165.97
-163.2
-159.91
-174.99
-173.95
-162.68
-162.85
-169.35
-161.47
-155.23
-165.71
-151.85
-151.5
-170.57
-155.92
-160.51
-173.69
-154.01
-169.18
-175.94
-172.65
-162.59
-167.01
-183.83
-178.63
-167.62
-185.21
-186.95
-157.22
-182.96
-168.66
-149.68
-167.36
-164.15
-146.73
-147.08
-168.31
-156.7
-137.37
-163.2
-168.05
-147.17
-155.75
-162.77
-148.21
-165.45
-180.19
-179.41
-158.09
-177.67
-185.82
-154.27
-159.56
-181.75
-162.94
-152.89
-177.41
-181.92
-134.08
-169.27
-174.9
-158.35
-177.76
-164.5
-154.88
65.35
63.46
61.38
59.63
57.79
55.72
53.85
52.13
50.2
48.12
46.37
44.49
42.48
40.72
38.84
36.79
35.07
33.05
31.16
29.44
27.48
25.62
23.82
21.8
20.05
18.15
16.15
14.38
12.48
10.49
8.09
5.61
2.98
0.23
-2.24
-4.85
-7.58
-10.1
-11.99
-14.05
-15.85
-17.78
-19.68
-21.5
-23.46
-25.36
-27.18
-29.14
-30.94
-32.79
-34.78
-36.57
-38.45
-40.44
-42.24
-44.15
-46.03
-47.97
-49.84
-51.7
-53.65
-55.49
-57.45
-59.35
-61.16
-63.11
-65
-66.9
-68.8
-70.72
-72.51
-73.02
-72.9
-72.9
-73.01
-72.91
-72.89
-73.05
-73.02
-72.92
-72.9
-73
-72.81
-71.88
-70.08
-68.06
-66.12
-64.26
-62.3
-60.48
-58.59
-56.64
-54.78
-52.91
-50.98
-49.15
-47.16
-45.31
-43.49
-41.47
-39.65
-37.79
-35.83
-33.94
-32.1
-30.28
-28.34
-26.44
-24.62
-22.69
-20.83
-18.93
-16.95
-15.19
-13.27
-11.24
-9.2
-6.54
-3.84
-1.38
1.4
3.99
6.48
9.21
11.19
13.11
14.98
17
18.93
20.66
22.66
24.58
26.35
28.32
30.18
31.91
33.92
35.68
37.58
39.58
41.35
43.23
45.26
46.98
49.05
50.98
52.74
54.76
56.64
58.4
60.23
62.3
64.21
65.92
67.99
69.87
