156
68
89
176.06
175.59
150.7
148.81
151.08
150.8
140.96
157.23
154.21
132.64
143.7
161.02
141.53
147.58
171.9
158.84
142.85
158.56
168.87
141.24
148.72
153.92
140.2
138.12
148.81
138.6
126.39
141.06
132.73
122.8
137.93
156.19
134.43
138.69
154.02
161.02
148.91
168.77
158.56
162.06
167.07
171.71
158.37
160.92
177.48
160.35
148.53
156.57
158.37
143.33
143.14
142.1
140.11
143.7
146.92
155.44
153.45
163.76
153.92
160.17
168.3
158.65
174.26
170.76
167.17
170.29
149.95
146.92
148.43
135.95
132.54
908.68
897.23
902.81
4.68
6.76
4.59
5.37
6.33
7.19
1.91
7.8
4.42
5.72
3.99
-150.81
-153.06
-155.92
-155.49
-156.01
-163.46
-158.87
-154.97
-157.65
-157.57
-151.76
-144.57
-141.27
-146.65
-139.97
-142.14
-150.72
-143.18
-145.61
-159.21
-153.84
-151.33
-164.5
-162.33
-166.06
-157.22
-157.57
-151.07
-151.07
-163.55
-161.99
-150.89
-147.25
-154.36
-141.88
-145.61
-147.34
-134.51
-139.45
-157.05
-141.01
-137.98
-147.34
-152.19
-133.99
-149.33
-150.98
-146.47
-147.95
-166.23
-144.39
-148.81
-161.81
-155.31
-140.06
-161.47
-159.04
-141.01
-148.38
-150.55
-147.77
-139.02
-155.92
-158.09
-144.13
-154.19
-152.8
-150.55
-159.39
-165.89
-158.95
65.28
63.24
61.54
59.63
57.62
55.89
54.01
51.97
50.23
48.17
46.31
44.55
42.51
40.65
38.91
36.89
35.13
33.27
31.26
29.52
27.68
25.67
23.91
21.86
20.12
18.09
16.35
14.41
12.42
10.66
8.34
5.55
3.06
0.34
-2.29
-4.73
-7.44
-10.09
-11.91
-13.95
-15.75
-17.63
-19.58
-21.41
-23.28
-25.28
-27.06
-28.98
-30.88
-32.8
-34.59
-36.45
-38.48
-40.31
-42.14
-44.14
-45.95
-47.9
-49.82
-51.63
-53.56
-55.49
-57.3
-59.3
-61.1
-62.99
-64.94
-66.76
-68.68
-70.64
-72.43
-72.7
-72.72
-72.82
-72.72
-72.72
-72.8
-72.73
-72.7
-72.83
-72.74
-72.83
-72.75
-71.96
-69.99
-68.07
-66.02
-64.16
-62.23
-60.38
-58.49
-56.56
-54.67
-52.81
-50.89
-48.98
-47.11
-45.29
-43.35
-41.41
-39.63
-37.63
-35.74
-33.94
-31.99
-30.24
-28.33
-26.35
-24.52
-22.56
-20.69
-18.86
-16.87
-15
-13.17
-11.16
-8.92
-6.43
-3.74
-1.13
1.38
3.97
6.7
9.36
11.29
13.31
15.21
16.97
18.97
20.73
22.63
24.64
26.43
28.32
30.32
32.01
34
35.9
37.66
39.65
41.54
43.34
45.34
47.23
49.15
50.9
52.96
54.82
56.57
58.66
60.49
62.25
64.3
65.99
67.94
69.95
