156
68
89
173.22
185.24
159.69
162.72
168.87
164.33
158.37
184.1
164.99
139.54
161.87
165.46
151.46
161.11
164.33
145.22
148.34
150.23
155.81
134.53
140.58
152.98
137.55
154.39
150.33
143.23
153.16
160.54
161.21
154.02
163.67
165.27
156.67
159.03
171.9
155.15
157.71
165.84
155.72
149.29
158.94
147.96
135.76
145.12
152.5
137.55
147.68
156.19
152.6
144.93
154.77
147.39
148.34
149
157.23
151.08
153.92
150.42
153.45
145.6
151.84
150.7
145.69
154.96
153.45
134.15
145.12
148.81
139.35
134.05
137.93
943.11
946.99
941.03
3.55
3.99
4.42
3.73
4.42
2.69
3.9
-0.09
3.55
1.39
3.03
-150.2
-146.73
-148.73
-153.15
-150.37
-146.56
-162.94
-151.67
-138.07
-152.8
-155.83
-144.65
-147.86
-151.93
-145.61
-136.51
-144.05
-144.22
-134.86
-146.47
-145.69
-139.54
-140.32
-141.27
-137.29
-132.52
-145
-148.99
-144.22
-158.26
-165.28
-147.69
-155.49
-169.09
-149.94
-153.58
-154.19
-148.03
-146.04
-162.42
-152.28
-141.27
-144.31
-143.27
-142.14
-140.67
-150.11
-145.95
-134.86
-153.67
-146.21
-139.8
-158.35
-163.03
-148.55
-150.37
-169.79
-164.67
-153.06
-163.29
-154.01
-127.32
-163.89
-170.65
-137.29
-149.16
-155.23
-150.98
-141.27
-155.23
-146.99
65.33
63.45
61.38
59.63
57.62
55.72
54.02
51.96
50.06
48.28
46.24
44.35
42.62
40.58
38.83
36.94
34.92
33.19
31.35
29.45
27.5
25.71
23.81
21.78
20.05
18.15
16.15
14.28
12.36
10.48
8.23
5.44
2.8
0.37
-2.44
-4.87
-7.41
-10.16
-12.02
-13.95
-15.95
-17.73
-19.59
-21.5
-23.44
-25.31
-27.15
-29.15
-30.96
-32.79
-34.76
-36.57
-38.53
-40.44
-42.22
-44.24
-46.08
-47.91
-49.91
-51.72
-53.59
-55.55
-57.39
-59.28
-61.24
-63.08
-64.93
-66.84
-68.8
-70.68
-72.53
-73.03
-72.9
-72.9
-72.98
-72.9
-73
-73.04
-72.91
-73
-73.01
-72.9
-72.89
-71.93
-69.99
-68.15
-66.14
-64.2
-62.4
-60.4
-58.54
-56.64
-54.8
-52.85
-50.97
-49.17
-47.18
-45.29
-43.46
-41.5
-39.7
-37.78
-35.82
-34.03
-32.15
-30.25
-28.42
-26.51
-24.52
-22.7
-20.76
-18.85
-17.04
-15.1
-13.21
-11.33
-9.21
-6.49
-3.84
-1.42
1.39
3.99
6.44
9.21
11.2
13.11
15.13
16.87
18.77
20.77
22.53
24.56
26.46
28.21
30.16
32
33.78
35.8
37.69
39.58
41.33
43.35
45.26
47
49.05
50.95
52.75
54.75
56.47
58.38
60.4
62.17
64.06
66.06
67.86
69.69
