155
68
89
176.91
183.06
166.5
175.11
176.15
167.92
170.76
174.26
173.6
157.33
165.18
171.8
172.84
168.87
180.98
180.13
167.17
183.06
180.51
161.11
167.07
165.56
157.42
169.06
155.15
156.29
161.77
159.12
155.25
163.1
169.82
176.82
169.44
164.52
188.07
184.01
175.3
190.06
182.87
184.19
190.44
180.51
184.67
174.36
169.72
165.27
168.4
170.48
162.53
156.67
162.81
156.1
154.49
175.87
172.84
170.76
164.61
167.83
174.17
171.71
168.21
169.44
162.06
163.19
170
164.61
158.27
145.88
146.92
142.29
127.72
875.85
866.67
864.02
0.87
3.29
-0.17
0.35
2.6
-2.51
0
0.35
-1.47
0.43
0.17
-164.76
-157.05
-162.42
-168.14
-158.78
-161.38
-171.52
-157.74
-154.97
-163.03
-163.46
-157.31
-151.67
-147.17
-154.88
-154.01
-167.36
-158.69
-147.6
-176.03
-165.89
-168.23
-177.93
-178.97
-182.09
-179.49
-184.87
-183.13
-171.69
-196.31
-182.27
-173.6
-169.96
-170.91
-155.57
-169.01
-158.69
-148.64
-160.95
-163.98
-154.19
-159.99
-165.28
-164.24
-158.35
-164.85
-171.17
-163.63
-172.13
-185.21
-169.79
-164.15
-187.55
-179.23
-154.71
-160.69
-170.48
-148.73
-149.25
-159.39
-156.61
-148.81
-169.01
-161.9
-144.31
-161.21
-168.75
-159.39
-153.93
-163.63
65.24
63.17
61.29
59.38
57.49
55.76
53.76
51.81
50.06
48.01
46.15
44.25
42.36
40.56
38.6
36.72
34.96
32.96
31.06
29.21
27.37
25.6
23.57
21.7
19.91
17.89
16.04
14.16
12.24
10.34
7.93
5.28
2.82
0.09
-2.44
-5.13
-7.71
-10.18
-12.19
-14.14
-15.95
-17.94
-19.71
-21.71
-23.56
-25.4
-27.36
-29.28
-31.09
-32.99
-34.92
-36.68
-38.65
-40.49
-42.39
-44.33
-46.1
-48.09
-49.99
-51.9
-53.73
-55.62
-57.6
-59.46
-61.3
-63.23
-65.13
-67.04
-68.94
-70.76
-72.66
-72.86
-72.73
-72.84
-72.84
-72.78
-72.85
-72.74
-72.83
-72.85
-72.74
-72.83
-72.78
-71.95
-69.95
-67.9
-65.96
-64.06
-62.09
-60.25
-58.41
-56.5
-54.59
-52.61
-50.82
-48.92
-46.92
-45.16
-43.25
-41.34
-39.53
-37.56
-35.68
-33.8
-31.86
-30.08
-28.2
-26.31
-24.39
-22.41
-20.64
-18.71
-16.7
-14.96
-13.07
-11.11
-8.88
-6.06
-3.68
-1.08
1.7
4.16
6.81
9.53
11.41
13.45
15.23
17.13
19.11
20.89
22.76
24.66
26.56
28.55
30.26
32.15
34.17
35.89
37.78
39.67
41.56
43.61
45.35
47.21
49.31
51.07
52.95
54.96
56.72
58.77
60.49
62.4
64.42
66.16
68.06
