155
68
89
186.37
188.17
157.8
168.4
181.55
173.32
178.33
176.91
175.3
173.13
178.52
178.8
164.8
166.79
174.73
155.81
169.63
171.71
157.71
135.76
158.65
155.53
138.69
145.6
145.79
131.59
141.81
151.27
147.58
145.41
167.92
171.61
149.29
168.59
177.57
160.35
169.25
162.63
161.02
153.73
158.37
158.84
131.5
142
147.02
123.65
141.24
164.23
136.23
145.12
157.71
152.5
144.27
156.85
158.84
149.29
153.45
162.91
153.64
147.39
169.44
154.96
145.6
159.22
152.98
135.1
145.12
145.41
131.88
133.11
141.43
902.53
896.76
893.35
-4.85
-1.39
1.04
-0.52
-0.69
-0.17
2.86
-0.87
0.26
-2.51
1.3
-161.73
-133.04
-159.39
-169.7
-154.01
-149.94
-170.74
-159.47
-136.51
-153.84
-155.14
-134.86
-146.04
-151.33
-135.73
-143.18
-162.77
-154.45
-121.68
-156.09
-153.93
-134.43
-158.87
-160.08
-140.75
-144.39
-171.17
-164.07
-147.43
-169.87
-170.65
-146.73
-162.85
-177.41
-153.32
-151.24
-164.33
-154.62
-140.93
-162.07
-149.85
-131.65
-144.31
-151.76
-135.21
-146.13
-162.68
-162.16
-143.87
-171.87
-157.48
-146.21
-171
-180.19
-149.51
-165.28
-180.01
-163.37
-158.95
-172.39
-167.45
-141.19
-162.77
-167.19
-136.77
-148.73
-164.67
-151.5
-154.71
-163.81
65.26
63.37
61.47
59.57
57.72
55.83
53.92
52.03
50.13
48.23
46.34
44.44
42.55
40.82
38.78
36.89
35.16
33.13
31.26
29.4
27.6
25.81
23.79
21.89
20.02
18.1
16.25
14.35
12.44
10.57
8.17
5.56
2.9
0.35
-2.29
-4.88
-7.44
-9.98
-12.01
-13.93
-15.73
-17.7
-19.62
-21.49
-23.35
-25.2
-27.16
-29.06
-30.96
-32.78
-34.66
-36.51
-38.48
-40.29
-42.2
-44.15
-46
-47.91
-49.82
-51.71
-53.56
-55.42
-57.38
-59.25
-61.09
-63.05
-64.9
-66.8
-68.71
-70.57
-72.43
-72.68
-72.64
-72.65
-72.64
-72.64
-72.62
-72.63
-72.67
-72.65
-72.57
-72.64
-72.63
-72.02
-70.02
-68.02
-66.07
-64.17
-62.23
-60.37
-58.5
-56.63
-54.7
-52.79
-50.98
-49.05
-47.13
-45.29
-43.41
-41.46
-39.62
-37.6
-35.8
-33.93
-31.98
-30.21
-28.32
-26.44
-24.52
-22.54
-20.78
-18.88
-16.96
-15.07
-13.16
-11.24
-9.02
-6.31
-3.92
-1.26
1.44
3.98
6.55
9.23
11.27
13.21
15.07
16.97
18.97
20.78
22.65
24.51
26.43
28.43
30.11
31.98
34.05
35.76
37.64
39.56
41.45
43.34
45.22
47.08
48.98
50.92
52.87
54.67
56.56
58.67
60.34
62.25
64.32
65.99
67.9
