156
68
89
162.25
175.96
162.34
167.73
172.75
178.33
163.1
187.13
170.95
163.29
163.67
158.65
152.5
146.16
157.89
146.92
146.83
150.61
144.08
149.95
148.91
148.91
151.84
147.3
150.14
149.95
153.83
158.75
155.53
157.61
166.31
172.18
162.72
155.25
171.04
164.33
146.07
161.68
154.58
144.93
153.07
151.37
141.34
143.7
149.19
145.69
148.06
152.6
150.61
142.95
161.87
150.14
154.39
160.92
150.52
166.69
153.26
154.21
162.53
138.97
153.45
138.12
144.65
151.46
141.15
145.6
147.49
145.31
155.06
148.53
142.95
925.7
921.64
915.3
-14.39
-15.17
-11.35
-16.03
-10.23
-10.57
-12.83
-6.33
-9.53
-13.43
-9.97
-170.48
-175.33
-175.16
-173.69
-169.79
-165.19
-170.13
-170.83
-167.19
-166.58
-174.47
-166.93
-169.79
-176.63
-174.21
-173.69
-175.33
-171.78
-155.57
-168.57
-169.27
-154.1
-150.46
-182.01
-169.35
-162.85
-176.2
-178.37
-164.85
-184.17
-185.21
-173.51
-181.75
-194.57
-183.31
-176.29
-184.26
-179.58
-178.71
-182.01
-175.59
-163.03
-171.87
-163.98
-160.25
-162.51
-171.17
-164.5
-160.86
-169.87
-167.45
-160.34
-177.07
-180.79
-165.45
-167.97
-189.46
-167.1
-161.12
-190.07
-175.77
-161.55
-174.03
-165.97
-159.47
-161.12
-178.02
-160.95
-155.75
-170.22
-169.35
65.34
63.31
61.42
59.65
57.62
55.75
54.02
51.96
50.06
48.3
46.25
44.52
42.65
40.6
38.85
36.97
34.95
33.07
31.32
29.47
27.51
25.73
23.86
21.82
20.07
18.05
16.16
14.4
12.39
10.5
8.21
5.45
2.84
0.38
-2.4
-4.81
-7.39
-10.14
-11.95
-13.88
-15.92
-17.78
-19.58
-21.5
-23.42
-25.36
-27.17
-29.16
-30.95
-32.89
-34.73
-36.53
-38.52
-40.44
-42.21
-44.22
-46.13
-47.91
-49.89
-51.69
-53.56
-55.52
-57.4
-59.26
-61.2
-63.1
-64.91
-66.79
-68.73
-70.63
-72.48
-72.9
-72.8
-72.9
-72.87
-72.76
-72.92
-72.9
-72.78
-72.87
-72.87
-72.78
-72.79
-71.95
-70.04
-68.09
-66.09
-64.17
-62.33
-60.46
-58.53
-56.61
-54.78
-52.83
-50.95
-49.12
-47.13
-45.32
-43.47
-41.49
-39.7
-37.76
-35.8
-33.97
-32.13
-30.21
-28.36
-26.41
-24.5
-22.7
-20.73
-18.84
-17.04
-15.16
-13.14
-11.23
-9.16
-6.42
-3.84
-1.34
1.4
3.86
6.48
9.23
11.22
13.14
15.13
16.92
18.8
20.8
22.58
24.6
26.45
28.28
30.18
32.06
33.82
35.67
37.7
39.62
41.35
43.39
45.26
46.99
49.05
50.85
52.77
54.78
56.5
58.42
60.42
62.15
64.09
66.12
67.84
69.87
