155
68
89
196.12
197.34
175.87
180.88
184.48
156.29
190.53
185.99
153.07
164.8
163.95
151.37
148.72
156.38
156.19
140.11
152.31
166.03
151.18
138.6
159.03
153.54
146.07
161.87
147.49
147.2
158.75
160.17
150.14
153.07
152.12
147.11
146.54
155.15
158.08
147.3
166.79
156.67
147.87
146.16
151.75
144.08
141.72
142.19
149.95
141.81
153.07
169.06
147.58
156.29
157.52
140.11
154.77
154.11
146.73
151.37
148.91
146.73
148.15
145.03
153.83
145.41
145.31
167.73
152.22
163
164.52
165.37
171.04
171.04
167.92
878.5
878.97
879.06
4.16
2.6
4.07
4.07
3.81
5.55
3.81
6.85
2.25
5.29
-2.69
-163.37
-161.99
-154.88
-159.99
-147.34
-145.61
-162.16
-143.27
-135.47
-162.16
-148.9
-137.11
-142.23
-157.91
-140.49
-141.97
-158.95
-154.88
-128.44
-155.92
-151.07
-135.73
-153.06
-141.36
-127.92
-143.7
-147.25
-128.27
-129.74
-151.33
-152.11
-130.78
-155.4
-166.93
-136.07
-151.33
-160.86
-144.57
-145.43
-170.31
-150.46
-132.95
-156.27
-146.3
-127.84
-142.14
-148.64
-135.47
-139.28
-147.77
-128.62
-134.43
-161.99
-144.83
-118.65
-147.6
-156.61
-140.23
-143.27
-163.63
-155.66
-135.21
-167.01
-174.21
-140.06
-164.85
-166.41
-154.71
-160.51
-154.97
65.2
63.24
61.22
59.32
57.57
55.58
53.72
51.88
49.86
48.01
46.18
44.21
42.35
40.51
38.56
36.66
34.94
32.93
31.03
29.33
27.35
25.42
23.6
21.68
19.84
17.96
16.02
14.24
12.27
10.33
7.81
5.36
2.59
0.03
-2.52
-5.18
-7.78
-10.28
-12.22
-14.19
-15.97
-17.95
-19.85
-21.65
-23.59
-25.52
-27.33
-29.28
-31.09
-32.99
-34.91
-36.69
-38.63
-40.58
-42.43
-44.35
-46.17
-48.14
-50
-51.91
-53.8
-55.65
-57.6
-59.48
-61.29
-63.28
-65.15
-67
-68.94
-70.85
-72.67
-73.04
-72.95
-72.99
-73.04
-72.97
-72.98
-73.07
-73.05
-73.02
-72.91
-73.04
-72.9
-72.02
-69.92
-68
-66
-64.06
-62.11
-60.29
-58.42
-56.46
-54.62
-52.67
-50.82
-48.94
-47.04
-45.18
-43.3
-41.36
-39.5
-37.6
-35.7
-33.76
-31.87
-30.13
-28.18
-26.21
-24.39
-22.46
-20.67
-18.74
-16.76
-14.99
-13.06
-11.05
-8.91
-6.27
-3.67
-1.11
1.67
4.17
6.77
9.47
11.43
13.32
15.21
17.13
19.1
20.86
22.81
24.75
26.55
28.49
30.26
32.12
34.19
35.84
37.8
39.77
41.54
43.43
45.39
47.19
49.25
51.14
52.95
54.78
56.77
58.66
60.4
62.43
64.26
66.14
68.12
