155
68
89
171.04
177.57
151.27
156.95
158.08
147.58
153.07
159.6
153.45
141.15
149.1
159.98
139.73
145.31
160.45
140.11
138.69
146.92
138.31
131.97
137.93
142.85
137.74
138.88
141.62
141.34
141.06
148.43
150.99
137.93
160.17
168.3
153.35
165.75
174.07
168.4
162.72
180.41
161.87
158.18
156.76
155.34
143.61
137.93
146.16
132.26
135.95
141.72
135.57
135
137.55
140.2
142.66
139.83
159.12
161.02
157.8
159.69
156.67
155.62
158.18
149.38
150.89
143.42
140.77
144.84
137.18
132.92
134.34
122.61
129.14
854.85
852.95
851.82
5.46
3.99
6.76
3.81
4.59
1.21
4.59
4.33
9.62
7.97
5.81
-143.35
-136.16
-139.45
-141.79
-134.95
-142.75
-146.13
-139.97
-145.69
-151.33
-142.4
-141.71
-126.45
-133.47
-122.9
-122.9
-128.7
-123.16
-123.33
-126.71
-124.8
-126.88
-140.93
-142.31
-129.4
-138.33
-152.8
-143.7
-135.38
-160.17
-160.34
-143.18
-155.83
-152.28
-145.43
-146.13
-146.73
-141.27
-134.43
-157.31
-136.07
-128.53
-142.57
-140.84
-120.82
-136.59
-147.34
-133.56
-136.51
-147.6
-137.55
-130.35
-153.75
-145.61
-122.55
-143.96
-147.17
-124.72
-135.29
-151.41
-140.58
-129.22
-147.86
-144.83
-118.74
-143.18
-150.72
-142.92
-146.13
-161.21
65.28
63.21
61.35
59.59
57.6
55.85
53.96
51.92
50.18
48.24
46.22
44.33
42.58
40.69
38.68
36.92
35.05
33.04
31.28
29.43
27.46
25.67
23.65
21.78
20.02
17.99
16.12
14.36
12.32
10.56
8.19
5.41
2.92
0.36
-2.46
-5.01
-7.48
-10.1
-12.09
-13.95
-15.83
-17.82
-19.61
-21.51
-23.46
-25.33
-27.27
-29.17
-30.98
-32.89
-34.79
-36.57
-38.61
-40.39
-42.23
-44.27
-46.07
-47.93
-49.93
-51.79
-53.62
-55.54
-57.49
-59.35
-61.2
-63.16
-64.99
-66.87
-68.79
-70.69
-72.59
-72.97
-72.9
-72.99
-72.98
-72.9
-73
-72.89
-72.89
-72.97
-72.9
-72.9
-72.94
-72.09
-70.06
-68.12
-66.16
-64.23
-62.32
-60.5
-58.57
-56.68
-54.85
-52.89
-51.05
-49.15
-47.2
-45.41
-43.5
-41.52
-39.72
-37.71
-35.86
-34.06
-32.07
-30.27
-28.45
-26.54
-24.56
-22.63
-20.86
-18.88
-16.97
-15.2
-13.19
-11.38
-9.28
-6.42
-4.03
-1.42
1.4
3.78
6.45
9.21
11.17
13.21
15.08
16.86
18.88
20.77
22.52
24.51
26.43
28.33
30.04
31.98
33.91
35.65
37.69
39.43
41.33
43.39
45.11
46.95
49.04
50.81
52.71
54.73
56.45
58.54
60.34
62.14
64.2
66.04
67.8
