155
68
88
159.03
169.44
150.14
146.73
156.95
141.72
136.99
152.79
149
117.12
136.51
140.58
126.96
126.49
141.43
124.88
112.3
129.14
128.19
108.13
130.46
147.39
126.11
132.64
143.7
136.33
127.72
145.79
138.22
117.5
133.49
144.65
118.07
131.31
147.02
128.57
128.66
141.72
133.01
108.7
126.49
123.27
112.86
122.04
137.08
121.09
115.04
140.68
134.24
116.27
131.88
140.58
124.78
133.68
139.26
123.65
119.58
140.58
126.2
112.2
126.2
127.81
111.63
126.39
136.23
115.7
124.22
119.2
118.44
115.99
124.5
732.14
725.99
725.43
4.77
4.16
2.77
6.5
7.8
4.07
4.51
6.33
2.95
3.12
-98.46
-127.92
-114.92
-128.36
-130.44
-121.51
-124.28
-129.05
-118.65
-114.06
-127.84
-125.93
-118.39
-130.18
-133.82
-117.78
-132.43
-132.86
-110.85
-122.98
-127.4
-109.29
-111.8
-116.4
-112.32
-100.8
-117.61
-115.7
-106.34
-120.12
-133.73
-123.24
-120.9
-138.85
-130
-119.34
-138.5
-133.13
-121.25
-140.75
-140.32
-123.59
-124.54
-139.19
-125.06
-116.4
-130.52
-121.16
-106.86
-138.07
-128.01
-107.47
-123.85
-141.53
-133.13
-122.98
-146.56
-141.45
-130.35
-139.71
-147.69
-133.39
-144.48
-156.7
-134.08
-141.1
-152.54
-145.09
-134.86
-146.65
-132.43
65.11
63.16
61.22
59.51
57.5
55.58
53.78
51.79
49.87
48.08
46.1
44.37
42.4
40.46
38.58
36.74
34.95
32.92
31.11
29.33
27.36
25.55
23.57
21.69
19.85
17.91
16.01
14.26
12.25
10.34
7.98
5.29
2.62
0.06
-2.59
-5.04
-7.64
-10.29
-12.22
-14.12
-15.99
-17.94
-19.78
-21.62
-23.58
-25.49
-27.38
-29.28
-31.1
-33.03
-34.9
-36.67
-38.71
-40.57
-42.38
-44.41
-46.27
-48.1
-50.05
-51.82
-53.73
-55.68
-57.61
-59.46
-61.3
-63.28
-65.1
-66.96
-68.95
-70.84
-72.66
-72.82
-72.74
-72.83
-72.83
-72.73
-72.8
-72.85
-72.8
-72.81
-72.83
-72.83
-72.81
-71.94
-69.91
-67.92
-65.94
-64.03
-62.1
-60.25
-58.37
-56.43
-54.58
-52.65
-50.83
-48.92
-47
-45.18
-43.23
-41.26
-39.54
-37.55
-35.63
-33.81
-31.96
-30.08
-28.2
-26.22
-24.35
-22.49
-20.67
-18.7
-16.73
-14.98
-13.03
-11.02
-8.91
-6.21
-3.75
-1.09
1.65
4.14
6.72
9.5
11.39
13.35
15.27
17.08
19
20.93
22.76
24.78
26.64
28.41
30.25
32.21
34.12
35.87
37.86
39.79
41.55
43.56
45.3
47.21
49.16
51.05
52.95
54.95
56.72
58.6
60.53
62.37
64.26
66.22
68.06
