155
68
88
144.74
154.68
139.92
142.57
147.68
140.01
136.51
150.23
141.24
134.81
133.39
140.77
127.81
131.78
143.42
121.57
126.3
138.69
133.58
120.05
134.81
133.68
129.42
119.96
128.57
131.97
126.77
133.87
132.54
124.4
140.11
140.77
124.4
125.35
144.37
130.74
127.34
129.99
129.51
118.92
126.3
128
117.21
124.88
132.07
125.82
122.32
135.19
125.45
125.26
132.92
129.8
114.57
126.96
136.14
119.77
130.93
133.49
119.67
129.89
134.43
120.24
124.59
136.99
123.08
120.53
127.72
134.05
127.15
119.3
129.42
781.43
773.2
767.53
6.76
1.82
3.55
4.59
7.89
4.85
4.51
5.46
2.08
5.37
-197.26
-144.13
-130
-137.89
-136.51
-122.2
-125.15
-135.9
-125.84
-120.21
-135.99
-139.28
-117
-119.78
-135.81
-115.96
-121.6
-133.21
-120.64
-119.17
-128.7
-126.62
-116.48
-124.8
-124.28
-120.3
-125.32
-131.56
-109.38
-121.68
-130.52
-129.14
-126.19
-132.08
-141.01
-126.45
-126.19
-135.73
-127.84
-124.54
-141.45
-120.3
-125.15
-134.34
-127.58
-120.9
-135.29
-126.8
-122.46
-132.43
-133.82
-123.33
-131.91
-143.61
-136.59
-124.28
-141.36
-136.77
-129.05
-133.65
-133.99
-136.59
-125.41
-144.05
-143.09
-125.76
-132.6
-142.14
-132
-138.15
-128.18
64.98
63.11
61.28
59.29
57.45
55.69
53.66
51.73
50.02
47.97
46.07
44.24
42.27
40.54
38.62
36.65
34.82
32.99
31.01
29.1
27.39
25.54
23.52
21.71
19.75
17.84
16.01
14.09
12.19
10.42
7.9
5.18
2.7
-0.01
-2.64
-5.18
-7.8
-10.26
-12.19
-14.19
-16.12
-17.93
-19.88
-21.74
-23.57
-25.5
-27.44
-29.27
-31.12
-33.07
-34.89
-36.82
-38.72
-40.55
-42.44
-44.43
-46.19
-48.18
-50.1
-51.9
-53.8
-55.73
-57.61
-59.53
-61.42
-63.28
-65.2
-67.03
-68.97
-70.82
-72.74
-73.08
-73.04
-73.14
-73.09
-73.14
-73.14
-73.01
-73.14
-73.14
-73.07
-73.14
-73.05
-71.97
-69.99
-67.95
-65.96
-64.1
-62.19
-60.27
-58.43
-56.53
-54.59
-52.65
-50.87
-48.96
-46.98
-45.22
-43.28
-41.39
-39.54
-37.56
-35.74
-33.86
-31.93
-30.13
-28.25
-26.28
-24.43
-22.52
-20.65
-18.8
-16.88
-14.97
-13.12
-11.18
-8.87
-6.16
-3.78
-1.08
1.65
4.09
6.78
9.3
11.34
13.41
15.17
17
19.05
20.83
22.73
24.69
26.52
28.38
30.29
32.08
33.97
35.9
37.73
39.63
41.58
43.57
45.26
47.24
49.08
50.98
52.97
54.78
56.64
58.67
60.4
62.33
64.33
66.11
68.02
