156
68
89
194.7
212.01
196.68
190.82
187.13
185.14
169.91
188.17
201.03
165.56
165.18
160.73
151.75
146.35
151.65
142.1
136.89
142.29
145.6
136.51
138.97
151.37
146.16
153.16
150.33
149.29
160.92
153.73
144.27
150.52
154.3
151.93
156.38
138.88
143.99
150.33
137.93
137.46
144.18
140.11
142.47
134.34
132.26
140.68
141.34
146.26
142.57
157.52
156.57
148.91
146.92
147.11
135.38
148.91
166.41
154.02
150.42
158.75
161.68
136.89
137.18
142.19
140.2
144.84
154.96
139.92
138.78
156.19
159.6
150.99
160.73
920.22
903.76
905.46
-15.95
-11.01
-9.45
-10.66
-10.4
-12.83
-13.78
-18.63
-17.77
-10.4
-10.49
-176.55
-169.18
-163.11
-167.27
-154.79
-167.88
-168.49
-157.65
-164.33
-174.81
-168.92
-167.1
-173.34
-174.47
-159.39
-167.88
-164.41
-152.11
-155.49
-166.84
-150.2
-151.41
-164.85
-163.89
-149.07
-165.02
-163.63
-150.72
-165.63
-169.18
-174.9
-163.11
-175.33
-178.97
-162.68
-179.41
-179.23
-167.01
-175.51
-185.04
-162.33
-155.66
-177.5
-162.51
-163.37
-172.39
-177.33
-167.71
-171.78
-173.25
-172.91
-156.53
-182.18
-173.77
-172.04
-192.49
-200.12
-180.19
-200.12
-197.87
-193.19
-193.19
-194.57
-186.43
-177.76
-198.04
-185.04
-189.55
-191.28
-187.64
-174.38
65.21
63.54
61.45
59.69
57.85
55.79
54.06
52.16
50.28
48.19
46.45
44.5
42.53
40.79
38.89
36.87
35.11
33.13
31.21
29.51
27.56
25.67
23.89
21.87
19.97
18.22
16.21
14.38
12.51
10.53
8.29
5.68
3.05
0.29
-2.16
-4.74
-7.49
-10.03
-11.92
-13.95
-15.75
-17.75
-19.61
-21.44
-23.38
-25.3
-27.1
-29.09
-30.91
-32.75
-34.7
-36.48
-38.42
-40.37
-42.15
-44.17
-45.99
-47.94
-49.74
-51.66
-53.59
-55.42
-57.32
-59.29
-61.12
-63.08
-64.9
-66.75
-68.73
-70.63
-72.45
-72.86
-72.88
-72.78
-72.87
-72.77
-72.79
-72.88
-72.76
-72.76
-72.76
-72.88
-72.71
-71.92
-70.02
-68.01
-66.01
-64.19
-62.25
-60.4
-58.53
-56.55
-54.72
-52.88
-50.91
-49.07
-47.1
-45.28
-43.43
-41.43
-39.57
-37.69
-35.78
-33.9
-32.02
-30.25
-28.28
-26.38
-24.55
-22.58
-20.72
-18.88
-16.97
-15.14
-13.19
-11.19
-9.13
-6.47
-3.77
-1.3
1.49
4.11
6.53
9.3
11.38
13.14
15.19
17.04
18.87
20.72
22.73
24.63
26.41
28.41
30.22
31.95
34.01
35.74
37.64
39.63
41.42
43.31
45.29
47.07
49.12
51.01
52.8
54.81
56.71
58.46
60.45
62.38
64.29
65.98
68.06
69.92
