155
68
88
203.02
203.78
167.83
187.22
190.25
166.98
177.38
191.57
176.15
168.77
165.46
175.02
163.29
176.06
172.94
162.25
169.53
172.27
168.11
165.18
166.88
174.26
173.79
167.45
168.96
176.44
165.65
155.72
173.5
179.28
166.31
168.77
182.97
178.52
168.68
179.46
173.69
166.6
172.56
163.95
155.91
175.96
167.36
157.89
168.11
153.35
154.77
173.13
152.98
159.98
171.61
161.4
167.45
172.65
174.36
153.45
162.06
163
146.92
151.56
170.1
152.79
138.69
159.12
148.53
138.78
148.06
158.08
132.26
133.58
157.52
895.81
896.38
893.92
0.26
3.64
3.99
4.07
-1.39
1.73
0.43
6.93
1.56
-2.6
-156.27
-163.63
-145.26
-167.53
-151.5
-146.82
-163.63
-170.57
-152.11
-163.72
-178.97
-158
-167.97
-178.63
-170.91
-155.83
-184.17
-178.63
-167.53
-182.7
-180.01
-163.2
-165.45
-170.39
-163.89
-161.47
-178.19
-167.62
-170.31
-177.93
-172.99
-170.65
-183.31
-181.57
-188.42
-189.29
-181.31
-194.14
-189.81
-190.33
-188.51
-197.52
-173.51
-169.18
-178.45
-174.9
-178.37
-175.16
-181.14
-183.13
-177.15
-167.71
-189.29
-184.87
-187.12
-171.17
-198.91
-185.73
-175.07
-196.22
-187.03
-174.03
-185.04
-197.35
-177.93
-172.3
-191.11
-191.89
-167.79
-207.14
-204.97
65.17
63.18
61.25
59.46
57.53
55.63
53.83
51.86
50.08
48.1
46.13
44.26
42.45
40.61
38.58
36.79
34.96
32.96
31.12
29.21
27.38
25.56
23.63
21.68
19.93
17.94
16.06
14.21
12.25
10.36
7.99
5.28
2.84
0.17
-2.59
-5.14
-7.65
-10.29
-12.18
-14.09
-15.98
-17.9
-19.75
-21.71
-23.54
-25.46
-27.37
-29.27
-31.07
-32.97
-34.88
-36.7
-38.63
-40.55
-42.34
-44.38
-46.14
-48.05
-50.02
-51.89
-53.72
-55.66
-57.54
-59.4
-61.26
-63.21
-65.07
-66.97
-68.93
-70.79
-72.64
-72.95
-72.87
-72.93
-72.95
-72.88
-72.95
-72.87
-72.9
-72.95
-72.83
-72.89
-72.87
-71.99
-69.91
-67.94
-65.94
-63.99
-62.05
-60.24
-58.34
-56.46
-54.57
-52.62
-50.83
-48.9
-46.95
-45.19
-43.22
-41.28
-39.5
-37.53
-35.63
-33.79
-31.84
-30.04
-28.19
-26.3
-24.31
-22.45
-20.62
-18.66
-16.7
-14.97
-12.97
-11.09
-8.86
-6.14
-3.69
-1.11
1.75
4.15
6.79
9.49
11.43
13.44
15.31
17.12
19.1
20.95
22.78
24.69
26.64
28.46
30.28
32.21
34.17
35.91
37.89
39.67
41.56
43.58
45.32
47.2
49.29
51.07
52.96
54.9
56.74
58.65
60.54
62.37
64.48
66.23
68.03
