156
68
89
222.89
230.46
194.51
203.12
220.24
183.72
198.39
226.96
178.14
155.53
191.95
181.83
143.61
178.61
196.12
138.31
160.73
180.51
142.57
131.88
158.65
148.72
132.35
156.67
162.63
143.99
147.49
163
146.64
138.69
161.58
142.29
139.54
156.29
161.11
153.64
160.83
178.23
141.91
142.38
161.58
142.47
123.08
148.15
155.25
135.76
168.87
169.44
139.54
148.53
158.27
144.74
135.76
158.94
150.33
133.39
148.43
157.33
137.08
140.2
150.23
135.85
143.61
152.79
143.14
134.43
152.79
148.15
145.41
146.64
151.46
884.93
880.86
880.96
2.6
2.43
3.21
5.37
4.07
-1.47
2.77
5.98
1.56
7.54
1.65
-164.15
-141.19
-141.36
-156.18
-142.4
-135.9
-161.47
-158.35
-136.59
-150.81
-156.01
-136.77
-137.98
-148.73
-148.64
-138.59
-161.03
-154.79
-141.79
-159.56
-156.44
-140.06
-146.82
-158.87
-135.38
-132.95
-153.93
-144.22
-130.96
-147.43
-168.92
-133.73
-143.18
-165.37
-148.73
-142.92
-161.21
-157.74
-146.39
-162.85
-165.54
-132.69
-153.32
-167.36
-147.51
-145.17
-162.51
-159.3
-140.84
-165.45
-165.71
-126.54
-152.54
-171.78
-152.19
-160.69
-175.68
-171.17
-160.25
-186.25
-189.2
-144.91
-186.43
-219.1
-155.05
-190.41
-193.97
-194.83
-185.39
-201.07
-170.57
65.22
63.18
61.44
59.53
57.54
55.79
53.77
51.88
50.08
48.1
46.2
44.45
42.4
40.56
38.81
36.76
34.91
33.18
31.12
29.43
27.62
25.55
23.79
21.95
20.02
18
16.28
14.37
12.35
10.58
8.21
5.43
2.95
0.23
-2.43
-4.85
-7.59
-10.18
-12.02
-14.04
-15.81
-17.75
-19.7
-21.47
-23.37
-25.39
-27.18
-29.06
-30.96
-32.88
-34.68
-36.58
-38.55
-40.37
-42.24
-44.24
-46.01
-48.01
-49.9
-51.7
-53.68
-55.54
-57.4
-59.34
-61.19
-63.11
-65.01
-66.84
-68.75
-70.71
-72.52
-72.73
-72.73
-72.83
-72.74
-72.73
-72.83
-72.72
-72.75
-72.83
-72.75
-72.84
-72.78
-71.98
-70.06
-68.18
-66.09
-64.27
-62.33
-60.44
-58.65
-56.65
-54.75
-52.91
-50.98
-49.09
-47.25
-45.39
-43.42
-41.5
-39.72
-37.77
-35.83
-34.04
-32.07
-30.32
-28.4
-26.45
-24.63
-22.69
-20.76
-18.96
-16.94
-15.08
-13.31
-11.31
-9.09
-6.54
-3.89
-1.26
1.28
3.85
6.6
9.22
11.18
13.24
15.12
16.87
18.87
20.67
22.54
24.56
26.35
28.22
30.15
31.87
33.92
35.79
37.56
39.6
41.47
43.24
45.26
47.11
48.88
50.81
52.88
54.74
56.47
58.55
60.38
62.13
64.23
65.92
67.81
69.88
