155
68
89
194.89
202.83
201.98
186.75
195.17
189.59
177.19
190.63
182.21
174.45
183.25
189.4
185.52
177.1
184.1
174.17
163.76
173.79
173.98
150.8
160.83
171.8
163.67
166.88
171.71
173.69
163.76
174.07
170.1
170
168.87
173.6
171.04
177.38
191.1
183.06
174.26
183.53
166.88
166.79
179.09
177.1
162.34
163.19
171.42
162.44
162.72
169.15
169.15
157.61
161.68
154.58
152.88
168.4
156.19
156.29
156.29
170.76
155.62
157.04
165.18
144.08
146.73
156
158.56
146.26
150.7
159.98
144.56
138.12
152.22
852.48
846.9
844.16
-2.86
1.82
-2.17
1.39
5.03
-2.51
3.73
-0.52
1.3
3.81
1.99
-163.55
-142.23
-155.57
-168.31
-144.57
-148.12
-174.81
-149.85
-141.45
-167.45
-167.62
-147.25
-159.56
-163.03
-143.09
-150.2
-165.11
-148.81
-150.37
-165.19
-159.21
-150.46
-163.46
-156.44
-142.4
-160.25
-162.42
-147.17
-155.92
-176.89
-170.83
-157.57
-182.09
-185.39
-159.91
-181.92
-179.58
-153.75
-167.36
-178.63
-167.79
-169.18
-185.91
-169.96
-159.13
-173.17
-164.59
-148.03
-167.53
-181.49
-154.79
-164.07
-183.91
-175.42
-150.29
-186.77
-194.49
-165.8
-187.99
-196.48
-174.9
-161.9
-197.35
-187.64
-178.11
-195.87
-187.03
-181.05
-189.98
-174.99
65.1
63.24
61.45
59.39
57.57
55.82
53.79
51.92
50.15
48.08
46.29
44.27
42.44
40.67
38.66
36.72
34.85
32.97
31.26
29.25
27.44
25.63
23.63
21.87
19.84
17.99
16.21
14.2
12.28
10.53
7.98
5.35
2.73
0.15
-2.34
-5.06
-7.65
-10.12
-12.16
-14.1
-16.01
-17.87
-19.68
-21.66
-23.51
-25.37
-27.32
-29.21
-31.12
-32.93
-34.75
-36.71
-38.62
-40.41
-42.34
-44.3
-46.08
-48.04
-49.88
-51.82
-53.73
-55.59
-57.52
-59.41
-61.29
-63.21
-65.02
-66.96
-68.88
-70.7
-72.59
-72.8
-72.8
-72.8
-72.7
-72.82
-72.79
-72.72
-72.8
-72.78
-72.8
-72.78
-72.65
-71.91
-69.85
-67.85
-65.95
-64.02
-62.09
-60.2
-58.32
-56.44
-54.52
-52.59
-50.78
-48.88
-46.92
-45.12
-43.13
-41.28
-39.47
-37.43
-35.61
-33.76
-31.85
-30.04
-28.08
-26.25
-24.3
-22.38
-20.6
-18.66
-16.77
-14.9
-12.9
-11.06
-8.83
-6.04
-3.63
-0.97
1.77
4.23
7
9.44
11.46
13.51
15.26
17.14
19.07
20.93
22.94
24.74
26.62
28.63
30.32
32.2
34.06
35.94
38
39.72
41.56
43.66
45.39
47.26
49.19
51.1
53.13
54.88
56.73
58.83
60.5
62.42
64.31
66.21
68.23
