155
68
89
154.11
153.83
142
143.99
151.08
156.1
156.95
164.71
166.41
151.84
163.1
165.75
156.48
156.19
165.56
152.5
136.7
156.29
147.02
130.93
131.5
122.32
122.7
121.19
131.22
134.91
123.93
124.22
131.31
122.23
136.89
138.5
136.04
134.34
146.73
147.58
142.95
143.04
140.01
127.34
139.54
124.5
122.99
134.15
124.59
119.11
129.42
128.85
133.49
129.61
122.99
118.63
133.96
118.07
132.92
131.69
141.62
130.27
140.01
141.81
141.15
130.65
136.51
136.61
138.97
137.37
128.47
129.04
127.53
117.97
119.11
801.68
789.1
787.58
-0.69
2.25
2.34
-0.87
1.39
1.99
0.95
0.43
1.99
-0.35
0.52
-144.22
-139.11
-144.13
-140.49
-138.67
-140.84
-148.9
-136.68
-144.05
-155.14
-148.81
-138.5
-132.86
-135.9
-131.82
-135.47
-131.13
-126.36
-129.22
-139.89
-135.21
-124.54
-136.51
-141.27
-129.57
-127.23
-148.55
-133.3
-133.65
-148.81
-150.55
-144.48
-152.54
-146.91
-138.15
-134.86
-140.67
-126.45
-126.02
-139.63
-128.88
-125.67
-134.6
-129.22
-125.32
-138.33
-135.73
-135.81
-144.13
-152.8
-148.29
-150.63
-164.59
-160.95
-138.5
-166.84
-161.9
-152.63
-169.53
-165.97
-152.19
-159.3
-160.6
-151.15
-131.56
-156.61
-144.91
-136.07
-144.74
-153.58
65.27
63.22
61.5
59.42
57.56
55.8
53.76
51.88
50.13
48.09
46.19
44.31
42.4
40.66
38.65
36.75
35
32.99
31.13
29.27
27.47
25.67
23.62
21.73
19.98
17.97
16.19
14.12
12.29
10.54
7.99
5.35
2.91
0.14
-2.5
-5.04
-7.64
-10.14
-12.14
-14.1
-15.89
-17.88
-19.68
-21.64
-23.54
-25.37
-27.3
-29.21
-31.04
-32.94
-34.84
-36.63
-38.59
-40.44
-42.34
-44.3
-46.06
-48.07
-49.99
-51.83
-53.72
-55.56
-57.51
-59.4
-61.24
-63.18
-65.02
-66.94
-68.88
-70.73
-72.63
-72.97
-72.87
-72.99
-72.97
-72.94
-72.96
-72.87
-72.98
-72.96
-72.88
-72.97
-72.8
-71.87
-69.83
-67.8
-65.88
-63.98
-62.04
-60.2
-58.31
-56.44
-54.49
-52.56
-50.75
-48.85
-46.92
-45.1
-43.2
-41.27
-39.43
-37.43
-35.63
-33.74
-31.79
-30.06
-28.08
-26.23
-24.32
-22.3
-20.58
-18.66
-16.69
-14.9
-12.98
-11.04
-8.81
-6.02
-3.63
-0.99
1.77
4.25
6.86
9.46
11.48
13.53
15.29
17.17
19.18
20.93
22.83
24.82
26.61
28.65
30.3
32.19
34.21
35.94
37.89
39.74
41.63
43.69
45.39
47.27
49.39
51.13
53.13
54.87
56.76
58.84
60.55
62.45
64.51
66.19
68.11
