156
68
89
193.56
210.49
174.55
171.52
180.41
175.3
168.59
198.86
192.33
164.71
190.44
207.75
187.32
205.58
217.87
199.99
186.84
206.81
203.49
157.14
174.26
180.41
146.73
163.67
169.34
156.57
144.56
150.7
145.69
135.19
153.45
165.08
144.37
151.84
182.49
157.42
166.13
203.78
181.07
161.4
180.6
184.01
154.96
167.17
176.34
146.92
149.95
162.44
152.5
126.2
140.01
141.15
129.8
146.26
153.73
132.16
144.93
156.1
154.58
152.12
168.4
175.21
155.53
179.75
179.65
150.14
155.06
156.85
145.12
128.66
134.34
922.77
917.95
912.65
2.25
-0.69
-2.95
-0.52
0.35
0.87
2.25
2.95
-0.35
1.13
1.73
-158.95
-142.49
-138.67
-164.24
-148.29
-139.19
-155.23
-147.6
-132.86
-145.52
-142.4
-128.62
-127.66
-133.04
-134.77
-133.82
-143.01
-133.99
-124.63
-142.83
-144.13
-130.52
-150.63
-160.51
-148.99
-156.27
-165.37
-159.65
-151.15
-166.75
-171.78
-144.31
-156.01
-163.81
-143.09
-142.4
-146.21
-143.87
-140.67
-153.84
-144.48
-138.93
-143.96
-158.78
-142.05
-141.01
-161.99
-157.57
-145.61
-155.23
-148.47
-139.28
-146.73
-167.53
-140.84
-148.03
-158.17
-144.91
-133.3
-146.65
-153.75
-138.67
-142.23
-153.84
-131.3
-142.66
-157.22
-159.39
-144.83
-150.98
-139.37
65.16
63.28
61.38
59.67
57.64
55.77
54.03
51.99
50.24
48.2
46.3
44.49
42.52
40.65
38.9
36.86
35.13
33.14
31.23
29.52
27.58
25.67
23.88
21.89
20.01
18.09
16.24
14.46
12.43
10.56
8.37
5.56
3.1
0.34
-2.25
-4.76
-7.43
-10.06
-11.9
-13.95
-15.85
-17.71
-19.62
-21.51
-23.35
-25.31
-27.09
-29.04
-30.95
-32.86
-34.67
-36.45
-38.47
-40.36
-42.14
-44.17
-45.93
-47.9
-49.78
-51.64
-53.54
-55.48
-57.32
-59.25
-61.08
-63.08
-64.93
-66.74
-68.75
-70.64
-72.4
-72.76
-72.74
-72.78
-72.76
-72.64
-72.75
-72.76
-72.65
-72.73
-72.67
-72.76
-72.7
-71.92
-69.97
-68.09
-66.02
-64.17
-62.22
-60.41
-58.5
-56.55
-54.71
-52.82
-50.89
-49.05
-47.13
-45.3
-43.39
-41.43
-39.63
-37.7
-35.73
-33.94
-32.09
-30.22
-28.33
-26.32
-24.52
-22.61
-20.69
-18.82
-16.88
-15.1
-13.17
-11.16
-9.05
-6.48
-3.71
-1.28
1.53
3.97
6.55
9.34
11.29
13.21
15.21
16.98
18.84
20.74
22.64
24.54
26.44
28.3
30.27
31.98
33.9
35.76
37.66
39.67
41.43
43.37
45.36
47.12
49.15
50.88
52.76
54.84
56.58
58.5
60.5
62.23
64.16
66.04
67.94
69.95
