155
68
89
183.25
178.71
153.54
175.4
171.23
153.07
173.22
181.92
154.49
146.92
159.88
156.95
154.39
159.12
173.6
153.54
158.08
171.33
141.43
140.96
158.75
147.58
137.08
144.84
138.12
132.82
129.7
135.57
138.69
133.01
135.85
137.65
135.85
142.29
153.35
156.67
157.99
159.41
158.46
148.43
147.3
157.8
141.62
142.85
148.91
137.27
137.37
146.64
136.42
131.12
142.66
135.1
132.07
132.26
135.95
142.19
146.45
141.43
154.68
141.43
144.46
153.64
143.52
144.74
135.1
136.23
122.42
127.53
131.5
119.11
127.34
790.61
792.31
782.95
4.42
4.68
1.3
5.63
3.81
4.42
5.98
1.3
2.95
5.37
3.64
-150.29
-123.42
-140.84
-147.6
-142.31
-130.09
-147.95
-150.03
-132.26
-140.23
-147.86
-132.95
-129.14
-144.74
-134.77
-125.93
-145.26
-147.69
-130.18
-144.83
-151.59
-131.22
-143.61
-159.13
-138.67
-139.11
-157.65
-149.51
-139.02
-158.61
-159.99
-145.26
-153.75
-165.54
-151.07
-142.31
-151.67
-144.74
-131.3
-149.25
-145.26
-118.91
-138.85
-152.54
-130.52
-146.47
-157.91
-155.83
-145.69
-165.89
-166.67
-149.16
-161.64
-177.76
-143.18
-152.71
-159.73
-161.21
-136.68
-152.54
-152.54
-127.92
-161.03
-170.91
-135.21
-147.6
-162.51
-152.28
-144.22
-157.31
65.2
63.17
61.28
59.48
57.51
55.76
53.91
51.82
50.06
48.2
46.17
44.38
42.51
40.61
38.57
36.85
34.96
32.94
30.99
29.21
27.39
25.61
23.57
21.68
19.91
17.9
16.04
14.26
12.25
10.5
8.09
5.28
2.83
0.23
-2.63
-4.97
-7.61
-10.27
-12.16
-14.07
-15.95
-17.92
-19.69
-21.62
-23.58
-25.41
-27.39
-29.24
-31.06
-32.99
-34.89
-36.62
-38.64
-40.47
-42.32
-44.35
-46.13
-48.04
-50.01
-51.81
-53.69
-55.62
-57.57
-59.42
-61.35
-63.24
-65.08
-67.04
-68.94
-70.78
-72.66
-72.88
-72.79
-72.9
-72.89
-72.8
-72.88
-72.87
-72.83
-72.89
-72.83
-72.78
-72.86
-71.95
-69.89
-67.87
-65.96
-63.97
-62.08
-60.24
-58.33
-56.47
-54.57
-52.61
-50.83
-48.93
-46.95
-45.15
-43.23
-41.26
-39.51
-37.55
-35.6
-33.78
-31.87
-30
-28.18
-26.21
-24.32
-22.36
-20.66
-18.67
-16.76
-14.99
-12.97
-11.12
-8.87
-6.11
-3.74
-1.05
1.75
4.16
6.75
9.55
11.41
13.42
15.34
17.1
19.1
21.03
22.78
24.78
26.7
28.6
30.24
32.25
34.07
35.86
37.94
39.82
41.58
43.6
45.33
47.24
49.27
51.03
53
54.95
56.71
58.64
60.58
62.4
64.48
66.29
68.05
