156
69
89
182.78
209.36
181.55
186.09
171.52
162.15
166.03
181.55
161.4
147.77
178.8
170.19
168.77
164.9
170.57
161.02
135.38
160.54
166.03
123.18
140.96
157.52
139.54
162.34
169.06
143.33
150.89
157.04
154.87
147.68
161.21
170
144.46
167.83
182.78
163.95
163.38
166.79
163.19
151.08
168.96
166.03
145.69
156.67
172.18
146.45
149.95
166.6
137.84
128.19
152.5
147.3
124.78
155.06
163.19
131.31
154.39
154.21
144.18
141.72
157.14
158.37
128.38
163.57
170.19
137.93
159.12
157.71
134.05
137.27
163.1
144.93
887.77
881.81
876.61
6.85
7.28
4.33
3.81
5.29
6.93
6.41
3.55
2.17
-0.78
-156.01
-168.23
-148.03
-157.05
-159.47
-143.18
-153.93
-156.7
-138.5
-137.72
-158.43
-154.1
-139.19
-153.15
-155.4
-145
-148.9
-155.14
-147.86
-143.53
-160.43
-154.79
-147.08
-173.08
-170.31
-149.16
-166.58
-169.01
-156.18
-152.97
-176.2
-157.39
-155.4
-175.16
-174.99
-163.37
-173.17
-169.27
-159.82
-157.83
-172.65
-167.27
-152.63
-173.95
-173.17
-157.48
-164.59
-163.72
-146.82
-157.48
-160.34
-143.27
-156.01
-175.42
-159.82
-148.03
-177.67
-175.25
-161.64
-165.54
-181.49
-165.97
-151.41
-172.91
-175.42
-151.5
-174.29
-178.11
-168.49
-169.61
-169.79
67.17
65.35
63.26
61.48
59.49
57.61
55.84
53.89
51.87
50.19
48.14
46.26
44.45
42.51
40.59
38.78
36.81
35.11
33.13
31.14
29.33
27.57
25.57
23.72
21.88
20.02
18.03
16.23
14.26
12.35
10.55
8.11
5.44
3.02
0.28
-2.46
-4.95
-7.54
-10.18
-12.04
-13.99
-15.8
-17.71
-19.67
-21.56
-23.44
-25.39
-27.23
-29.14
-30.95
-32.88
-34.72
-36.65
-38.51
-40.38
-42.3
-44.24
-46.01
-47.96
-49.91
-51.73
-53.65
-55.56
-57.42
-59.34
-61.26
-63.09
-64.98
-66.88
-68.75
-70.67
-72.53
-72.71
-72.66
-72.76
-72.7
-72.78
-72.74
-72.71
-72.76
-72.75
-72.66
-72.76
-72.72
-72.05
-70.18
-68.12
-66.09
-64.26
-62.31
-60.47
-58.6
-56.69
-54.79
-52.91
-51.01
-49.08
-47.14
-45.37
-43.45
-41.54
-39.69
-37.72
-35.89
-34.01
-32.07
-30.32
-28.41
-26.46
-24.62
-22.69
-20.8
-18.95
-16.95
-15.12
-13.25
-11.34
-9.13
-6.51
-3.97
-1.28
1.43
3.84
6.54
9.27
11.19
13.17
15
16.87
18.91
20.69
22.56
24.55
26.35
28.26
30.14
31.91
33.98
35.74
37.59
39.6
41.42
43.26
45.13
47.06
49.07
50.81
52.86
54.61
56.48
58.48
60.26
62.17
64.26
65.93
67.85
