155
68
89
153.83
146.16
132.45
145.31
147.58
144.84
157.23
153.45
144.27
146.16
146.45
145.22
145.03
144.08
150.42
153.83
148.53
164.61
171.33
145.31
145.31
148.43
148.81
147.77
143.99
149.29
125.54
137.27
156.57
135.57
143.42
155.91
145.5
140.68
150.33
151.93
151.37
159.31
159.69
142.47
146.83
139.35
133.58
144.08
144.93
147.87
156
155.25
141.53
142.1
150.99
148.53
147.49
150.42
141.62
139.26
138.22
137.08
130.84
125.82
146.07
130.84
122.32
136.89
133.77
119.86
123.84
129.42
116.84
115.13
127.05
879.35
872.92
870.83
-14.39
-15.43
-15.08
-14.73
-11.79
-12.74
-5.29
-14.3
-13.26
-8.49
-15.69
-154.1
-140.41
-135.9
-167.36
-156.79
-138.24
-163.98
-157.22
-136.42
-153.75
-151.67
-136.42
-142.83
-171.87
-154.71
-150.72
-158.26
-166.41
-149.68
-162.94
-164.15
-147.86
-148.64
-156.79
-150.72
-140.32
-148.29
-145
-147.77
-149.16
-161.73
-154.71
-153.58
-153.84
-151.85
-139.19
-148.99
-150.11
-152.19
-152.37
-125.67
-150.37
-147.43
-137.63
-147.34
-144.74
-161.21
-146.39
-171.09
-163.03
-158.69
-170.57
-180.36
-158.43
-148.9
-150.46
-143.96
-147.95
-140.23
-158.09
-147.77
-141.19
-146.91
-161.99
-145.43
-145.17
-160.77
-147.34
-139.37
-160.69
65.36
63.48
61.43
59.7
57.81
55.94
53.9
52.14
50.27
48.19
46.44
44.36
42.52
40.75
38.73
36.85
35.12
33.13
31.23
29.49
27.52
25.77
23.87
21.85
20.08
18.19
16.16
14.44
12.54
10.6
8.11
5.66
2.99
0.29
-2.21
-4.94
-7.49
-10.05
-12.05
-14
-15.8
-17.75
-19.64
-21.44
-23.41
-25.23
-27.12
-29.12
-30.93
-32.77
-34.72
-36.5
-38.42
-40.32
-42.26
-44.12
-45.97
-47.95
-49.79
-51.73
-53.6
-55.47
-57.4
-59.29
-61.13
-63.08
-64.93
-66.75
-68.76
-70.63
-72.44
-72.95
-72.85
-72.84
-72.9
-72.95
-72.85
-72.86
-72.91
-72.81
-72.85
-72.94
-72.77
-72.02
-70.11
-68.02
-66.08
-64.22
-62.26
-60.42
-58.54
-56.61
-54.74
-52.79
-51.01
-49.06
-47.08
-45.26
-43.43
-41.48
-39.6
-37.7
-35.87
-33.88
-32.04
-30.25
-28.26
-26.39
-24.58
-22.57
-20.79
-18.88
-16.92
-15.11
-13.21
-11.22
-9.14
-6.3
-3.79
-1.33
1.49
4.07
6.51
9.13
11.32
13.27
15
17.04
18.95
20.69
22.69
24.62
26.41
28.39
30.11
31.94
33.98
35.71
37.6
39.65
41.42
43.45
45.31
47.05
49.11
51.02
52.79
54.64
56.67
58.6
60.32
62.35
64.29
65.96
68.02
