155
68
88
215.04
204.72
180.03
195.55
189.68
176.82
169.63
182.59
177.38
181.26
179.18
177.38
170.86
188.64
200.47
192.52
178.14
187.22
180.32
165.27
174.73
183.06
170.48
163.76
171.99
160.73
162.91
170
167.92
155.53
168.21
174.83
164.23
169.06
181.26
172.37
170.86
181.07
164.8
160.07
162.63
160.35
147.02
162.15
153.54
138.69
150.33
142.47
143.04
136.7
161.87
150.14
135.38
163.38
157.14
142.85
163.29
168.68
154.68
152.12
168.02
152.69
155.91
173.79
174.36
160.83
160.64
166.03
161.21
163
159.98
885.5
883.61
881.15
-11.87
-7.8
-10.66
-9.53
-8.67
-10.23
-8.41
-8.93
-11.35
-12.05
-142.92
-214.33
-183.13
-201.59
-203.5
-177.85
-176.37
-193.45
-170.05
-164.67
-180.1
-176.63
-153.67
-175.42
-176.11
-147.25
-164.5
-182.61
-149.59
-159.47
-177.33
-163.03
-148.73
-176.29
-186.6
-153.84
-183.05
-193.45
-162.07
-173.25
-176.81
-169.09
-168.49
-183.57
-174.64
-162.33
-165.28
-181.83
-171.69
-178.37
-179.15
-180.01
-175.59
-180.1
-175.94
-169.18
-186.6
-172.99
-177.33
-183.65
-183.13
-161.03
-170.22
-189.03
-169.35
-168.23
-175.94
-167.53
-150.46
-166.58
-168.57
-154.62
-161.73
-182.7
-172.82
-163.37
-179.49
-186.17
-155.4
-180.01
-190.85
65.14
63.22
61.2
59.28
57.55
55.57
53.66
51.86
50.03
48
46.17
44.21
42.32
40.48
38.56
36.67
34.91
32.94
31.02
29.24
27.34
25.44
23.62
21.64
19.86
17.93
15.99
14.1
12.24
10.45
7.86
5.28
2.74
-0.01
-2.53
-5.2
-7.78
-10.27
-12.22
-14.19
-16
-17.95
-19.85
-21.69
-23.59
-25.54
-27.38
-29.31
-31.12
-33
-34.89
-36.81
-38.68
-40.51
-42.45
-44.37
-46.17
-48.14
-50.02
-51.96
-53.81
-55.7
-57.59
-59.48
-61.32
-63.26
-65.19
-67
-68.97
-70.83
-72.7
-72.92
-72.83
-72.86
-72.93
-72.92
-72.9
-72.82
-72.93
-72.87
-72.84
-72.93
-72.8
-72.02
-69.97
-67.95
-65.99
-64.09
-62.16
-60.29
-58.44
-56.52
-54.61
-52.71
-50.85
-48.97
-46.95
-45.22
-43.29
-41.36
-39.5
-37.52
-35.7
-33.8
-31.89
-30.13
-28.2
-26.35
-24.43
-22.46
-20.67
-18.77
-16.75
-15.04
-13.07
-11.11
-8.94
-6.31
-3.66
-1.15
1.68
4.17
6.69
9.36
11.41
13.29
15.17
17.11
19.07
20.84
22.79
24.63
26.52
28.45
30.23
32.05
34.11
35.84
37.8
39.69
41.51
43.46
45.36
47.16
49.22
51.08
52.92
54.76
56.72
58.75
60.42
62.4
64.43
66.04
68.09
