155
68
89
210.12
228.47
183.15
203.02
204.72
185.05
179.09
184.95
158.08
137.27
148.62
144.74
135.95
143.61
158.84
140.87
142.85
155.34
150.7
137.93
148.06
167.26
168.02
180.32
175.4
174.45
160.73
162.44
159.5
138.6
137.74
135.66
128.47
130.27
136.33
128.09
131.03
149.19
134.81
130.27
143.61
142
144.18
149.57
161.49
148.62
154.68
165.18
157.04
150.89
145.31
141.24
139.16
146.54
143.61
136.33
145.41
135.85
134.53
134.34
143.61
137.27
136.04
152.22
141.72
148.62
151.56
154.87
153.26
150.52
151.84
796.1
799.12
799.31
3.64
1.3
4.85
5.55
7.28
6.41
6.76
6.76
1.73
2.69
0.61
-162.94
-140.32
-137.03
-147.25
-128.53
-136.07
-144.13
-127.23
-130
-141.19
-133.82
-126.88
-138.59
-138.24
-133.04
-137.89
-150.37
-139.28
-131.39
-154.01
-146.82
-128.96
-139.37
-141.71
-120.38
-134.17
-144.65
-115.36
-125.76
-133.99
-127.92
-120.12
-134.77
-127.84
-115.44
-133.21
-132.08
-129.74
-141.27
-157.48
-140.06
-144.31
-158.61
-150.46
-134.77
-145
-144.05
-127.32
-135.38
-145.95
-126.97
-137.89
-139.63
-128.44
-119.69
-144.74
-132.78
-126.36
-132.95
-153.93
-140.58
-139.8
-162.85
-164.33
-135.38
-161.73
-158.17
-136.25
-142.4
-148.12
65.24
63.17
61.26
59.52
57.52
55.73
53.89
51.79
50.05
48.17
46.28
44.2
42.5
40.59
38.58
36.84
34.97
32.92
31.05
29.2
27.37
25.6
23.58
21.68
19.91
17.88
16.03
14.25
12.22
10.44
8.05
5.27
2.81
0.22
-2.42
-5.17
-7.58
-10.18
-12.2
-14.03
-15.95
-17.94
-19.71
-21.7
-23.56
-25.42
-27.38
-29.27
-31.06
-33.04
-34.89
-36.7
-38.67
-40.51
-42.35
-44.4
-46.11
-48.03
-49.97
-51.9
-53.69
-55.64
-57.59
-59.44
-61.31
-63.25
-65.06
-67.05
-68.93
-70.77
-72.7
-72.84
-72.76
-72.85
-72.73
-72.73
-72.86
-72.76
-72.72
-72.83
-72.75
-72.77
-72.77
-72.02
-69.88
-67.91
-65.95
-64.02
-62.09
-60.25
-58.34
-56.49
-54.61
-52.64
-50.84
-48.93
-46.94
-45.19
-43.22
-41.26
-39.5
-37.49
-35.6
-33.8
-31.87
-30.02
-28.2
-26.29
-24.29
-22.4
-20.64
-18.64
-16.73
-14.97
-12.93
-11.12
-8.86
-6.15
-3.69
-1.04
1.73
4.15
6.94
9.47
11.41
13.44
15.31
17.09
19.1
21
22.87
24.66
26.69
28.54
30.24
32.27
34.14
35.92
37.96
39.67
41.56
43.61
45.33
47.22
49.27
51.05
52.95
54.95
56.71
58.77
60.6
62.39
64.46
66.29
68.22
