156
68
89
179.18
191.01
193.94
182.21
193.18
184.01
175.59
185.61
183.91
156.57
159.03
160.07
147.11
133.49
143.8
138.78
124.4
134.05
143.99
130.74
131.69
147.68
146.73
144.74
156.19
151.84
142.47
147.68
154.68
139.16
146.35
160.54
143.99
144.37
159.03
151.27
134.43
143.52
147.02
130.55
137.08
138.22
138.97
131.78
143.33
139.73
143.33
163.48
155.81
145.31
153.26
155.53
152.5
149.95
150.89
144.18
142.57
137.74
135.1
138.03
135.66
137.08
131.88
135.47
134.62
129.7
136.8
143.23
131.41
131.88
136.89
810.1
807.35
803.19
-0.78
4.07
0.69
-0.09
0.17
1.82
-2.6
2.95
6.76
0
0.95
-151.93
-138.33
-133.13
-151.85
-134.43
-124.72
-146.56
-135.47
-124.8
-140.58
-142.83
-143.09
-143.35
-149.94
-148.03
-140.06
-152.8
-149.85
-140.15
-156.18
-160.95
-136.94
-141.79
-151.33
-136.59
-129.74
-144.48
-142.05
-125.67
-146.73
-151.24
-134.43
-155.31
-163.2
-148.64
-155.14
-170.74
-158.35
-140.32
-162.16
-162.85
-139.97
-156.35
-161.81
-139.97
-148.12
-160.51
-143.09
-142.83
-154.1
-144.39
-134.77
-148.55
-156.44
-135.9
-148.38
-167.79
-147.86
-147.69
-172.99
-160.95
-146.3
-173.69
-172.56
-151.33
-161.99
-164.76
-162.68
-152.28
-165.37
-144.65
65.28
63.21
61.35
59.6
57.56
55.72
54
51.93
50.04
48.14
46.24
44.5
42.48
40.58
38.86
36.85
35.12
33.1
31.21
29.47
27.55
25.64
23.89
21.85
20.09
18.08
16.19
14.43
12.39
10.53
8.27
5.51
2.87
0.29
-2.29
-4.77
-7.5
-10.16
-11.92
-13.98
-15.88
-17.74
-19.63
-21.46
-23.38
-25.35
-27.16
-29.1
-30.9
-32.83
-34.72
-36.48
-38.51
-40.38
-42.17
-44.17
-46.07
-47.95
-49.82
-51.66
-53.58
-55.5
-57.35
-59.31
-61.12
-63.07
-64.99
-66.78
-68.74
-70.61
-72.46
-72.8
-72.75
-72.81
-72.81
-72.78
-72.83
-72.83
-72.73
-72.83
-72.8
-72.85
-72.82
-71.97
-70.04
-68.06
-66.06
-64.19
-62.26
-60.43
-58.5
-56.6
-54.74
-52.82
-50.92
-49.07
-47.18
-45.32
-43.44
-41.44
-39.67
-37.73
-35.76
-33.97
-32.08
-30.26
-28.34
-26.4
-24.57
-22.65
-20.69
-18.88
-16.9
-15.12
-13.22
-11.22
-9.14
-6.5
-3.8
-1.28
1.34
3.9
6.53
9.23
11.24
13.16
15.18
16.93
18.83
20.71
22.58
24.62
26.4
28.31
30.23
31.94
33.98
35.69
37.62
39.66
41.4
43.33
45.29
47.05
48.97
50.89
52.78
54.79
56.54
58.45
60.47
62.2
64.15
65.98
67.86
69.95
