156
68
89
162.72
164.9
157.89
140.58
138.97
145.97
132.73
146.64
142.57
141.43
138.12
147.77
146.73
144.27
143.89
152.31
145.69
159.12
170.86
159.03
151.75
171.52
162.63
162.06
162.91
159.88
136.89
144.08
149
136.99
137.08
147.49
142
141.43
151.75
150.14
140.01
151.75
160.07
149
165.08
174.45
163.67
149
157.33
156.67
145.69
149.38
158.37
135.47
143.42
144.37
127.53
125.07
127.24
132.35
118.44
125.63
135.19
132.26
131.12
143.89
142
138.03
138.22
138.97
134.72
137.93
133.96
127.81
110.78
932.8
928.07
924.85
-2.25
-1.3
-4.25
-1.21
-4.07
-2.43
-4.07
-2.25
-3.47
-4.25
-2.69
-135.64
-132.43
-130.87
-137.81
-135.38
-128.53
-135.99
-128.1
-125.32
-132.08
-133.99
-133.13
-126.54
-132.08
-137.46
-140.06
-150.37
-147.17
-135.12
-156.18
-151.76
-135.99
-149.25
-156.87
-135.73
-143.35
-155.31
-142.31
-134.6
-149.07
-151.15
-133.82
-144.05
-150.2
-137.55
-143.09
-150.81
-140.67
-148.12
-168.83
-164.41
-155.23
-163.03
-166.49
-143.27
-161.47
-167.01
-149.77
-148.99
-159.04
-141.45
-140.49
-152.45
-150.81
-128.79
-138.5
-146.04
-132.34
-127.14
-149.85
-144.13
-129.48
-156.44
-159.39
-141.79
-159.04
-162.85
-152.02
-165.02
-168.14
-142.92
65.2
63.28
61.55
59.62
57.64
55.92
54.03
51.96
50.22
48.14
46.26
44.51
42.48
40.59
38.84
36.85
35.08
33.22
31.2
29.46
27.64
25.61
23.87
21.98
19.92
18.04
16.26
14.4
12.36
10.62
8.26
5.44
2.99
0.26
-2.39
-4.82
-7.53
-10.14
-11.97
-14
-15.91
-17.66
-19.67
-21.47
-23.35
-25.35
-27.16
-29.02
-30.94
-32.89
-34.69
-36.52
-38.52
-40.35
-42.22
-44.22
-46.03
-47.99
-49.86
-51.7
-53.65
-55.54
-57.37
-59.32
-61.15
-63.02
-65
-66.81
-68.7
-70.7
-72.5
-72.9
-72.89
-73
-72.89
-72.9
-73
-72.92
-72.88
-73
-72.88
-73
-72.87
-71.88
-70.02
-68.07
-66.09
-64.21
-62.26
-60.41
-58.57
-56.62
-54.7
-52.88
-50.96
-49.03
-47.15
-45.36
-43.41
-41.47
-39.71
-37.73
-35.8
-33.98
-32.08
-30.28
-28.38
-26.47
-24.61
-22.63
-20.73
-18.95
-16.92
-15.1
-13.25
-11.23
-9.03
-6.52
-3.85
-1.22
1.26
3.86
6.63
9.25
11.23
13.24
15.14
16.89
18.9
20.69
22.55
24.56
26.37
28.25
30.23
31.94
33.95
35.82
37.6
39.6
41.5
43.26
45.26
47.12
48.93
50.84
52.91
54.77
56.5
58.57
60.36
62.19
64.24
65.95
67.85
69.91
