156
68
89
177.76
171.33
155.53
172.94
170
161.58
179.37
185.33
178.14
162.63
179.18
160.73
146.54
164.33
153.35
140.49
141.24
143.52
138.88
133.11
141.34
137.55
137.18
146.92
158.56
147.11
140.3
151.84
155.91
146.54
156.38
169.44
153.45
155.62
149
149.38
163.29
169.06
142.38
147.3
146.16
141.81
130.27
138.5
144.65
135.76
142.76
149.19
134.72
139.35
148.62
137.74
144.46
164.23
158.37
144.18
158.65
165.75
142.38
144.93
158.37
132.54
131.97
154.87
139.83
131.59
145.97
141.81
123.65
127.91
150.52
858.25
853.43
847.94
-3.29
-0.87
-4.68
-9.45
-8.49
-4.33
-7.8
-5.2
-8.75
-3.73
-6.59
-166.67
-138.41
-156.09
-173.95
-140.06
-151.24
-170.13
-162.94
-146.21
-175.07
-173.77
-154.19
-175.25
-173.86
-152.89
-158.78
-165.11
-141.79
-138.93
-149.85
-147.34
-127.75
-153.58
-139.45
-139.45
-154.79
-160.34
-149.16
-164.07
-184.35
-178.54
-154.27
-175.07
-178.37
-151.41
-172.82
-182.61
-167.1
-175.25
-167.88
-158.78
-154.53
-160.25
-135.73
-146.21
-146.73
-135.38
-132.34
-136.16
-157.31
-148.21
-151.24
-174.9
-173.34
-148.81
-176.37
-181.66
-159.99
-176.03
-191.02
-174.9
-161.21
-183.22
-180.19
-139.8
-158.69
-166.15
-144.65
-145.26
-166.06
-155.83
65.27
63.24
61.36
59.59
57.61
55.72
54
51.95
50.2
48.31
46.27
44.49
42.65
40.6
38.85
36.97
35.11
33.08
31.32
29.47
27.53
25.76
23.75
21.86
20.12
18.1
16.19
14.43
12.39
10.51
8.29
5.51
3.04
0.46
-2.35
-4.77
-7.33
-10.12
-12.07
-13.86
-15.76
-17.75
-19.51
-21.41
-23.4
-25.23
-27.21
-29.08
-30.92
-32.82
-34.69
-36.48
-38.48
-40.4
-42.15
-44.17
-46.03
-47.86
-49.83
-51.62
-53.51
-55.52
-57.41
-59.2
-61.12
-63.08
-64.85
-66.79
-68.73
-70.6
-72.48
-72.72
-72.64
-72.75
-72.73
-72.63
-72.73
-72.73
-72.62
-72.73
-72.63
-72.63
-72.7
-71.99
-70.05
-68.08
-66.06
-64.18
-62.23
-60.4
-58.5
-56.59
-54.74
-52.79
-50.99
-49.1
-47.14
-45.32
-43.42
-41.42
-39.64
-37.72
-35.77
-33.97
-32.01
-30.14
-28.35
-26.39
-24.46
-22.66
-20.8
-18.81
-16.89
-15.14
-13.14
-11.17
-9.13
-6.37
-3.91
-1.32
1.48
3.9
6.53
9.24
11.25
13.18
15.16
16.93
18.97
20.84
22.63
24.64
26.52
28.28
30.11
32.07
33.98
35.71
37.75
39.65
41.38
43.46
45.19
47.04
48.97
50.94
52.79
54.79
56.56
58.47
60.46
62.21
64.26
66.12
67.88
69.92
