155
68
89
169.63
183.82
169.72
164.52
169.82
175.78
165.18
173.79
169.15
157.04
171.04
175.49
166.5
165.27
168.49
156.57
156.29
163.1
162.06
143.99
158.56
165.37
147.02
167.26
169.91
162.44
159.12
168.21
172.94
163.67
173.6
188.26
170.95
182.97
194.22
179.37
184.38
182.87
172.65
153.64
162.81
157.99
158.27
160.73
156.57
143.33
149.85
163.38
165.18
154.87
161.21
168.02
158.27
168.11
171.33
162.63
161.58
162.25
166.88
149.48
152.79
146.92
146.92
148.62
141.91
136.42
136.99
135.95
133.87
132.45
147.77
838.39
828.07
819.46
3.38
1.56
3.9
3.47
2.51
1.56
3.81
4.94
3.21
-2.25
1.21
-155.14
-138.15
-155.57
-157.31
-142.83
-150.72
-169.18
-152.45
-150.2
-173.69
-169.01
-160.43
-172.73
-177.33
-161.29
-176.98
-170.48
-146.21
-162.59
-178.54
-161.38
-152.37
-168.05
-162.25
-143.09
-161.38
-172.91
-154.36
-154.45
-187.47
-188.42
-175.07
-192.67
-198.99
-167.79
-183.13
-183.74
-162.51
-171.87
-186.6
-158.78
-151.15
-163.63
-164.15
-144.91
-155.4
-156.01
-136.07
-151.67
-173.95
-159.21
-158.69
-183.74
-182.18
-142.4
-174.03
-175.94
-148.38
-163.72
-171.26
-149.33
-153.15
-163.03
-150.11
-125.06
-145.78
-140.41
-134.25
-137.46
-133.04
65.24
63.35
61.28
59.35
57.66
55.79
53.75
51.98
50.08
48.03
46.27
44.21
42.36
40.47
38.61
36.69
34.96
32.96
31.06
29.36
27.4
25.6
23.71
21.72
19.89
18.04
16.04
14.16
12.36
10.49
7.92
5.47
2.86
0.13
-2.4
-5.01
-7.67
-10.16
-12.2
-14.13
-15.95
-17.94
-19.8
-21.57
-23.57
-25.43
-27.24
-29.23
-31.07
-32.86
-34.87
-36.75
-38.58
-40.45
-42.41
-44.25
-46.09
-48.1
-49.93
-51.83
-53.77
-55.63
-57.58
-59.46
-61.31
-63.18
-65.1
-66.93
-68.89
-70.78
-72.63
-73.02
-72.89
-72.9
-73
-72.97
-72.9
-72.91
-73
-72.9
-72.93
-73.04
-72.83
-71.92
-69.93
-67.85
-65.94
-64.03
-62.07
-60.26
-58.38
-56.43
-54.57
-52.64
-50.75
-48.91
-46.94
-45.09
-43.23
-41.32
-39.45
-37.54
-35.64
-33.72
-31.84
-30.09
-28.09
-26.3
-24.4
-22.41
-20.65
-18.73
-16.71
-14.96
-13.05
-11
-8.84
-6.11
-3.59
-1.07
1.71
4.31
6.81
9.5
11.53
13.48
15.21
17.24
19.12
20.88
22.9
24.65
26.59
28.58
30.24
32.17
34.14
35.87
37.81
39.81
41.57
43.62
45.49
47.2
49.3
51.23
52.98
54.96
56.88
58.81
60.49
62.54
64.45
66.17
68.24
