156
68
89
192.71
196.78
170.76
176.34
177.86
163.67
178.99
183.91
168.68
164.61
166.31
181.07
164.42
173.32
181.92
170.67
179.37
178.61
170.19
160.45
169.82
163.76
155.34
166.5
158.84
154.77
146.35
163.57
161.02
151.75
159.6
160.54
162.15
163.1
180.13
172.56
174.83
171.04
161.58
172.09
174.92
172.56
169.25
161.21
168.3
161.77
162.81
168.49
160.92
152.12
146.92
147.2
142.47
151.93
154.58
158.56
166.5
174.92
175.59
174.36
176.91
178.71
175.21
181.83
170.86
177.48
168.11
172.56
167.73
148.15
158.65
942.17
932.33
934.79
2.69
4.16
0.69
-0.35
0.78
4.16
-0.43
0.52
0.09
1.73
3.03
-175.51
-169.7
-165.8
-172.21
-162.33
-162.42
-172.13
-161.99
-152.63
-157.39
-157.83
-149.25
-148.99
-148.81
-148.03
-127.75
-155.49
-152.37
-141.62
-166.58
-166.93
-154.53
-163.46
-169.01
-156.09
-158.95
-176.81
-164.67
-157.65
-168.75
-162.94
-143.01
-155.57
-158.35
-148.55
-150.81
-154.45
-156.61
-142.49
-170.22
-164.85
-136.51
-161.64
-169.79
-152.45
-167.53
-179.84
-168.23
-155.31
-179.75
-160.95
-164.41
-179.84
-170.48
-144.13
-163.11
-174.55
-161.21
-149.77
-170.39
-175.59
-130.44
-169.44
-182.61
-149.85
-163.03
-179.41
-170.57
-160.17
-189.11
-152.97
65.19
63.47
61.41
59.66
57.79
55.76
54.03
52.12
50.07
48.32
46.4
44.53
42.51
40.75
38.87
36.82
35.1
33.07
31.18
29.48
27.5
25.62
23.86
21.84
19.95
18.17
16.17
14.43
12.47
10.5
8.28
5.61
2.86
0.27
-2.21
-4.84
-7.58
-10.04
-11.97
-14
-15.8
-17.67
-19.65
-21.47
-23.43
-25.34
-27.14
-29.09
-31.02
-32.8
-34.74
-36.54
-38.45
-40.41
-42.21
-44.14
-46.07
-47.93
-49.8
-51.66
-53.65
-55.47
-57.37
-59.31
-61.23
-63.06
-64.97
-66.8
-68.77
-70.69
-72.46
-72.95
-72.96
-72.87
-72.96
-72.84
-72.87
-72.97
-72.87
-72.87
-72.96
-72.96
-72.79
-71.94
-70.09
-68.05
-66.08
-64.21
-62.31
-60.41
-58.59
-56.64
-54.78
-52.88
-50.98
-49.1
-47.19
-45.26
-43.46
-41.5
-39.63
-37.75
-35.8
-33.9
-32.14
-30.24
-28.34
-26.39
-24.6
-22.68
-20.78
-18.93
-16.93
-15.08
-13.23
-11.21
-9.15
-6.52
-3.85
-1.31
1.29
3.86
6.44
9.27
11.31
13.14
15.15
16.99
18.8
20.81
22.68
24.59
26.39
28.39
30.19
31.94
33.84
35.69
37.6
39.62
41.36
43.23
45.26
47.05
48.95
50.98
52.75
54.78
56.63
58.46
60.42
62.19
64.1
66.11
68.02
69.88
