156
68
89
198.67
219.29
208.6
199.24
185.8
178.14
173.69
184.38
166.69
170.57
174.55
176.06
175.68
164.8
171.14
160.26
157.8
167.26
174.45
156.85
158.08
161.4
155.91
155.91
169.91
169.63
152.6
151.56
150.33
135.38
138.31
153.73
143.8
133.01
149.76
145.5
144.65
164.33
155.91
150.04
158.65
159.98
151.46
142.85
155.06
148.34
145.03
154.21
155.25
148.72
148.06
145.5
132.73
140.58
141.81
143.33
135.47
140.39
141.91
135.1
139.16
142
147.49
150.04
167.17
158.37
144.18
155.44
161.68
149.29
149.85
960.33
956.83
953.14
0.26
-1.73
-2.95
0.95
0.09
0.17
-0.78
-5.11
0.61
-0.17
-4.59
-174.81
-158.26
-157.48
-173.86
-160.43
-146.13
-161.29
-149.33
-143.53
-151.24
-159.91
-149.94
-151.41
-165.54
-157.83
-150.98
-167.19
-157.39
-148.99
-164.24
-169.18
-153.67
-159.13
-164.59
-145.43
-149.33
-164.15
-155.4
-145.35
-161.21
-165.45
-149.16
-159.47
-160.25
-152.63
-145.87
-153.23
-144.13
-145.09
-159.04
-156.01
-149.25
-171.95
-166.06
-154.62
-162.85
-167.45
-151.93
-146.39
-168.57
-157.74
-152.11
-168.57
-165.89
-146.99
-164.07
-173.25
-162.59
-162.51
-176.89
-170.65
-157.31
-178.28
-178.45
-173.95
-184.61
-180.88
-172.91
-175.51
-172.13
-154.53
65.34
63.45
61.41
59.62
57.76
55.75
53.82
52.08
50.16
48.14
46.37
44.5
42.49
40.65
38.82
36.82
35.04
33.03
31.15
29.44
27.46
25.61
23.79
21.81
20.02
18.14
16.15
14.38
12.45
10.5
8.26
5.6
2.95
0.21
-2.24
-4.87
-7.6
-10.18
-12.09
-14.03
-15.83
-17.78
-19.68
-21.5
-23.47
-25.39
-27.19
-29.16
-30.97
-32.81
-34.81
-36.57
-38.53
-40.46
-42.24
-44.17
-46.02
-47.99
-49.83
-51.71
-53.67
-55.49
-57.47
-59.33
-61.16
-63.12
-65
-66.83
-68.8
-70.72
-72.53
-73.04
-72.93
-72.92
-73.04
-72.93
-72.93
-73.01
-73.04
-72.92
-72.9
-73.04
-72.82
-71.9
-70.1
-68.09
-66.17
-64.27
-62.33
-60.45
-58.61
-56.64
-54.78
-52.91
-50.98
-49.13
-47.19
-45.34
-43.51
-41.51
-39.67
-37.77
-35.84
-33.94
-32.1
-30.31
-28.34
-26.42
-24.62
-22.74
-20.86
-18.95
-16.94
-15.16
-13.27
-11.24
-9.2
-6.55
-3.91
-1.38
1.39
3.96
6.42
9.23
11.29
13.09
14.98
16.97
18.88
20.66
22.65
24.56
26.35
28.34
30.03
31.9
33.94
35.65
37.6
39.61
41.33
43.24
45.25
46.97
49.06
50.95
52.73
54.76
56.62
58.4
60.23
62.3
64.19
65.92
67.99
69.69
