155
68
89
177.29
189.21
171.04
159.88
167.73
162.81
156.29
169.72
168.96
151.08
169.82
166.98
157.42
156.95
168.02
147.02
139.54
147.49
144.93
120.34
131.41
139.92
129.89
140.11
135.66
135.95
137.46
135
139.07
138.22
148.72
161.21
147.3
151.56
159.41
158.56
149.57
161.02
150.61
142.95
156.85
141.24
136.04
145.5
143.23
131.88
136.23
141.43
132.45
143.52
145.22
150.04
147.39
139.83
148.25
155.25
148.15
152.12
148.81
151.84
152.6
142.38
136.89
155.62
135
129.42
130.55
126.01
116.27
121.38
122.04
821.83
816.82
819.09
6.41
4.16
6.24
7.8
3.64
5.2
5.29
0.87
2.95
1.99
3.55
-137.89
-122.64
-147.6
-142.75
-128.18
-147.34
-153.67
-125.5
-139.19
-154.88
-129.31
-135.38
-142.83
-138.07
-138.15
-134.77
-131.22
-128.44
-133.73
-131.3
-133.3
-126.71
-135.21
-139.63
-123.68
-150.63
-154.71
-131.13
-151.67
-170.57
-149.16
-145.43
-157.74
-151.67
-144.57
-153.49
-134.34
-135.29
-149.85
-133.39
-123.5
-132.08
-142.66
-127.75
-125.67
-141.36
-138.33
-121.25
-156.27
-145.69
-138.07
-144.91
-165.02
-151.67
-144.05
-164.76
-160.08
-138.41
-153.93
-155.31
-126.45
-152.8
-155.4
-126.54
-153.49
-158.43
-145.61
-143.35
-172.47
-145
65.12
63.19
61.18
59.25
57.5
55.52
53.66
51.86
50
47.93
46.1
44.14
42.23
40.44
38.5
36.62
34.84
32.86
30.98
29.16
27.27
25.41
23.54
21.59
19.81
17.89
15.93
14.04
12.22
10.27
7.81
5.23
2.71
-0.06
-2.62
-5.27
-7.88
-10.34
-12.29
-14.23
-16.01
-18.01
-19.91
-21.74
-23.66
-25.58
-27.4
-29.36
-31.16
-33.06
-35.01
-36.85
-38.72
-40.68
-42.51
-44.41
-46.23
-48.2
-50.1
-51.96
-53.86
-55.74
-57.66
-59.56
-61.38
-63.36
-65.21
-67.08
-69.01
-70.9
-72.73
-72.93
-72.83
-72.9
-72.93
-72.95
-72.89
-72.95
-72.93
-72.88
-72.8
-72.93
-72.85
-72.11
-69.98
-68
-66.03
-64.15
-62.19
-60.33
-58.5
-56.56
-54.7
-52.79
-50.87
-49.06
-47.02
-45.22
-43.35
-41.45
-39.53
-37.65
-35.78
-33.84
-31.95
-30.18
-28.27
-26.39
-24.48
-22.5
-20.73
-18.83
-16.81
-15.06
-13.14
-11.16
-9
-6.35
-3.75
-1.25
1.58
4.14
6.63
9.25
11.39
13.25
15.12
17.06
19.02
20.8
22.74
24.58
26.47
28.42
30.18
32.05
34.1
35.76
37.73
39.65
41.45
43.39
45.36
47.12
49.22
51.05
52.84
54.74
56.72
58.52
60.36
62.39
64.35
66.05
68.07
