155
68
89
176.72
173.5
169.34
172.65
170.38
165.94
167.17
179.94
169.53
163.48
169.91
177.76
163.29
159.6
163.38
161.49
148.53
164.71
163.38
152.88
159.5
159.88
161.02
158.56
164.33
158.94
161.11
157.99
156.57
150.23
150.99
155.91
162.72
149.66
167.64
166.31
160.17
156
156.19
155.06
156.29
156.38
162.25
152.22
152.98
149.19
148.81
152.88
161.49
154.58
151.56
155.06
159.31
147.3
156.1
165.65
160.73
163.85
162.15
157.89
154.87
152.5
153.16
143.8
156.19
140.68
133.87
135.19
132.16
138.6
138.31
852.01
837.53
832.61
2.51
4.42
5.63
4.68
0.78
3.29
6.15
1.04
2.34
4.42
5.37
-154.45
-135.81
-142.23
-150.11
-142.49
-151.33
-154.19
-149.42
-154.97
-157.22
-159.91
-159.82
-155.49
-157.13
-156.44
-152.28
-157.31
-144.57
-155.4
-149.33
-151.15
-157.39
-157.05
-153.84
-148.47
-150.37
-156.61
-148.12
-145.17
-152.8
-163.98
-147.77
-163.89
-159.82
-151.85
-155.75
-149.59
-155.83
-151.85
-155.4
-153.84
-151.24
-169.79
-163.98
-158.35
-156.44
-166.32
-151.07
-155.05
-174.73
-158.43
-148.47
-170.48
-169.44
-154.27
-166.23
-173.77
-159.3
-164.07
-165.97
-167.45
-155.31
-173.86
-173.51
-148.12
-178.45
-169.01
-154.45
-152.02
-156.53
65.25
63.37
61.46
59.39
57.69
55.78
53.73
52
49.93
48.04
46.3
44.27
42.41
40.62
38.59
36.72
34.97
32.96
31.24
29.34
27.4
25.5
23.73
21.73
19.79
18.08
16.17
14.16
12.37
10.51
7.92
5.5
2.86
0.07
-2.4
-5.1
-7.65
-10.16
-12.16
-14.12
-15.95
-17.92
-19.71
-21.6
-23.53
-25.39
-27.26
-29.24
-31.01
-32.9
-34.79
-36.75
-38.55
-40.48
-42.36
-44.26
-46.2
-48.06
-49.94
-51.86
-53.74
-55.59
-57.55
-59.45
-61.28
-63.24
-65.11
-67
-68.87
-70.77
-72.59
-72.96
-72.94
-72.87
-72.83
-72.92
-72.86
-72.84
-72.94
-72.85
-72.93
-72.95
-72.81
-71.95
-69.87
-67.85
-65.95
-64.02
-62.07
-60.26
-58.33
-56.41
-54.57
-52.64
-50.74
-48.91
-46.92
-45.08
-43.17
-41.34
-39.39
-37.46
-35.66
-33.73
-31.89
-30.1
-28.14
-26.29
-24.37
-22.39
-20.6
-18.7
-16.71
-14.93
-12.92
-11
-8.83
-6.07
-3.52
-1.1
1.62
4.32
6.9
9.4
11.45
13.48
15.23
17.23
19.12
20.9
22.91
24.69
26.59
28.61
30.28
32.16
34.17
35.91
37.95
39.8
41.56
43.63
45.48
47.25
49.19
51.2
53.15
54.82
56.88
58.82
60.48
62.54
64.46
66.17
68.09
