155
68
89
171.23
185.42
155.91
165.37
169.44
157.71
175.49
199.99
177.57
166.6
183.82
180.6
167.54
174.07
183.63
162.53
161.49
188.07
168.77
147.49
168.59
163.57
136.7
164.9
168.02
149.85
143.89
164.71
147.96
139.92
166.41
147.68
136.7
162.63
173.13
146.73
164.14
177.48
143.61
147.77
166.69
144.93
125.07
149.48
155.53
126.2
142.47
169.34
134.72
138.22
158.56
136.33
132.92
155.81
150.04
143.42
160.17
172.18
137.18
148.62
167.83
135.38
135.57
156.29
132.26
119.11
144.46
145.97
120.34
109.93
138.31
834.6
834.32
829.87
-0.35
1.39
-1.56
-0.52
3.21
2.17
3.99
-0.87
7.19
-0.43
2.95
-152.97
-132.17
-148.38
-169.01
-127.92
-149.94
-166.93
-137.46
-139.02
-162.94
-149.51
-137.2
-152.37
-162.25
-129.31
-142.49
-155.49
-129.83
-132.78
-152.19
-140.23
-138.41
-148.73
-154.19
-130.52
-156.61
-164.15
-133.39
-161.73
-171.35
-157.48
-153.67
-169.27
-171.61
-153.93
-165.19
-166.41
-142.49
-156.53
-169.35
-146.04
-148.73
-165.97
-155.49
-151.15
-162.07
-167.27
-139.54
-167.45
-172.13
-149.51
-161.03
-174.03
-164.15
-156.44
-170.05
-169.09
-147.95
-166.41
-173.34
-151.85
-158.26
-171.52
-149.68
-150.89
-149.94
-154.62
-133.99
-147.43
-144.48
65.38
63.31
61.48
59.53
57.65
55.84
53.9
52
50.21
48.18
46.27
44.48
42.51
40.61
38.78
36.82
35.09
33.19
31.21
29.44
27.61
25.61
23.72
21.91
20.05
18.05
16.22
14.28
12.38
10.55
8.1
5.45
2.97
0.31
-2.39
-4.91
-7.51
-10.12
-12.02
-14.02
-15.75
-17.71
-19.67
-21.47
-23.37
-25.37
-27.2
-29.08
-30.92
-32.85
-34.68
-36.59
-38.48
-40.35
-42.24
-44.21
-45.97
-47.95
-49.89
-51.69
-53.6
-55.53
-57.44
-59.31
-61.15
-63.08
-64.94
-66.81
-68.77
-70.66
-72.52
-72.65
-72.62
-72.73
-72.66
-72.7
-72.72
-72.64
-72.72
-72.74
-72.63
-72.71
-72.7
-72.02
-70.03
-68.12
-66.1
-64.23
-62.29
-60.44
-58.55
-56.67
-54.71
-52.87
-51.01
-49.06
-47.15
-45.34
-43.42
-41.51
-39.69
-37.72
-35.84
-33.99
-32.03
-30.27
-28.38
-26.42
-24.59
-22.69
-20.79
-18.92
-16.9
-15.09
-13.25
-11.29
-9.07
-6.5
-3.94
-1.28
1.44
3.94
6.58
9.14
11.24
13.2
15.01
16.9
18.93
20.71
22.56
24.59
26.39
28.24
30.16
31.91
33.97
35.77
37.62
39.48
41.45
43.3
45.1
47.08
49.08
50.83
52.84
54.68
56.54
58.5
60.29
62.21
64.26
65.96
67.82
