155
68
89
192.43
202.17
176.34
183.34
177.1
163.67
176.34
181.07
149.19
136.33
151.75
148.25
121.95
139.07
145.88
129.04
133.39
152.79
131.69
135.1
151.56
151.93
140.11
162.72
170.95
148.15
169.06
178.71
163.38
149.48
161.77
141.24
123.36
134.24
134.53
120.43
125.16
130.36
124.03
113.34
131.59
126.2
117.21
140.01
146.07
124.5
139.07
142.29
134.05
133.3
141.62
132.16
125.82
129.23
132.92
115.61
119.2
129.04
118.07
116.55
124.03
125.35
115.32
127.91
125.82
113.05
125.45
137.93
127.81
127.91
140.77
804.8
804.33
795.62
0.95
1.73
-2.51
0.26
1.99
0.35
3.03
4.68
1.39
3.21
0.87
-143.27
-132.34
-129.57
-132.17
-126.88
-114.32
-127.32
-134.25
-118.74
-129.74
-145.95
-128.27
-128.36
-145.35
-138.59
-134.08
-150.72
-150.89
-131.04
-144.31
-147.51
-128.96
-136.07
-148.38
-125.93
-120.99
-138.85
-127.32
-109.81
-133.3
-137.03
-127.49
-131.48
-140.23
-139.89
-135.99
-147.6
-161.55
-144.83
-167.27
-176.72
-150.72
-165.89
-171.78
-150.89
-152.45
-159.21
-145.95
-139.71
-139.89
-144.13
-130.18
-148.21
-151.85
-133.99
-143.44
-153.23
-147.6
-151.85
-164.5
-171.78
-154.88
-169.01
-176.37
-154.19
-159.73
-169.09
-167.27
-161.99
-163.37
65.11
63.23
61.32
59.39
57.56
55.8
53.79
51.88
49.96
48.07
46.2
44.29
42.37
40.67
38.65
36.75
34.89
33.01
31.1
29.28
27.44
25.66
23.63
21.76
19.83
17.96
16.09
14.2
12.29
10.53
8.01
5.35
2.88
0.17
-2.53
-5.07
-7.61
-10.14
-12.15
-14.1
-16
-17.82
-19.74
-21.65
-23.51
-25.4
-27.32
-29.2
-31.15
-32.94
-34.85
-36.71
-38.63
-40.41
-42.36
-44.31
-46.09
-48.05
-50
-51.83
-53.69
-55.57
-57.53
-59.42
-61.3
-63.21
-65.07
-66.93
-68.87
-70.73
-72.6
-72.79
-72.79
-72.77
-72.75
-72.78
-72.74
-72.7
-72.8
-72.78
-72.73
-72.79
-72.72
-71.95
-69.88
-67.8
-65.89
-63.97
-62.09
-60.23
-58.31
-56.45
-54.53
-52.55
-50.76
-48.88
-46.96
-45.14
-43.19
-41.3
-39.43
-37.43
-35.61
-33.73
-31.87
-30.04
-28.14
-26.23
-24.35
-22.34
-20.52
-18.66
-16.71
-14.87
-13
-11.07
-8.76
-6
-3.63
-0.99
1.7
4.22
6.84
9.47
11.43
13.51
15.27
17.14
19.04
20.96
22.84
24.71
26.63
28.66
30.32
32.18
34.24
35.93
37.86
39.73
41.62
43.66
45.39
47.27
49.2
51.12
53.03
54.86
56.75
58.84
60.52
62.42
64.32
66.22
68.12
