155
68
89
168.49
172.37
148.25
144.37
155.15
144.65
151.84
156.95
144.93
146.54
158.37
163.48
154.68
161.77
168.3
151.93
136.99
144.65
124.31
126.86
129.89
127.72
126.96
128.09
123.18
129.89
123.08
135
134.05
128.76
138.97
142.19
149.76
150.23
162.81
156.67
160.17
169.91
168.4
150.61
148.53
149.95
145.88
144.46
143.23
149.85
135.38
147.02
145.22
138.88
144.84
131.78
141.53
137.37
141.43
148.91
152.6
152.88
160.45
155.34
157.33
152.98
142.66
145.12
135.57
138.22
134.24
120.24
119.2
120.34
114.28
847.56
831.2
829.21
3.21
-1.39
5.03
9.1
3.81
3.73
9.27
5.03
4.07
-3.12
2.95
-125.58
-136.25
-130.09
-143.87
-139.28
-142.05
-137.89
-145.87
-141.36
-138.67
-148.21
-136.51
-131.22
-141.97
-130.52
-135.21
-138.33
-138.33
-125.41
-143.35
-138.85
-131.22
-136.59
-149.68
-147.77
-134.69
-149.68
-149.94
-143.18
-160.25
-166.49
-150.03
-153.49
-153.23
-146.21
-138.33
-136.94
-128.79
-124.89
-133.82
-125.06
-120.12
-136.25
-129.4
-115.53
-133.73
-139.28
-139.54
-134.34
-148.9
-142.83
-138.07
-157.48
-162.94
-142.05
-149.51
-161.73
-145.09
-131.22
-143.18
-135.38
-121.6
-140.67
-144.57
-122.72
-139.54
-142.92
-144.13
-141.45
-153.23
65.22
63.36
61.25
59.52
57.68
55.79
53.72
51.95
50.1
48
46.36
44.27
42.37
40.57
38.58
36.73
34.96
32.97
31.06
29.36
27.38
25.58
23.71
21.69
19.94
18.04
16.04
14.16
12.37
10.47
7.95
5.4
2.81
0.09
-2.42
-5.12
-7.7
-10.19
-12.2
-14.16
-15.95
-17.92
-19.81
-21.59
-23.58
-25.43
-27.27
-29.27
-31.06
-32.92
-34.88
-36.75
-38.56
-40.5
-42.4
-44.26
-46.14
-48.09
-49.94
-51.89
-53.78
-55.61
-57.56
-59.45
-61.28
-63.23
-65.12
-66.99
-68.91
-70.77
-72.6
-73.01
-72.93
-72.94
-73
-73.01
-72.93
-72.91
-73.03
-72.93
-72.93
-73.04
-72.87
-71.91
-69.92
-67.85
-65.98
-64.05
-62.1
-60.26
-58.31
-56.42
-54.58
-52.61
-50.74
-48.91
-46.95
-45.09
-43.24
-41.25
-39.41
-37.47
-35.67
-33.74
-31.84
-30.11
-28.19
-26.27
-24.41
-22.39
-20.59
-18.7
-16.73
-14.94
-13.04
-11.01
-8.85
-6.08
-3.57
-1.08
1.75
4.17
6.82
9.47
11.54
13.47
15.22
17.23
19.17
20.9
22.91
24.65
26.55
28.59
30.29
32.14
34.19
35.9
37.84
39.83
41.57
43.6
45.48
47.25
49.29
51.22
53
54.82
56.84
58.81
60.47
62.57
64.44
66.16
68.22
