156
68
89
209.17
237.46
201.13
220.33
222.23
193.84
198.2
198.76
167.64
153.54
159.41
147.3
136.8
146.35
150.61
148.25
147.3
157.14
158.65
140.2
156.76
161.4
156.1
164.71
177.57
184.1
169.44
172.94
160.26
151.75
151.37
151.18
141.81
147.2
155.91
150.52
143.99
153.92
147.11
138.88
154.87
153.92
144.46
154.87
160.73
145.6
148.25
172.46
159.79
145.6
162.15
150.23
130.93
152.79
145.12
135.85
140.96
132.35
130.65
133.11
131.41
129.61
130.65
142.19
147.58
142.85
134.72
148.72
153.54
128.85
146.07
978.97
967.43
961.47
6.07
4.77
1.65
-5.72
2.6
5.2
3.64
1.04
3.29
-1.04
3.03
-156.96
-123.85
-134.6
-139.63
-127.75
-122.55
-143.79
-134.25
-120.21
-139.63
-137.81
-129.83
-142.66
-146.3
-141.79
-137.29
-154.01
-156.87
-124.63
-158.26
-158.87
-134.25
-143.96
-148.21
-128.27
-133.73
-136.42
-129.83
-128.44
-139.89
-146.13
-132.34
-145.35
-151.93
-145.78
-149.07
-169.87
-152.37
-148.64
-169.61
-165.19
-141.19
-164.5
-170.39
-147.95
-157.48
-165.28
-148.9
-138.59
-154.53
-132.69
-129.48
-153.67
-145.09
-123.76
-150.11
-160.17
-143.09
-146.91
-159.13
-165.89
-153.93
-166.75
-187.64
-162.85
-182.79
-198.04
-184.61
-174.03
-195.96
-148.29
65.14
63.44
61.37
59.65
57.79
55.7
54
52.08
50.19
48.12
46.39
44.49
42.46
40.57
38.82
36.82
35.06
33.05
31.16
29.46
27.48
25.57
23.82
21.79
19.91
18.15
16.15
14.36
12.35
10.47
8.25
5.57
2.81
0.21
-2.27
-4.88
-7.58
-10.09
-11.99
-14.04
-15.83
-17.79
-19.69
-21.59
-23.44
-25.4
-27.16
-29.15
-31.04
-32.8
-34.77
-36.58
-38.46
-40.43
-42.24
-44.16
-46.03
-48
-49.82
-51.71
-53.67
-55.48
-57.38
-59.33
-61.17
-63.12
-65.03
-66.84
-68.79
-70.7
-72.49
-72.91
-72.93
-72.83
-72.94
-72.84
-72.8
-72.93
-72.81
-72.84
-72.8
-72.9
-72.74
-71.82
-70.02
-68.09
-66.1
-64.28
-62.31
-60.47
-58.6
-56.62
-54.81
-52.91
-50.96
-49.12
-47.15
-45.32
-43.49
-41.5
-39.66
-37.77
-35.82
-33.94
-32.08
-30.32
-28.31
-26.43
-24.62
-22.63
-20.78
-18.95
-16.97
-15.17
-13.28
-11.26
-9.18
-6.55
-3.86
-1.38
1.25
3.99
6.46
9.21
11.29
13.1
15.1
16.98
18.84
20.66
22.66
24.56
26.35
28.34
30.18
31.91
33.93
35.67
37.57
39.59
41.34
43.25
45.26
47.01
48.91
50.95
52.74
54.75
56.63
58.39
60.4
62.3
64.23
65.92
68.01
69.87
