155
68
89
157.23
163.1
151.27
145.6
164.9
150.89
143.14
166.5
164.14
140.2
165.46
172.37
138.6
158.46
175.68
135
134.34
162.91
142.29
119.2
135
134.62
120.62
135.47
163.38
132.26
124.78
149
138.31
123.08
151.84
141.72
136.14
144.18
161.4
145.5
145.12
178.14
145.12
138.5
158.27
144.37
125.73
143.61
146.16
123.55
144.37
157.52
131.5
131.5
141.81
136.89
126.86
145.31
154.58
148.25
149
153.26
148.72
160.17
168.49
145.22
152.03
153.07
145.79
131.5
130.08
135.85
121.57
127.53
138.41
872.06
878.5
870.27
3.47
6.59
2.95
6.85
9.19
3.99
5.2
5.55
7.11
1.13
5.72
-131.04
-129.14
-151.41
-141.1
-135.73
-154.79
-163.11
-144.31
-148.21
-159.39
-147.43
-141.71
-151.15
-146.3
-126.8
-137.37
-128.53
-119.43
-129.74
-142.23
-121.34
-131.3
-146.73
-128.79
-129.83
-138.15
-147.08
-116.66
-135.99
-159.65
-130.61
-137.11
-155.75
-145.61
-139.71
-147.17
-148.03
-126.54
-139.19
-156.35
-122.98
-138.41
-156.35
-136.07
-124.89
-153.06
-150.11
-109.03
-135.38
-150.03
-141.19
-147.77
-165.19
-151.93
-146.73
-161.38
-158.78
-126.8
-159.82
-158.35
-127.66
-149.42
-153.75
-141.62
-135.64
-145.43
-144.65
-131.48
-157.57
-155.4
65.25
63.23
61.4
59.38
57.56
55.79
53.73
51.88
50.07
48.03
46.19
44.35
42.38
40.51
38.72
36.71
34.96
33.08
31.09
29.23
27.5
25.5
23.59
21.78
19.97
17.94
16.14
14.2
12.27
10.5
7.98
5.31
2.82
0.18
-2.5
-5.02
-7.66
-10.14
-12.11
-14.12
-16.02
-17.84
-19.8
-21.65
-23.47
-25.48
-27.33
-29.18
-31.12
-32.94
-34.83
-36.71
-38.64
-40.46
-42.36
-44.33
-46.09
-48.07
-49.98
-51.83
-53.73
-55.57
-57.49
-59.45
-61.26
-63.19
-65.09
-66.97
-68.87
-70.83
-72.67
-72.88
-72.93
-72.94
-72.89
-72.95
-72.93
-72.83
-72.95
-72.93
-72.87
-72.9
-72.85
-71.94
-69.86
-67.82
-65.87
-64.02
-62.07
-60.2
-58.35
-56.47
-54.52
-52.64
-50.77
-48.82
-46.95
-45.13
-43.19
-41.26
-39.46
-37.46
-35.63
-33.77
-31.84
-30.04
-28.18
-26.21
-24.33
-22.37
-20.54
-18.64
-16.7
-14.88
-13.04
-11.07
-8.77
-6.07
-3.64
-0.96
1.63
4.18
6.92
9.47
11.44
13.45
15.24
17.13
19.1
20.93
22.81
24.79
26.6
28.6
30.37
32.17
34.2
36
37.87
39.69
41.66
43.66
45.36
47.31
49.34
51.13
53.05
54.85
56.74
58.76
60.52
62.41
64.4
66.16
68.08
