156
68
89
169.25
183.82
145.41
169.63
181.55
164.71
145.12
173.88
170.19
140.87
153.64
151.93
130.36
142.29
159.41
136.42
136.23
144.27
135.28
125.54
144.27
145.22
135
140.2
135.66
141.53
135.66
140.49
141.62
141.34
152.98
148.25
135.19
152.69
151.56
122.51
123.08
145.6
127.15
120.05
127.24
124.4
118.16
129.04
140.01
123.55
131.31
129.89
118.35
121.19
132.54
130.18
126.68
133.39
124.22
135.95
135.76
127.62
128.66
124.22
128.85
120.15
122.51
137.93
135.66
137.08
121.76
132.64
138.6
141.24
124.69
868.47
855.6
852.1
-1.56
3.81
-0.69
1.65
0.61
1.73
3.03
0.26
-0.17
-5.37
-1.82
-146.82
-145.17
-143.44
-135.81
-131.56
-130.87
-139.28
-120.64
-126.19
-127.49
-135.21
-132.52
-131.74
-141.36
-129.92
-134.77
-133.21
-126.71
-123.24
-128.7
-119.86
-113.1
-123.07
-139.11
-117.78
-130.18
-131.04
-121.77
-122.29
-133.13
-128.7
-123.16
-143.79
-142.57
-130.61
-135.73
-154.53
-136.59
-141.01
-153.67
-148.29
-138.15
-144.74
-137.72
-122.55
-140.84
-140.67
-131.13
-141.71
-143.96
-125.32
-138.93
-153.41
-147.34
-134.69
-145.17
-162.51
-129.48
-143.79
-162.33
-143.44
-140.23
-165.71
-155.66
-137.63
-163.98
-171.43
-140.15
-130.52
-160.17
-149.42
65.23
63.35
61.59
59.69
57.69
55.91
54.03
52.01
50.24
48.17
46.31
44.54
42.52
40.64
38.89
36.86
34.98
33.21
31.2
29.49
27.68
25.65
23.87
21.98
19.95
18.1
16.32
14.43
12.41
10.65
8.25
5.51
3.07
0.23
-2.35
-4.85
-7.49
-10.12
-11.94
-13.97
-15.86
-17.66
-19.64
-21.44
-23.3
-25.33
-27.13
-29.03
-31.01
-32.85
-34.64
-36.5
-38.5
-40.32
-42.16
-44.2
-45.97
-47.96
-49.85
-51.68
-53.62
-55.53
-57.35
-59.37
-61.18
-63.01
-64.94
-66.79
-68.68
-70.65
-72.46
-72.81
-72.89
-72.91
-72.78
-72.81
-72.9
-72.82
-72.79
-72.92
-72.81
-72.9
-72.83
-71.84
-70.04
-68.06
-66.06
-64.22
-62.27
-60.39
-58.56
-56.6
-54.67
-52.85
-50.93
-49.04
-47.12
-45.29
-43.34
-41.46
-39.64
-37.68
-35.75
-33.97
-32.08
-30.25
-28.36
-26.39
-24.57
-22.66
-20.71
-18.89
-16.97
-15.04
-13.2
-11.18
-9.03
-6.47
-3.75
-1.15
1.33
3.92
6.64
9.27
11.23
13.26
15.18
16.94
18.97
20.72
22.55
24.62
26.39
28.26
30.25
31.98
33.9
35.8
37.62
39.64
41.53
43.33
45.35
47.18
49.1
50.91
52.87
54.78
56.56
58.59
60.43
62.23
64.29
66.12
67.87
69.92
