155
68
89
171.23
158.18
155.15
160.54
172.75
153.45
163
178.8
153.92
154.02
168.96
160.54
153.83
148.06
163.85
154.96
147.68
153.35
150.7
150.89
154.02
159.69
156.76
159.12
156.57
160.07
153.16
163
166.22
150.61
156.1
164.42
155.34
158.08
168.4
157.52
151.46
163.29
153.83
145.31
158.08
165.18
152.79
154.21
164.14
152.88
156.48
171.99
166.13
155.25
156.38
151.56
145.41
146.73
165.84
142.1
153.16
158.75
145.31
139.07
155.44
145.79
148.81
160.92
161.3
164.42
153.73
169.44
165.37
151.84
159.6
894.11
891.08
892.69
-2.08
0.26
2.17
2.08
1.91
-0.26
2.6
1.99
-1.73
-1.04
6.33
-161.73
-153.23
-165.28
-158.69
-153.15
-149.42
-156.27
-140.32
-134.25
-154.79
-145.35
-140.75
-160.25
-154.97
-145.52
-153.15
-164.59
-153.49
-148.9
-175.16
-159.47
-149.42
-170.13
-157.22
-137.98
-154.1
-150.98
-139.63
-152.54
-157.83
-147.86
-145.43
-168.75
-161.73
-149.42
-163.03
-166.49
-152.71
-162.07
-166.32
-161.81
-153.23
-161.29
-160.08
-151.85
-150.46
-165.45
-139.54
-140.67
-155.66
-145.17
-127.23
-148.21
-157.74
-122.98
-136.85
-171.61
-131.74
-135.12
-160.51
-152.11
-123.68
-135.29
-160.17
-128.53
-120.38
-159.13
-141.27
-106
-136.51
65.38
63.35
61.41
59.56
57.67
55.76
53.88
52.03
50.24
48.2
46.31
44.4
42.54
40.61
38.78
36.88
35.13
33.13
31.23
29.52
27.56
25.65
23.74
21.86
20.09
18.09
16.2
14.31
12.4
10.54
8.17
5.52
3.05
0.31
-2.33
-4.89
-7.44
-10.12
-12.02
-13.99
-15.76
-17.72
-19.61
-21.54
-23.38
-25.32
-27.23
-29.08
-30.89
-32.82
-34.71
-36.56
-38.49
-40.38
-42.23
-44.17
-45.98
-47.91
-49.85
-51.71
-53.59
-55.49
-57.4
-59.28
-61.12
-63.06
-64.96
-66.77
-68.7
-70.64
-72.5
-72.89
-72.78
-72.87
-72.89
-72.86
-72.88
-72.92
-72.89
-72.88
-72.79
-72.89
-72.81
-72.04
-70
-68.09
-66.09
-64.19
-62.23
-60.41
-58.53
-56.62
-54.71
-52.84
-50.96
-49.05
-47.08
-45.36
-43.44
-41.51
-39.65
-37.7
-35.83
-33.94
-32.03
-30.25
-28.33
-26.44
-24.54
-22.63
-20.8
-18.87
-16.88
-15.14
-13.21
-11.28
-9.07
-6.45
-3.87
-1.27
1.49
3.9
6.52
9.16
11.24
13.15
15.06
16.94
18.98
20.73
22.6
24.63
26.39
28.32
30.11
31.97
34.03
35.73
37.62
39.53
41.42
43.32
45.23
47.1
49.08
50.9
52.84
54.67
56.55
58.47
60.29
62.22
64.29
66.04
67.9
