155
68
89
169.06
170.29
155.44
164.99
176.63
156.29
168.96
173.69
152.41
153.45
167.83
152.6
135.28
150.42
156.1
120.53
136.33
158.27
126.49
124.12
142.95
134.72
129.14
146.07
143.7
138.03
153.54
147.68
134.24
145.79
157.89
146.16
141.62
156.1
158.18
143.52
159.5
155.25
140.96
146.35
141.62
136.51
134.05
143.8
139.07
135.66
147.2
154.21
138.6
146.26
154.49
133.11
143.89
154.11
152.6
136.14
151.37
149.57
135.1
142.85
140.77
124.31
129.04
144.27
125.16
121.66
134.43
126.96
124.59
134.62
123.36
768
758.26
757.12
4.25
5.37
3.64
4.85
4.07
1.82
2.77
10.4
3.99
-4.51
7.19
-141.97
-126.36
-135.03
-145.78
-133.3
-141.1
-149.51
-141.88
-136.16
-145.26
-153.15
-137.37
-141.45
-144.91
-136.59
-134.43
-150.72
-138.59
-133.65
-139.54
-140.06
-129.4
-129.74
-138.85
-127.84
-135.73
-140.84
-136.42
-129.31
-147.51
-159.04
-143.18
-150.37
-168.05
-152.02
-147.17
-152.37
-156.87
-144.74
-157.13
-149.16
-125.67
-135.47
-143.18
-120.73
-130.61
-140.58
-127.14
-126.45
-143.44
-137.11
-145.17
-161.55
-163.03
-146.56
-159.21
-172.3
-153.23
-148.81
-161.9
-158.87
-146.04
-168.66
-165.02
-134.17
-157.05
-146.56
-139.8
-145.17
-140.23
65.11
63.17
61.4
59.39
57.45
55.75
53.81
51.81
49.89
48.09
46.14
44.21
42.41
40.6
38.58
36.72
34.8
32.96
31.07
29.18
27.37
25.59
23.55
21.66
19.85
17.88
16.01
14.17
12.21
10.47
7.99
5.26
2.63
0.13
-2.62
-5.19
-7.66
-10.23
-12.22
-14.09
-16.06
-17.95
-19.74
-21.72
-23.57
-25.46
-27.39
-29.3
-31.13
-33.06
-34.91
-36.73
-38.67
-40.5
-42.4
-44.4
-46.24
-48.09
-50.1
-51.9
-53.76
-55.63
-57.59
-59.45
-61.39
-63.26
-65.12
-67.02
-68.95
-70.8
-72.6
-72.67
-72.64
-72.69
-72.68
-72.66
-72.7
-72.59
-72.63
-72.68
-72.67
-72.63
-72.72
-71.96
-69.92
-67.92
-65.98
-64.08
-62.17
-60.27
-58.4
-56.53
-54.61
-52.64
-50.85
-48.95
-46.98
-45.19
-43.29
-41.31
-39.53
-37.5
-35.63
-33.82
-31.98
-30.07
-28.19
-26.32
-24.35
-22.39
-20.66
-18.7
-16.83
-14.97
-13.03
-11.15
-8.9
-6.14
-3.74
-1.1
1.65
4.13
6.74
9.41
11.41
13.44
15.26
17.08
18.94
20.93
22.76
24.64
26.61
28.55
30.25
32.14
34.04
35.84
37.84
39.64
41.53
43.59
45.3
47.19
49.21
51.03
52.95
54.88
56.67
58.79
60.52
62.36
64.25
66.22
68.05
