155
68
89
179.84
183.82
167.26
171.9
171.04
159.5
168.87
181.55
175.4
160.17
164.9
163.67
157.71
159.41
160.35
150.42
135.19
151.46
151.27
146.83
147.02
143.99
143.8
142.38
150.8
155.62
137.84
150.52
155.06
148.72
160.26
180.98
169.82
170.57
189.68
188.64
176.06
183.15
188.45
173.69
168.96
161.02
161.58
155.91
156.38
164.42
151.84
160.64
154.49
157.71
143.42
145.22
155.81
146.73
147.77
149
155.91
165.37
163.19
154.58
156.38
149.1
151.08
151.75
154.02
156.48
148.06
159.79
155.53
146.07
152.6
856.17
865.25
863.74
3.55
0.87
2.51
3.21
0.26
4.16
1.73
2.77
7.71
6.41
5.72
-176.72
-166.41
-153.93
-171.87
-162.51
-159.47
-177.76
-155.4
-157.74
-160.95
-167.88
-162.85
-152.97
-151.85
-150.37
-146.21
-157.57
-156.87
-151.85
-149.85
-164.5
-152.37
-148.29
-166.15
-157.74
-148.9
-168.4
-162.07
-155.14
-165.02
-176.2
-171.52
-174.9
-179.15
-162.25
-148.47
-168.23
-158.35
-136.42
-158.69
-151.5
-132.95
-139.28
-153.49
-137.98
-147.08
-154.62
-155.75
-136.85
-156.01
-155.75
-133.21
-157.57
-159.91
-139.28
-151.5
-163.72
-156.53
-154.97
-160.43
-167.45
-140.06
-159.56
-165.71
-136.94
-141.27
-160.86
-157.83
-140.67
-160.17
65.22
63.39
61.38
59.38
57.63
55.76
53.72
51.99
49.9
48.04
46.26
44.25
42.36
40.61
38.57
36.68
34.93
32.95
31.2
29.34
27.38
25.61
23.7
21.7
19.93
18.03
16.14
14.14
12.39
10.48
7.96
5.47
2.66
0.09
-2.39
-5.11
-7.7
-10.21
-12.16
-14.15
-15.96
-17.92
-19.78
-21.71
-23.56
-25.44
-27.29
-29.23
-31.07
-32.92
-34.82
-36.75
-38.58
-40.48
-42.39
-44.27
-46.17
-48.1
-50.03
-51.9
-53.76
-55.62
-57.59
-59.46
-61.29
-63.21
-65.12
-66.94
-68.92
-70.77
-72.62
-73.17
-73.14
-73.05
-73.07
-73.15
-73.05
-73.07
-73.14
-73.06
-73.15
-73.14
-72.96
-71.92
-69.95
-67.87
-65.96
-64.04
-62.09
-60.24
-58.34
-56.47
-54.58
-52.64
-50.75
-48.89
-47.02
-45.08
-43.15
-41.35
-39.43
-37.47
-35.66
-33.73
-31.84
-30.11
-28.11
-26.29
-24.4
-22.4
-20.63
-18.72
-16.73
-14.94
-12.94
-11.03
-8.85
-6.12
-3.53
-1.06
1.58
4.28
6.91
9.36
11.51
13.45
15.23
17.2
19.13
20.89
22.79
24.66
26.57
28.61
30.23
32.14
34.18
35.87
37.94
39.81
41.57
43.62
45.46
47.25
49.15
51.21
53.12
54.81
56.86
58.75
60.44
62.53
64.43
66.16
68.22
