156
68
89
186.56
182.3
160.26
159.6
179.37
157.33
169.15
183.53
152.69
154.77
163.19
159.69
136.89
148.72
166.88
138.69
150.14
173.41
140.49
136.7
153.83
153.07
143.7
155.34
149.76
143.89
143.89
172.75
148.72
154.58
171.8
146.07
143.52
165.08
162.06
158.27
161.58
176.25
150.52
154.02
162.34
153.45
146.54
156.57
144.74
142.85
153.83
161.58
143.42
148.81
159.41
150.14
146.07
157.8
151.84
144.08
165.08
162.06
146.45
159.98
160.35
150.99
149.19
160.07
154.96
151.27
151.18
152.12
141.43
135.38
146.07
917.66
907.54
907.73
4.77
5.72
4.07
6.24
6.15
6.59
4.85
4.33
5.03
2.51
6.93
-180.27
-151.24
-156.7
-170.39
-154.01
-146.3
-172.04
-158.35
-133.91
-149.94
-164.67
-137.81
-140.23
-151.33
-145.78
-133.56
-152.71
-141.19
-134.95
-146.82
-165.45
-134.6
-145.95
-164.76
-135.81
-129.83
-165.28
-163.37
-133.13
-162.42
-169.87
-138.59
-157.22
-166.23
-151.93
-137.98
-162.16
-160.17
-140.32
-157.05
-176.72
-118.82
-144.13
-168.4
-139.97
-143.87
-166.23
-157.57
-156.96
-162.94
-168.31
-139.89
-165.02
-173.25
-144.13
-157.65
-179.15
-172.65
-171.17
-184.61
-179.75
-141.97
-174.38
-197.43
-158.35
-165.54
-184.69
-192.49
-172.65
-204.19
-179.75
65.05
63.16
61.41
59.52
57.52
55.81
53.95
51.86
50.1
48.09
46.22
44.44
42.42
40.54
38.79
36.75
34.9
33.17
31.13
29.43
27.61
25.55
23.81
21.91
19.87
17.98
16.26
14.34
12.33
10.58
8.24
5.4
2.9
0.23
-2.48
-4.87
-7.59
-10.22
-12.01
-14.05
-15.95
-17.71
-19.68
-21.5
-23.38
-25.42
-27.18
-29.08
-30.97
-32.89
-34.71
-36.58
-38.56
-40.38
-42.25
-44.26
-46.07
-48.04
-49.94
-51.72
-53.66
-55.57
-57.41
-59.35
-61.25
-63.08
-65.03
-66.84
-68.76
-70.73
-72.43
-72.58
-72.71
-72.66
-72.55
-72.58
-72.66
-72.56
-72.55
-72.66
-72.59
-72.66
-72.65
-72.02
-70.09
-68.21
-66.13
-64.26
-62.4
-60.43
-58.61
-56.64
-54.77
-52.91
-50.98
-49.09
-47.17
-45.39
-43.44
-41.51
-39.72
-37.71
-35.92
-34.02
-32.11
-30.32
-28.45
-26.46
-24.66
-22.72
-20.76
-18.99
-17.07
-15.08
-13.3
-11.27
-9.06
-6.55
-3.91
-1.23
1.36
3.8
6.58
9.23
11.2
13.19
15.12
16.86
18.86
20.66
22.53
24.55
26.33
28.22
30.16
31.87
33.8
35.77
37.54
39.59
41.46
43.23
45.27
47.12
49.04
50.81
52.87
54.74
56.44
58.57
60.38
62.12
64.19
65.95
67.78
69.88
