156
68
89
170.76
180.41
166.22
167.45
166.98
159.69
170.86
171.33
160.35
156.67
146.92
160.17
154.21
150.7
158.84
152.03
138.22
142.1
151.84
123.46
128.85
148.62
137.18
138.41
142.57
134.53
123.74
137.65
136.33
127.05
138.97
149.76
140.68
142.1
159.69
149.57
143.61
145.97
142.29
136.51
153.92
148.72
139.45
149.76
143.23
126.49
146.73
153.07
133.77
130.55
135.28
130.46
129.23
129.99
137.37
131.78
141.34
134.72
133.58
131.41
139.07
130.27
127.91
134.24
138.12
123.27
127.05
129.7
116.17
122.99
129.89
956.17
941.79
942.17
-0.26
-0.09
0.61
3.9
0.52
1.47
1.56
0
0
-8.06
-1.73
-150.2
-131.91
-139.11
-145.52
-131.82
-136.42
-149.94
-141.97
-137.81
-150.29
-146.65
-140.23
-144.13
-143.35
-141.45
-151.59
-153.75
-144.22
-136.51
-164.93
-161.03
-150.63
-165.71
-166.23
-144.31
-153.84
-158.78
-144.74
-141.53
-163.63
-143.53
-131.3
-148.99
-148.73
-127.66
-139.02
-132.08
-131.56
-140.75
-140.06
-129.05
-129.74
-150.89
-133.3
-122.2
-143.79
-151.24
-133.13
-149.77
-154.36
-130.96
-151.85
-166.67
-144.65
-146.65
-162.77
-154.79
-152.02
-157.83
-159.04
-150.46
-150.55
-167.53
-168.57
-138.15
-165.97
-163.29
-156.87
-153.23
-165.11
-145.52
65.31
63.28
61.35
59.62
57.59
55.73
53.96
51.92
50.17
48.28
46.22
44.48
42.61
40.57
38.68
36.93
35.03
33.05
31.25
29.4
27.47
25.72
23.76
21.8
20.03
17.98
16.15
14.38
12.33
10.47
8.19
5.47
2.94
0.37
-2.44
-4.88
-7.45
-10.17
-12.02
-13.94
-15.85
-17.83
-19.61
-21.58
-23.47
-25.3
-27.18
-29.16
-31
-32.89
-34.78
-36.59
-38.54
-40.47
-42.24
-44.27
-46.04
-47.96
-49.92
-51.73
-53.6
-55.57
-57.43
-59.31
-61.19
-63.14
-64.96
-66.86
-68.82
-70.7
-72.54
-72.94
-72.81
-72.95
-72.95
-72.8
-72.95
-72.93
-72.85
-72.93
-72.81
-72.83
-72.84
-71.85
-70.02
-68.12
-66.14
-64.23
-62.36
-60.52
-58.56
-56.67
-54.79
-52.88
-50.99
-49.16
-47.19
-45.39
-43.48
-41.5
-39.69
-37.77
-35.84
-34.03
-32.08
-30.28
-28.45
-26.47
-24.56
-22.69
-20.79
-18.88
-17.07
-15.19
-13.19
-11.34
-9.22
-6.43
-3.91
-1.39
1.36
3.82
6.45
9.19
11.18
13.09
15.08
16.87
18.86
20.78
22.52
24.56
26.46
28.22
30.15
32
33.77
35.67
37.72
39.56
41.36
43.37
45.23
46.98
49.05
50.85
52.74
54.74
56.49
58.36
60.38
62.14
64.22
66.06
67.83
69.83
