156
68
89
132.16
153.73
156.76
132.35
148.72
143.8
142.57
155.81
137.46
141.34
157.42
152.22
143.33
151.08
170.86
147.68
134.34
157.61
154.39
126.68
139.16
150.14
120.53
142.85
155.06
132.73
126.01
145.03
138.69
117.59
140.68
152.41
130.65
159.31
146.92
140.2
150.99
155.62
141.53
145.12
141.72
136.89
131.41
132.82
149.66
127.15
146.26
150.89
140.96
143.33
145.69
139.35
154.21
150.33
140.87
137.46
145.12
146.83
138.41
132.54
145.88
149.95
150.42
157.04
152.88
132.73
147.77
150.14
126.3
133.58
160.64
930.25
929.68
927.88
1.21
4.68
2.95
4.59
1.99
2.25
3.9
1.91
-2.69
3.55
0.17
-148.12
-139.02
-147.77
-151.76
-135.99
-144.13
-161.38
-143.09
-140.06
-142.14
-134.08
-128.18
-143.53
-151.41
-141.53
-132.08
-140.58
-145.95
-134.08
-147.17
-140.58
-128.7
-136.77
-145.61
-125.84
-128.79
-136.77
-128.1
-118.82
-132.69
-132.08
-132
-138.33
-140.06
-122.29
-132
-142.23
-131.91
-136.51
-140.67
-121.86
-113.45
-141.79
-132.43
-112.84
-140.23
-138.15
-126.71
-130.87
-144.05
-135.99
-131.13
-158.17
-141.27
-133.82
-149.94
-147.6
-131.22
-139.71
-147.86
-142.23
-135.21
-136.16
-145.52
-130.09
-135.03
-134.25
-132.86
-153.23
-135.03
-133.47
65.33
63.46
61.41
59.67
57.81
55.74
54
52.15
50.23
48.17
46.41
44.54
42.51
40.75
38.85
36.86
35.11
33.09
31.2
29.47
27.49
25.63
23.83
21.83
20.07
18.18
16.19
14.43
12.48
10.5
8.26
5.63
3.02
0.23
-2.22
-4.84
-7.49
-10.07
-11.94
-13.99
-15.8
-17.78
-19.63
-21.49
-23.41
-25.33
-27.14
-29.12
-30.93
-32.75
-34.74
-36.53
-38.41
-40.41
-42.21
-44.14
-45.98
-47.96
-49.8
-51.68
-53.6
-55.46
-57.39
-59.31
-61.11
-63.09
-64.97
-66.77
-68.77
-70.66
-72.49
-73.04
-73.02
-72.94
-73.05
-72.94
-72.93
-73.04
-72.96
-72.97
-72.95
-73.07
-72.83
-71.82
-70.03
-68.05
-66.07
-64.2
-62.29
-60.43
-58.57
-56.62
-54.76
-52.89
-50.94
-49.09
-47.14
-45.28
-43.45
-41.46
-39.6
-37.74
-35.8
-33.91
-32.03
-30.26
-28.32
-26.42
-24.6
-22.59
-20.74
-18.91
-16.93
-15.12
-13.23
-11.21
-9.17
-6.52
-3.81
-1.31
1.32
4.01
6.49
9.27
11.37
13.16
15.12
17
18.92
20.68
22.69
24.62
26.36
28.38
30.21
31.92
34
35.71
37.6
39.6
41.35
43.31
45.29
47.01
48.94
50.99
52.76
54.79
56.68
58.45
60.44
62.36
64.24
65.97
68.01
69.89
