156
68
89
137.46
152.79
126.49
134.15
147.58
134.43
131.59
149.29
138.69
129.14
142.95
135.57
130.08
138.31
139.45
138.5
137.65
144.84
143.8
130.36
136.89
142.1
142.57
142.1
131.88
139.35
138.41
124.88
132.64
146.83
133.68
142.1
138.97
145.69
136.7
127.81
122.7
135.57
130.36
110.31
116.36
125.82
113.53
116.36
136.61
118.54
117.59
132.73
120.15
117.21
134.72
140.58
125.73
128.76
148.25
136.7
124.12
139.92
130.74
123.55
134.53
127.24
116.46
136.61
142.66
110.03
113.43
131.5
113.05
112.3
119.11
903.38
901.01
896.19
2.86
-0.95
-0.78
2.34
2.08
-0.61
3.29
0.69
-3.64
0.61
-0.95
-131.82
-128.1
-125.32
-143.61
-122.64
-123.42
-149.59
-126.02
-131.22
-149.42
-133.65
-134.51
-141.53
-145.26
-128.96
-135.55
-146.13
-123.33
-135.21
-133.99
-129.14
-120.04
-136.51
-135.03
-113.54
-136.42
-132.78
-122.12
-131.04
-132.69
-120.12
-124.28
-141.62
-131.39
-122.72
-130.35
-144.91
-133.91
-147.77
-145.09
-134.34
-139.28
-132.86
-131.3
-131.74
-143.87
-133.3
-139.37
-148.73
-138.93
-119.34
-137.2
-148.38
-131.65
-123.68
-141.88
-141.53
-125.15
-136.33
-141.01
-127.66
-130
-147.95
-113.54
-123.94
-125.84
-142.57
-119.17
-120.3
-126.88
-137.37
65.14
63.44
61.55
59.5
57.79
55.93
53.88
52
50.24
48.34
46.28
44.54
42.71
40.66
38.9
36.9
35.01
33.27
31.27
29.42
27.71
25.69
23.76
22.05
19.95
18.25
16.36
14.33
12.57
10.7
8.18
5.66
3.08
0.48
-2.31
-4.77
-7.31
-10.06
-11.86
-13.93
-15.85
-17.58
-19.58
-21.5
-23.27
-25.28
-27.16
-28.93
-30.94
-32.69
-34.56
-36.51
-38.35
-40.25
-42.19
-44.14
-45.93
-47.82
-49.8
-51.62
-53.48
-55.44
-57.32
-59.25
-61.11
-62.97
-64.89
-66.79
-68.67
-70.6
-72.46
-72.68
-72.79
-72.7
-72.69
-72.8
-72.7
-72.67
-72.76
-72.78
-72.69
-72.68
-72.7
-71.81
-69.95
-68.06
-65.99
-64.14
-62.26
-60.31
-58.5
-56.6
-54.61
-52.8
-50.92
-48.94
-47.12
-45.21
-43.29
-41.44
-39.53
-37.6
-35.78
-33.91
-31.96
-30.12
-28.3
-26.32
-24.42
-22.6
-20.69
-18.83
-16.92
-14.94
-13.17
-11.24
-8.89
-6.4
-3.84
-1.09
1.41
4.14
6.74
9.23
11.4
13.34
15.09
17
18.99
20.88
22.66
24.68
26.54
28.33
30.28
31.99
33.91
35.94
37.7
39.56
41.57
43.38
45.23
47.24
49.03
51.08
52.96
54.72
56.74
58.66
60.35
62.38
64.33
66.2
67.94
69.97
