155
68
89
147.11
147.02
143.8
143.42
152.98
133.87
150.42
167.73
151.93
151.56
167.07
164.99
160.54
157.99
154.39
139.07
138.97
142.38
140.3
136.8
138.22
137.55
124.78
136.14
135
133.39
127.15
124.4
129.61
141.81
138.78
148.25
149.85
145.79
158.08
154.21
145.97
160.45
144.18
130.84
141.24
131.59
117.59
129.32
130.08
118.16
134.15
140.39
131.59
132.07
144.18
136.23
140.77
144.37
155.06
149.29
145.97
150.23
136.51
138.22
148.53
139.35
124.78
134.81
128.28
125.63
124.4
130.27
117.69
110.12
125.45
796.85
793.35
794.77
2.17
6.59
1.21
4.42
6.67
2.6
3.12
4.33
0.87
3.9
2.08
-147.08
-124.98
-134.95
-145
-136.33
-139.54
-151.59
-144.48
-137.29
-157.22
-152.37
-146.04
-153.67
-150.63
-139.63
-137.46
-145
-128.88
-124.46
-136.59
-135.99
-130.44
-135.81
-135.12
-124.28
-131.48
-146.47
-140.23
-130.35
-152.19
-155.31
-142.57
-154.53
-152.19
-147.77
-143.53
-134.86
-134.34
-130.7
-126.19
-122.64
-123.68
-115.79
-125.06
-124.2
-127.75
-141.1
-134.34
-138.59
-144.65
-144.83
-139.02
-152.54
-159.3
-138.15
-147.17
-170.05
-151.67
-142.23
-150.37
-132.95
-122.03
-132.69
-139.19
-111.72
-110.76
-129.22
-129.05
-110.07
-126.28
65.19
63.14
61.32
59.33
57.44
55.72
53.71
51.83
50.04
48.03
46.1
44.31
42.31
40.58
38.64
36.69
34.92
33.02
31.03
29.2
27.41
25.58
23.56
21.74
19.87
17.89
16.07
14.12
12.21
10.44
7.85
5.29
2.76
0.04
-2.6
-5.12
-7.78
-10.21
-12.16
-14.17
-15.96
-17.88
-19.83
-21.73
-23.52
-25.44
-27.4
-29.24
-31.09
-33.03
-34.9
-36.75
-38.68
-40.51
-42.43
-44.41
-46.18
-48.13
-50.04
-51.9
-53.8
-55.62
-57.58
-59.51
-61.3
-63.21
-65.17
-67.01
-68.94
-70.81
-72.71
-72.9
-72.83
-72.95
-72.89
-72.93
-72.91
-72.87
-72.95
-72.92
-72.84
-72.93
-72.88
-71.93
-69.92
-67.92
-65.98
-64.06
-62.13
-60.28
-58.39
-56.53
-54.54
-52.71
-50.85
-48.92
-46.98
-45.17
-43.24
-41.37
-39.52
-37.55
-35.7
-33.8
-31.9
-30.11
-28.23
-26.27
-24.42
-22.39
-20.6
-18.73
-16.76
-14.95
-13.1
-11.12
-8.8
-6.12
-3.74
-1.08
1.7
4.16
6.8
9.35
11.39
13.44
15.18
17.11
19.07
20.86
22.79
24.72
26.55
28.51
30.3
32.08
34.16
35.96
37.75
39.65
41.61
43.45
45.31
47.29
49.15
51.04
53.05
54.78
56.66
58.68
60.49
62.33
64.43
66.12
68.03
