155
68
89
169.06
184.57
168.77
170.57
173.6
176.34
162.53
177.76
188.07
158.65
182.3
177.76
163.29
152.22
172.46
164.33
149.38
170.86
170.38
145.12
161.77
172.65
158.37
161.77
176.15
162.53
151.37
179.18
176.34
159.03
173.03
189.02
163.67
171.23
180.41
171.71
161.02
169.15
165.08
151.08
155.62
155.91
149.57
149.57
153.73
148.72
138.78
152.98
157.04
146.92
166.13
160.17
148.06
157.89
165.18
152.12
164.71
164.33
151.93
137.93
148.53
137.93
132.16
150.61
147.11
136.04
135.28
139.26
130.74
116.17
133.87
856.36
848.98
844.91
5.55
7.37
5.37
7.45
6.07
7.45
6.24
13.26
5.11
4.07
4.07
-157.13
-138.5
-142.14
-153.84
-146.56
-140.75
-153.49
-154.62
-139.63
-156.79
-165.02
-150.2
-141.45
-151.15
-147.51
-139.02
-157.57
-150.03
-139.19
-151.59
-154.79
-143.96
-142.57
-152.89
-147.51
-136.42
-155.49
-158.35
-146.65
-166.06
-180.79
-156.7
-163.63
-176.98
-168.66
-162.51
-175.07
-170.74
-151.41
-171.26
-173.51
-149.25
-167.27
-170.13
-153.84
-158.78
-165.8
-154.19
-156.27
-165.89
-168.23
-151.07
-175.16
-178.97
-160.77
-171.17
-181.23
-169.44
-166.58
-173.43
-170.91
-144.22
-170.91
-172.91
-149.51
-154.71
-162.77
-158.43
-143.96
-150.03
65.2
63.2
61.43
59.39
57.55
55.77
53.73
51.83
50.1
48.05
46.3
44.4
42.37
40.63
38.75
36.72
34.85
33.12
31.2
29.23
27.54
25.62
23.61
21.85
19.93
17.9
16.18
14.16
12.27
10.49
7.94
5.28
2.82
0.09
-2.39
-5.01
-7.67
-10.18
-12.09
-14.15
-15.94
-17.8
-19.71
-21.71
-23.43
-25.42
-27.34
-29.13
-31.09
-32.99
-34.79
-36.73
-38.66
-40.47
-42.38
-44.37
-46.12
-48.08
-49.94
-51.82
-53.79
-55.6
-57.49
-59.45
-61.32
-63.18
-65.06
-66.99
-68.85
-70.77
-72.66
-73.01
-72.93
-73.05
-72.96
-73.05
-73.05
-72.94
-73.04
-73.07
-72.97
-73.05
-72.84
-71.91
-69.92
-67.86
-65.89
-64.03
-62.13
-60.2
-58.32
-56.48
-54.5
-52.6
-50.82
-48.8
-46.91
-45.15
-43.17
-41.36
-39.47
-37.53
-35.66
-33.8
-31.83
-30.08
-28.11
-26.19
-24.38
-22.4
-20.56
-18.73
-16.7
-14.93
-13.02
-11.1
-8.74
-6.13
-3.68
-0.93
1.8
4.17
6.92
9.41
11.41
13.48
15.23
17.13
19.14
20.9
22.9
24.79
26.58
28.57
30.39
32.12
34.19
36.01
37.96
39.72
41.69
43.63
45.37
47.36
49.29
51.07
53.13
54.81
56.71
58.83
60.5
62.4
64.46
66.16
68.24
