155
68
89
160.64
182.68
147.96
144.18
164.52
149.57
152.69
169.91
167.83
141.81
163.48
173.79
167.73
164.14
180.98
162.44
157.89
175.87
177.76
149.66
158.94
180.6
147.96
152.31
159.5
145.41
132.35
150.52
147.77
141.15
147.58
165.18
141.91
157.14
174.36
164.71
159.98
178.42
173.69
155.81
168.77
169.15
149.19
148.62
163.67
129.89
135.38
146.73
139.26
127.05
139.45
136.7
125.73
128.85
139.26
134.91
137.27
147.87
139.45
144.84
148.34
153.45
143.33
149.85
155.25
136.51
138.03
144.27
132.54
130.46
142.29
812.65
806.79
805.46
6.33
5.29
4.16
3.38
5.98
0.26
5.63
2.69
5.37
0.52
1.04
-165.19
-139.8
-142.05
-151.76
-141.45
-134.43
-143.09
-147.69
-136.42
-138.5
-142.4
-133.3
-135.12
-144.05
-132.6
-130.35
-151.33
-137.37
-129.14
-149.42
-152.37
-140.67
-146.82
-162.51
-148.38
-142.49
-157.39
-151.15
-145.17
-157.48
-162.77
-145
-155.83
-158.95
-143.27
-137.63
-142.57
-137.2
-129.22
-135.12
-137.2
-126.71
-152.71
-162.68
-138.59
-148.03
-170.57
-153.49
-150.29
-162.42
-155.31
-144.65
-159.13
-169.44
-143.96
-147.86
-158.95
-145.78
-143.44
-148.38
-143.09
-131.13
-161.29
-154.79
-133.56
-156.01
-157.05
-152.11
-150.2
-156.61
65.23
63.18
61.43
59.37
57.53
55.78
53.72
51.85
50.09
48
46.27
44.41
42.35
40.6
38.61
36.68
34.96
33.1
31.21
29.2
27.54
25.61
23.57
21.81
19.92
17.92
16.17
14.16
12.26
10.36
7.91
5.28
2.82
0.11
-2.36
-4.96
-7.7
-10.14
-12.08
-14.13
-15.93
-17.82
-19.81
-21.68
-23.46
-25.42
-27.36
-29.14
-31.09
-32.99
-34.8
-36.75
-38.67
-40.48
-42.4
-44.34
-46.12
-48.08
-49.93
-51.83
-53.75
-55.59
-57.5
-59.46
-61.31
-63.17
-65.06
-66.97
-68.85
-70.78
-72.66
-72.8
-72.8
-72.92
-72.83
-72.9
-72.9
-72.81
-72.91
-72.9
-72.82
-72.92
-72.78
-71.93
-69.9
-67.91
-65.89
-64.08
-62.09
-60.18
-58.33
-56.49
-54.53
-52.63
-50.8
-48.85
-46.94
-45.16
-43.17
-41.32
-39.49
-37.49
-35.66
-33.77
-31.84
-30.08
-28.11
-26.2
-24.37
-22.4
-20.55
-18.72
-16.72
-14.84
-12.95
-11.07
-8.72
-6.24
-3.68
-0.95
1.75
4.15
6.96
9.38
11.42
13.48
15.24
17.08
19.11
20.9
22.9
24.78
26.58
28.57
30.38
32.13
34.18
36.02
37.85
39.7
41.71
43.63
45.35
47.38
49.31
51.08
53.12
54.82
56.71
58.82
60.48
62.42
64.46
66.17
68.25
