156
68
89
164.14
167.64
142.38
154.68
164.9
161.3
167.36
173.69
171.23
163.29
173.88
178.14
162.91
172.46
178.52
146.35
148.34
167.36
142.29
133.68
139.35
136.51
126.49
129.61
132.35
121.38
124.59
137.74
139.54
122.42
141.72
148.06
131.97
141.34
161.87
146.16
146.54
156.57
131.31
122.13
136.8
114
107
120.24
117.59
114.57
120.05
119.49
113.62
113.05
122.23
119.11
117.12
117.59
124.31
122.51
131.59
135.76
122.13
130.65
136.04
124.12
121.76
127.72
112.48
106.9
118.16
107.38
109.65
105.96
111.63
839.43
837.72
836.68
-3.81
-5.89
-1.82
-5.46
-7.37
-1.04
1.3
-3.29
-1.47
-3.9
-1.04
-133.82
-128.62
-126.62
-131.56
-131.13
-122.9
-131.39
-129.05
-123.24
-129.83
-128.88
-126.71
-122.2
-128.27
-126.71
-122.03
-128.88
-120.56
-120.47
-124.28
-123.94
-114.92
-123.94
-129.66
-117.96
-122.03
-136.25
-130.87
-131.04
-145.09
-142.4
-124.46
-142.75
-145.52
-128.53
-136.33
-143.61
-129.92
-123.5
-140.58
-125.41
-119.08
-131.56
-125.76
-123.07
-129.74
-140.41
-128.18
-134.51
-139.28
-134.51
-135.21
-143.01
-153.75
-130.18
-148.73
-164.5
-149.85
-151.85
-163.98
-140.49
-127.06
-144.05
-138.93
-123.42
-132.86
-125.06
-122.2
-118.82
-133.99
-125.15
65.38
63.46
61.38
59.67
57.82
55.76
54.03
52.17
50.24
48.18
46.44
44.51
42.51
40.75
38.75
36.8
35.11
33.09
31.19
29.46
27.51
25.62
23.78
21.85
20.07
18.15
16.17
14.43
12.52
10.5
8.1
5.58
3
0.3
-2.24
-4.79
-7.49
-10.05
-12.08
-14
-15.78
-17.78
-19.66
-21.46
-23.44
-25.37
-27.13
-29.12
-30.95
-32.72
-34.73
-36.51
-38.45
-40.41
-42.29
-44.13
-46.07
-47.98
-49.78
-51.69
-53.62
-55.47
-57.43
-59.32
-61.15
-63.09
-64.97
-66.81
-68.77
-70.66
-72.48
-73.04
-72.94
-72.93
-73.04
-72.94
-72.93
-73.04
-72.97
-72.97
-72.93
-73.04
-72.86
-71.88
-70.04
-68.02
-66.13
-64.21
-62.29
-60.43
-58.56
-56.62
-54.78
-52.88
-50.91
-49.08
-47.15
-45.26
-43.46
-41.46
-39.61
-37.76
-35.87
-33.91
-32.04
-30.3
-28.32
-26.39
-24.59
-22.59
-20.73
-18.9
-16.92
-15.15
-13.26
-11.21
-9.18
-6.5
-3.85
-1.34
1.44
4.02
6.48
9.28
11.31
13.15
15.04
17.02
18.79
20.66
22.68
24.59
26.37
28.37
30.21
31.94
33.95
35.68
37.58
39.63
41.38
43.29
45.29
47
49.09
51.01
52.77
54.79
56.66
58.43
60.46
62.36
64.23
65.96
68.04
69.88
