154
67
88
192.61
189.59
184.76
180.69
174.36
169.25
183.44
180.03
176.25
182.87
183.53
176.25
164.8
175.78
187.6
173.69
178.14
180.98
168.87
166.03
175.96
164.42
165.27
166.98
165.46
158.46
155.53
158.84
156.57
154.58
159.5
157.61
154.02
165.75
162.63
159.98
167.64
164.9
164.71
169.15
174.36
169.06
164.71
172.84
170
168.21
172.27
172.09
165.46
169.63
164.33
153.45
155.81
164.71
157.71
160.83
152.6
159.88
156.57
160.54
156.67
152.69
154.39
149.66
144.18
142.57
153.73
142.1
139.26
143.7
934.69
883.8
885.31
5.2
4.16
-0.52
5.2
2.34
2.69
6.59
5.81
-0.87
4.16
7.8
-161.38
-147.34
-149.77
-155.4
-147.51
-144.91
-162.42
-153.58
-146.73
-157.74
-160.6
-148.21
-154.36
-164.85
-164.41
-149.59
-171.09
-173.86
-159.47
-180.53
-182.96
-174.03
-174.81
-182.53
-175.42
-166.41
-173.34
-171.95
-167.71
-165.54
-157.91
-161.64
-162.07
-163.63
-147.34
-149.77
-157.39
-149.07
-153.32
-169.53
-160.6
-155.23
-168.14
-165.54
-153.41
-160.95
-168.4
-159.3
-151.5
-173.69
-164.15
-156.7
-171.61
-161.21
-153.41
-165.8
-166.58
-158.78
-163.11
-166.49
-166.32
-161.38
-185.21
-190.67
-158.87
-184.35
-183.13
-180.19
-182.53
-185.82
63.33
61.4
59.63
57.63
55.87
54.02
51.96
50.22
48.28
46.24
44.51
42.65
40.75
38.72
36.96
35.06
33.06
31.33
29.42
27.5
25.73
23.73
21.85
20.07
18.04
16.16
14.43
12.38
10.49
8.23
5.45
2.99
0.41
-2.39
-4.84
-7.41
-10.04
-12.09
-13.88
-15.78
-17.79
-19.56
-21.57
-23.41
-25.28
-27.25
-29.12
-30.93
-32.9
-34.72
-36.52
-38.53
-40.44
-42.21
-44.21
-46.01
-47.9
-49.86
-51.7
-53.57
-55.51
-57.44
-59.28
-61.17
-63.13
-64.93
-66.88
-68.76
-70.67
-72.53
-73.3
-73.2
-73.27
-73.27
-73.17
-73.29
-73.19
-73.18
-73.27
-73.17
-73.18
-73.1
-72
-70.02
-68.06
-66.12
-64.19
-62.28
-60.44
-58.53
-56.64
-54.76
-52.84
-51
-49.12
-47.14
-45.37
-43.47
-41.48
-39.67
-37.7
-35.83
-34.01
-32.06
-30.22
-28.38
-26.42
-24.5
-22.6
-20.83
-18.83
-16.95
-15.15
-13.26
-11.24
-9.16
-6.4
-3.98
-1.37
1.44
3.84
6.51
9.25
11.21
13.24
15.12
16.9
18.92
20.79
22.54
24.58
26.5
28.37
30.05
32.04
33.94
35.7
37.71
39.61
41.37
43.4
45.14
46.99
49.1
50.86
52.74
54.77
56.5
58.6
60.4
62.17
64.25
66.15
67.85
