154
66
89
199.52
207.09
208.6
194.32
196.12
204.63
195.55
193.37
166.31
180.88
197.06
164.04
169.25
180.6
177.19
171.42
186.75
176.44
163.1
163.29
192.14
179.84
192.99
191.55
204.53
189.73
190.21
203.87
195.74
189.59
203.4
178.52
187.88
186.56
179.75
191.95
199.05
175.21
168.3
173.98
181.55
164.42
179.94
194.89
168.21
184.95
198.29
169.72
178.61
181.45
155.34
153.64
173.22
164.33
156.38
161.11
175.11
163.38
165.37
166.79
159.69
170.95
171.42
160.35
176.06
153.35
157.99
170
169.06
169.82
172.84
876.04
875.38
867.52
-2.77
0.61
-0.69
1.39
4.25
3.38
-0.61
2.86
1.13
-3.03
-149.25
-190.41
-196.74
-194.66
-193.53
-203.5
-204.54
-212.6
-218.23
-199.69
-214.68
-204.45
-185.91
-198.47
-204.37
-202.46
-201.59
-200.64
-209.83
-198.21
-214.25
-234.28
-228.12
-235.63
-235.11
-229.16
-235.92
-231.84
-219.71
-233.32
-237.22
-219.79
-222.4
-235.02
-239.46
-231.64
-234.2
-232.45
-215.46
-233.7
-235.15
-235.28
-235.15
-234.33
-238.75
-233.98
-239.7
-236.95
-228.2
-231.24
-218.32
-193.88
-221.61
-218.84
-220.4
-230.2
-219.27
-236.35
-207.66
-213.81
-231.06
-215.37
-228.81
-232.85
-228.29
-231.42
-233.55
-232.68
-236.39
-233.66
62.78
60.87
58.96
57.09
55.22
53.28
51.56
49.52
47.59
45.68
43.9
41.9
40.03
38.21
36.44
34.43
32.48
30.64
28.83
26.96
25.06
23.18
21.42
19.41
17.48
15.59
13.72
11.81
9.94
7.31
4.84
2.09
-0.5
-3.17
-5.74
-8.34
-10.71
-12.62
-14.49
-16.43
-18.35
-20.22
-22.12
-23.98
-25.94
-27.79
-29.63
-31.57
-33.42
-35.3
-37.19
-39.11
-41
-42.87
-44.71
-46.61
-48.53
-50.41
-52.3
-54.17
-56.1
-58.01
-59.84
-61.8
-63.66
-65.51
-67.46
-69.35
-71.23
-73.1
-74.97
-75.66
-75.66
-75.61
-75.65
-75.71
-75.65
-75.68
-75.58
-75.69
-75.69
-75.58
-75.47
-74.18
-72.22
-70.26
-68.26
-66.41
-64.53
-62.58
-60.81
-58.88
-57.01
-55.12
-53.16
-51.36
-49.46
-47.56
-45.7
-43.83
-41.9
-40.04
-38.06
-36.25
-34.39
-32.48
-30.66
-28.81
-26.87
-24.97
-22.98
-21.24
-19.29
-17.41
-15.57
-13.66
-11.7
-9.73
-6.95
-4.46
-1.92
0.8
3.36
5.9
8.55
10.84
12.74
14.62
16.52
18.4
20.29
22.18
24.16
25.97
27.88
29.73
31.5
33.44
35.31
37.2
39.12
40.98
43.01
44.73
46.59
48.58
50.43
52.34
54.22
56.1
58.16
59.89
61.79
63.69
