155
68
89
178.14
176.82
150.52
160.35
168.87
152.03
166.22
170.38
157.71
148.43
166.79
169.15
144.93
154.39
169.63
151.27
154.02
180.41
153.64
140.39
162.63
156.76
144.37
164.04
160.64
153.92
159.79
153.92
147.87
153.73
169.53
157.61
143.8
167.07
174.83
161.4
176.34
173.13
162.72
164.71
181.74
161.96
163.67
186.47
169.72
154.11
173.32
185.52
156.1
165.94
178.9
163.85
155.06
168.21
157.14
174.45
168.59
172.56
157.99
163.95
175.3
164.42
159.31
171.9
162.53
154.11
165.94
166.22
155.06
162.34
161.49
863.55
852.86
854.56
-3.47
-1.13
0.87
0.87
-1.13
0.52
-1.56
-0.17
-0.26
-0.35
-2.77
-171.95
-149.42
-171.87
-165.28
-158.87
-171.35
-172.21
-158.35
-161.55
-164.07
-165.54
-154.01
-166.84
-159.99
-146.04
-163.63
-176.11
-153.58
-166.67
-177.33
-170.13
-152.45
-179.15
-166.49
-154.62
-171.78
-185.3
-147.95
-163.89
-184.78
-158.26
-154.1
-172.73
-171.78
-145.09
-169.44
-160.77
-145.61
-159.21
-170.39
-140.41
-151.5
-172.13
-161.55
-151.76
-169.09
-176.46
-140.15
-162.42
-167.27
-148.73
-158.17
-176.37
-167.19
-152.54
-165.19
-169.96
-133.91
-162.77
-171.35
-151.41
-160.6
-178.37
-165.8
-149.59
-185.3
-173.86
-155.66
-188.94
-180.53
65.12
63.04
61.14
59.24
57.4
55.64
53.62
51.72
49.98
47.93
46.02
44.11
42.25
40.51
38.47
36.56
34.7
32.86
30.93
29.1
27.27
25.49
23.47
21.6
19.8
17.81
15.93
14.03
12.12
10.37
7.77
5.08
2.66
-0.09
-2.71
-5.31
-7.86
-10.29
-12.32
-14.24
-16.13
-18.04
-19.91
-21.81
-23.68
-25.63
-27.54
-29.37
-31.26
-33.11
-34.98
-36.86
-38.78
-40.61
-42.53
-44.47
-46.22
-48.19
-50.14
-52.01
-53.85
-55.72
-57.68
-59.6
-61.46
-63.35
-65.22
-67.13
-69.04
-70.92
-72.74
-72.87
-72.84
-72.84
-72.87
-72.85
-72.86
-72.85
-72.85
-72.87
-72.76
-72.86
-72.8
-72.09
-70.02
-68.01
-66.05
-64.18
-62.23
-60.4
-58.5
-56.6
-54.69
-52.74
-50.91
-49.04
-47.12
-45.29
-43.36
-41.46
-39.6
-37.61
-35.79
-33.94
-31.94
-30.19
-28.3
-26.4
-24.48
-22.52
-20.73
-18.83
-16.85
-15.07
-13.17
-11.22
-9.02
-6.29
-3.83
-1.24
1.43
4.02
6.58
9.2
11.3
13.22
15.1
16.98
18.88
20.77
22.65
24.55
26.47
28.47
30.15
32.04
34.05
35.77
37.63
39.53
41.45
43.53
45.24
47.08
49.02
50.95
52.84
54.67
56.6
58.68
60.33
62.26
64.12
66
67.98
