156
67
90
214.66
207.75
201.22
199.05
208.89
203.49
204.91
199.99
201.13
193.09
202.45
202.64
203.4
203.87
210.87
200.75
201.89
210.4
204.53
194.51
196.97
204.91
203.21
210.26
208.89
208.89
210.15
210.26
213.33
199.71
210.49
211.55
212.77
213.63
209.79
200.56
210.36
208.79
207.94
209.98
215.6
208.7
208.32
211.44
206.14
196.97
203.59
192.05
198.01
210.78
193.37
183.72
199.33
201.79
210.21
203.12
205.58
209.94
206.62
210.66
210.73
209.64
210
208.51
209.86
211.85
215.7
198.48
202.45
211.06
203.49
198.57
1015.11
1013.21
1006.88
-11.88
-14.57
-13.87
-14.48
-14.57
-10.49
-11.1
-12.66
-12.4
-14.31
-10.15
-229.68
-213.56
-226.73
-210.79
-208.01
-212.35
-212.16
-210.08
-206.63
-210.1
-211.85
-215.9
-204.37
-214.95
-213.91
-207.84
-212.35
-204.29
-203.77
-205.33
-197.35
-187.99
-202.64
-195.71
-194.67
-203.85
-209.4
-214.6
-208.71
-209.99
-209.99
-209.14
-210.53
-210.7
-209.66
-210.17
-214.77
-208.62
-211.74
-210.61
-202.38
-194.15
-205.93
-211.65
-207.41
-209.87
-216.07
-201.25
-211.85
-204.03
-204.98
-208.62
-211.83
-210.88
-206.71
-215.99
-210.27
-201.6
-204.03
-203.85
-188.95
-193.89
-199.95
-194.06
-198.05
-200.21
-191.29
-197.35
-204.46
-200.13
64.72
62.84
61.11
59.08
57.18
55.47
53.41
51.66
49.63
47.68
45.96
43.93
42.04
40.27
38.29
36.39
34.51
32.63
30.9
28.92
27.1
25.3
23.27
21.51
19.48
17.58
15.87
13.82
11.93
10.08
7.43
5.03
2.23
-0.36
-2.85
-5.61
-8.16
-10.53
-12.5
-14.35
-16.34
-18.23
-20
-22.02
-23.86
-25.72
-27.69
-29.5
-31.43
-33.3
-35.11
-37.06
-38.97
-40.78
-42.71
-44.65
-46.5
-48.41
-50.24
-52.2
-54.06
-55.89
-57.89
-59.7
-61.69
-63.51
-65.36
-67.31
-69.21
-71.08
-73
-74.83
-75.1
-75.1
-75.03
-75.09
-75.1
-75.11
-75.1
-75.03
-75.1
-75.12
-74.99
-75.04
-74.17
-72.29
-70.43
-68.43
-66.59
-64.66
-62.73
-60.89
-59.01
-57.07
-55.21
-53.31
-51.46
-49.56
-47.59
-45.8
-43.89
-41.9
-40.12
-38.21
-36.31
-34.42
-32.45
-30.73
-28.86
-26.88
-25.04
-23.06
-21.28
-19.34
-17.39
-15.63
-13.71
-11.68
-9.79
-7
-4.57
-2.01
0.84
3.23
5.87
8.64
10.8
12.83
14.57
16.48
18.46
20.24
22.15
24.14
25.91
27.94
29.65
31.47
33.48
35.27
37.16
39.19
40.94
42.95
44.7
46.57
48.65
50.4
52.3
54.37
56.01
58.13
59.83
61.74
63.79
65.51
