155
68
89
168.77
188.45
159.6
155.44
160.54
154.77
152.79
176.34
158.18
147.87
159.41
168.68
157.23
154.87
159.69
147.3
142.38
163.76
164.23
135.28
146.64
163
140.68
148.91
155.34
148.43
144.65
149.48
154.68
135.76
160.07
169.06
141.43
154.49
170.86
150.33
156.57
164.23
158.75
149.48
164.8
157.99
150.52
162.06
161.87
152.31
154.96
171.33
166.69
153.35
171.14
171.23
151.46
164.04
167.26
156.1
164.61
169.15
154.96
157.52
170.1
169.53
158.84
166.13
177.29
155.34
159.22
168.68
155.15
151.84
161.68
894.86
884.17
884.17
8.41
-0.87
0.52
-0.09
0.95
0.61
-1.04
1.73
-6.5
-1.99
2.69
-169.53
-155.05
-169.79
-175.59
-157.74
-163.46
-165.97
-155.23
-158.78
-168.23
-165.97
-150.37
-162.59
-154.36
-152.71
-155.49
-168.66
-156.35
-161.29
-177.15
-165.02
-148.21
-172.82
-164.07
-134.43
-161.03
-175.68
-140.93
-146.21
-178.37
-156.87
-142.4
-171
-169.09
-142.05
-160.69
-151.5
-138.59
-153.67
-167.53
-145.95
-145.87
-168.23
-164.5
-151.07
-162.59
-173.25
-142.83
-161.9
-170.74
-144.39
-152.11
-171.17
-169.79
-138.5
-162.85
-169.7
-135.21
-160.51
-171.87
-151.85
-153.67
-175.94
-176.72
-138.76
-180.19
-180.1
-157.57
-174.12
-178.02
65.17
63.28
61.52
59.47
57.6
55.86
53.82
51.95
50.18
48.14
46.37
44.34
42.47
40.65
38.68
36.79
34.89
33.07
31.26
29.3
27.47
25.69
23.66
21.79
19.9
17.95
16.26
14.25
12.33
10.57
8.04
5.41
2.97
0.21
-2.28
-5.01
-7.56
-10.08
-12.11
-14.02
-15.95
-17.82
-19.58
-21.57
-23.46
-25.31
-27.23
-29.06
-31.06
-32.91
-34.69
-36.64
-38.57
-40.39
-42.31
-44.25
-46.05
-48
-49.86
-51.8
-53.67
-55.49
-57.48
-59.35
-61.18
-63.13
-64.97
-66.9
-68.82
-70.67
-72.56
-72.88
-72.87
-72.87
-72.76
-72.85
-72.89
-72.79
-72.9
-72.88
-72.87
-72.87
-72.7
-71.85
-69.83
-67.79
-65.85
-63.97
-62.03
-60.16
-58.24
-56.38
-54.46
-52.53
-50.72
-48.81
-46.84
-45.07
-43.04
-41.19
-39.41
-37.4
-35.58
-33.71
-31.83
-30.02
-27.99
-26.22
-24.28
-22.29
-20.54
-18.65
-16.6
-14.85
-12.92
-11.04
-8.71
-5.98
-3.54
-0.91
1.89
4.29
7.06
9.48
11.51
13.55
15.31
17.18
19.11
20.98
22.96
24.76
26.68
28.66
30.35
32.36
34.11
36
38.08
39.75
41.65
43.71
45.44
47.32
49.39
51.15
53.21
54.91
56.79
58.91
60.53
62.5
64.4
66.23
68.29
