155
68
88
182.49
188.55
147.96
168.21
172.09
157.04
168.87
180.32
167.73
158.56
173.13
172.94
156
168.11
173.41
154.77
161.49
172.84
166.31
138.03
167.07
166.5
145.03
163.38
161.96
162.63
162.81
162.91
154.77
150.52
166.13
162.81
140.3
170.86
189.11
165.84
176.15
182.02
165.94
174.64
185.61
170.19
161.02
186.28
180.13
157.71
182.97
186.37
158.94
170.95
173.98
162.25
160.07
163.38
167.54
162.63
176.72
174.83
161.4
168.21
176.25
163
160.45
183.44
172.56
158.94
167.26
172.65
161.68
162.63
164.33
879.06
880.77
874.43
5.72
6.5
3.64
7.71
4.16
7.89
9.01
8.58
7.28
2.6
-36.92
-166.15
-150.46
-170.31
-158.61
-151.67
-175.68
-169.35
-156.53
-159.65
-162.42
-159.13
-145.61
-167.27
-159.39
-149.85
-164.41
-169.53
-155.92
-164.41
-167.01
-166.93
-160.08
-179.75
-161.9
-145.69
-173.17
-184.26
-145
-167.53
-184.52
-151.67
-154.71
-171.69
-167.88
-145.69
-167.97
-159.13
-140.41
-153.06
-163.2
-140.67
-149.42
-166.93
-165.89
-148.73
-166.15
-174.21
-135.9
-158.87
-160.34
-146.82
-152.8
-178.02
-156.09
-150.03
-169.53
-171
-136.85
-162.42
-176.03
-142.75
-163.63
-176.03
-155.4
-146.04
-177.15
-173.17
-155.14
-188.51
-179.41
65.07
63.23
61.31
59.41
57.57
55.79
53.76
51.88
50.12
48.04
46.2
44.29
42.41
40.66
38.62
36.75
35.02
33.02
31.1
29.25
27.46
25.64
23.62
21.74
19.85
17.96
16.09
14.2
12.3
10.42
8.04
5.36
2.73
0.2
-2.47
-5.07
-7.61
-10.13
-12.13
-14.07
-15.88
-17.88
-19.75
-21.64
-23.52
-25.37
-27.31
-29.2
-31.03
-32.96
-34.84
-36.68
-38.6
-40.43
-42.35
-44.27
-46.15
-48.02
-49.96
-51.84
-53.7
-55.56
-57.49
-59.4
-61.25
-63.18
-65.07
-66.92
-68.88
-70.7
-72.63
-72.89
-72.75
-72.85
-72.89
-72.86
-72.87
-72.74
-72.87
-72.88
-72.76
-72.85
-72.79
-71.92
-69.85
-67.85
-65.89
-64.02
-62.09
-60.2
-58.32
-56.44
-54.5
-52.56
-50.74
-48.9
-46.85
-45.12
-43.19
-41.29
-39.44
-37.43
-35.6
-33.74
-31.79
-30.04
-28.11
-26.26
-24.31
-22.35
-20.6
-18.7
-16.74
-14.91
-13
-11.04
-8.8
-6.15
-3.64
-1
1.64
4.24
6.87
9.44
11.48
13.51
15.26
17.14
19.16
20.93
22.83
24.71
26.63
28.63
30.32
32.21
34.19
35.91
37.87
39.7
41.63
43.53
45.39
47.28
49.18
51.12
53.01
54.87
56.77
58.84
60.5
62.47
64.5
66.17
68.11
