156
68
89
217.58
215.52
207.36
209.04
209.26
208.03
207.13
192.47
190.67
182.82
186.98
198.56
188.3
210.35
188.3
188.59
194.55
195.21
189.91
192.85
199.09
199.85
212.71
207.41
211.29
212.43
205.9
203.63
212.81
207.51
211.77
203.54
207.93
208.03
208.1
209.78
196.44
195.68
208.74
209.56
207.81
209.31
201.45
193.22
185.84
206.66
193.7
196.63
208.45
209.4
201.64
206
199.56
210.54
194.26
198.71
198.81
195.97
203.72
199.28
211.77
203.63
209.97
207.98
210.44
207.13
207.6
205.05
206.37
202.31
209.87
1029.24
981.18
978.06
-2.41
-8.47
-5.7
-6.57
-3.36
-6.13
-6.65
-4.4
-5.96
-8.04
-6.65
-200.19
-180.51
-192.39
-194.73
-180.6
-190.31
-186.41
-180.25
-176.18
-191.09
-181.9
-178.28
-174.19
-189.61
-176.87
-192.99
-193.25
-184.15
-189.61
-188.1
-175.83
-186.58
-189.7
-177.57
-177.92
-172.28
-173.41
-170.89
-192.91
-187.04
-182.07
-179.73
-175.49
-179.47
-193.6
-188.14
-188.14
-186.32
-185.37
-188.31
-167.95
-186.02
-186.47
-183.89
-182.68
-189.87
-174.62
-172.45
-180.6
-174.1
-178.22
-172.37
-178.17
-178.78
-170.29
-179.73
-170.81
-169.16
-178.26
-169.42
-167.43
-178.52
-184.85
-180.34
-183.98
-192.13
-185.28
-183.81
-189.94
-189.16
-186.6
63.43
61.52
59.6
57.76
56
53.99
52.07
50.34
48.27
46.38
44.65
42.61
40.88
38.84
36.97
35.21
33.22
31.33
29.62
27.63
25.86
23.84
21.97
20.19
18.18
16.26
14.48
12.5
10.74
8.25
5.63
3.18
0.41
-2.21
-4.82
-7.41
-9.94
-11.94
-13.88
-15.76
-17.66
-19.54
-21.47
-23.32
-25.13
-27.12
-29.01
-30.82
-32.73
-34.61
-36.48
-38.41
-40.22
-42.15
-44.09
-45.89
-47.84
-49.74
-51.52
-53.53
-55.34
-57.31
-59.2
-61.03
-62.97
-64.87
-66.7
-68.65
-70.48
-72.4
-74.31
-74.87
-74.95
-74.98
-74.9
-75
-74.86
-74.96
-74.95
-74.87
-74.95
-74.97
-74.81
-73.71
-71.78
-69.88
-67.89
-65.96
-64.13
-62.22
-60.33
-58.48
-56.5
-54.67
-52.77
-50.85
-48.99
-47.11
-45.24
-43.31
-41.36
-39.58
-37.64
-35.7
-33.88
-32.01
-30.18
-28.28
-26.27
-24.48
-22.57
-20.68
-18.8
-16.9
-15.04
-13.13
-11.09
-8.99
-6.34
-3.68
-1.23
1.46
4.12
6.63
9.46
11.34
13.23
15.23
17.04
18.87
20.81
22.7
24.72
26.47
28.38
30.31
32.04
33.93
35.84
37.7
39.71
41.46
43.4
45.32
47.16
49.02
51.12
52.87
54.88
56.6
58.54
60.53
62.3
64.18
66.17
67.97
