155
68
89
172.65
187.32
159.98
161.87
161.77
164.33
157.71
171.42
161.11
142.57
161.96
169.91
154.49
169.15
164.23
159.31
149.19
168.4
165.46
140.68
157.71
168.59
143.33
152.6
166.69
156.48
142.47
160.73
150.42
152.5
156.19
170.67
145.31
161.77
180.51
156.19
165.08
173.22
165.18
161.58
183.15
168.68
155.72
172.46
170.38
146.07
161.4
174.55
156
154.11
172.75
176.91
162.25
167.07
171.33
157.42
164.71
168.3
160.17
156
166.41
166.5
158.56
170.67
171.8
157.14
160.45
166.03
153.83
153.54
163.19
870.83
872.73
876.04
0.52
0.35
1.04
1.04
3.21
-1.21
-0.78
-2.08
-4.68
-1.21
2.25
-174.21
-153.75
-171.69
-168.75
-162.94
-167.1
-170.22
-160.25
-155.49
-165.63
-162.33
-155.57
-173.25
-160.43
-154.88
-157.05
-176.72
-158.87
-162.42
-185.39
-175.16
-161.47
-179.32
-168.92
-141.53
-171.52
-183.05
-149.59
-158.26
-180.1
-164.15
-150.89
-178.71
-176.72
-149.16
-160.86
-163.81
-146.91
-155.83
-172.65
-150.55
-147.86
-174.64
-170.74
-146.13
-162.94
-179.23
-144.83
-163.29
-176.55
-152.45
-152.63
-173.08
-176.98
-151.33
-171.95
-173.86
-138.41
-161.81
-177.33
-156.87
-153.93
-183.57
-176.55
-146.04
-181.66
-173.17
-164.5
-179.06
-187.99
65.3
63.25
61.31
59.45
57.59
55.84
53.82
51.89
50.16
48.09
46.24
44.47
42.42
40.68
38.65
36.75
35.04
33.05
31.12
29.4
27.48
25.67
23.66
21.79
19.98
17.98
16.09
14.21
12.32
10.44
8.02
5.39
2.9
0.18
-2.43
-4.9
-7.56
-10.1
-12.12
-14.02
-15.85
-17.85
-19.71
-21.48
-23.5
-25.35
-27.28
-29.16
-30.99
-32.9
-34.82
-36.68
-38.6
-40.36
-42.32
-44.27
-46.04
-48.01
-49.93
-51.79
-53.68
-55.5
-57.48
-59.44
-61.21
-63.15
-65.04
-66.87
-68.87
-70.66
-72.62
-72.88
-72.78
-72.87
-72.84
-72.76
-72.84
-72.77
-72.87
-72.9
-72.74
-72.88
-72.76
-71.87
-69.8
-67.79
-65.89
-63.96
-61.99
-60.24
-58.31
-56.37
-54.48
-52.53
-50.73
-48.84
-46.88
-45.1
-43.16
-41.22
-39.43
-37.46
-35.59
-33.73
-31.76
-30.01
-28.14
-26.14
-24.32
-22.32
-20.55
-18.64
-16.63
-14.87
-12.94
-11.01
-8.73
-6.13
-3.62
-0.94
1.8
4.31
6.88
9.63
11.5
13.41
15.31
17.17
19.21
20.99
22.86
24.86
26.66
28.65
30.33
32.21
34.22
35.95
37.9
39.74
41.62
43.65
45.44
47.29
49.36
51.16
53.02
55.03
56.79
58.84
60.54
62.47
64.52
66.23
68.16
