155
68
89
179.37
187.7
149.19
168.4
173.88
153.16
169.15
172.27
165.37
150.04
171.61
166.22
147.96
165.27
171.99
156.19
156.19
178.05
161.02
142.57
165.65
166.69
145.03
165.08
160.26
159.69
158.84
162.15
155.62
146.83
172.65
165.37
150.04
169.44
185.8
165.08
175.02
180.32
167.64
175.49
186.09
166.22
167.17
183.44
183.91
160.07
181.17
188.93
164.14
165.56
177.29
166.69
159.98
166.69
171.33
172.37
174.26
173.13
161.11
164.61
174.73
162.63
161.68
180.51
173.13
162.44
170
174.36
161.11
167.26
169.82
844.63
849.08
842.74
4.42
6.93
7.28
5.37
7.71
8.49
3.38
9.62
7.02
5.72
1.99
-173.77
-150.55
-171.43
-164.15
-150.63
-167.79
-164.24
-153.75
-156.18
-157.57
-161.12
-149.68
-166.41
-156.96
-144.13
-161.81
-166.58
-155.14
-161.9
-170.91
-168.49
-150.46
-182.35
-165.97
-146.21
-173.51
-177.59
-146.04
-165.28
-182.44
-155.92
-150.89
-171.43
-170.22
-144.31
-162.77
-156.09
-135.55
-153.58
-158.69
-141.1
-152.37
-170.13
-156.09
-143.79
-168.75
-175.33
-137.29
-161.12
-170.39
-148.12
-158.61
-174.12
-159.73
-148.99
-165.97
-165.54
-128.62
-169.61
-165.71
-144.05
-158.17
-175.51
-163.55
-153.15
-180.36
-171.35
-152.45
-190.67
-178.19
65.18
63.15
61.22
59.52
57.49
55.6
53.72
51.79
50.05
48
46.14
44.36
42.36
40.43
38.54
36.66
34.79
32.93
31.04
29.32
27.37
25.44
23.55
21.65
19.78
17.89
16
14.21
12.23
10.33
7.92
5.21
2.74
0.01
-2.55
-5.09
-7.72
-10.33
-12.2
-14.15
-15.93
-17.94
-19.78
-21.6
-23.61
-25.53
-27.37
-29.27
-31.19
-32.99
-34.91
-36.69
-38.68
-40.56
-42.43
-44.37
-46.14
-48.12
-50.03
-51.82
-53.78
-55.68
-57.59
-59.5
-61.31
-63.28
-65.14
-66.94
-68.94
-70.81
-72.67
-72.85
-72.87
-72.85
-72.87
-72.76
-72.83
-72.87
-72.86
-72.87
-72.87
-72.83
-72.8
-71.97
-69.92
-67.98
-65.94
-64.08
-62.13
-60.28
-58.39
-56.45
-54.61
-52.71
-50.84
-48.97
-46.94
-45.19
-43.24
-41.3
-39.53
-37.57
-35.7
-33.8
-31.96
-30.11
-28.18
-26.32
-24.41
-22.51
-20.66
-18.74
-16.73
-14.97
-13.07
-11.03
-8.89
-6.27
-3.7
-1.1
1.68
4.15
6.75
9.48
11.41
13.33
15.21
17.07
18.98
20.86
22.76
24.74
26.58
28.45
30.23
32.12
34.02
35.82
37.8
39.64
41.53
43.42
45.34
47.18
49.25
51.05
52.93
54.94
56.69
58.6
60.44
62.35
64.43
66.09
68.03
