155
68
89
175.02
190.06
163.29
162.53
165.18
163.48
158.18
176.53
160.26
146.45
167.17
174.55
156.1
160.92
173.32
166.69
156.38
167.92
170.38
142.95
163.1
172.65
151.08
163.67
166.6
161.49
151.84
161.11
153.16
144.65
154.58
166.5
151.08
166.13
182.49
166.98
171.8
180.6
171.99
169.44
197.91
174.17
155.06
181.26
182.97
162.25
165.65
184.38
174.26
158.27
174.36
174.45
159.5
170.95
172.84
157.71
170.1
170.29
163.85
161.58
167.07
171.42
162.63
174.07
176.72
161.3
162.63
167.26
156.57
152.69
167.64
893.63
890.04
886.16
6.24
7.02
5.72
8.41
8.49
4.85
7.71
6.33
7.19
9.45
7.02
-158.78
-148.12
-164.15
-167.1
-151.33
-156.53
-165.97
-157.57
-150.2
-160.51
-157.39
-152.54
-157.22
-150.37
-151.76
-154.45
-166.67
-150.46
-155.23
-176.03
-173.17
-152.54
-170.83
-169.44
-140.84
-160.6
-175.59
-142.57
-168.49
-177.24
-160.34
-143.01
-168.4
-172.65
-141.45
-154.27
-157.48
-143.35
-144.05
-158.95
-149.33
-139.63
-166.23
-161.99
-141.27
-160.25
-168.83
-143.44
-155.14
-167.71
-155.92
-149.07
-171.09
-177.24
-139.28
-164.15
-161.99
-137.2
-160.69
-173.51
-153.75
-149.16
-173.95
-173.25
-140.93
-170.83
-170.65
-159.3
-181.4
-183.22
65.28
63.23
61.29
59.41
57.57
55.81
53.79
51.88
50.11
48.07
46.34
44.29
42.4
40.65
38.65
36.75
34.86
33.01
31.23
29.25
27.44
25.67
23.61
21.78
19.96
17.95
16.11
14.19
12.26
10.53
8.01
5.36
2.87
0.13
-2.32
-5.07
-7.65
-10.12
-12.14
-14.11
-15.9
-17.89
-19.68
-21.62
-23.54
-25.37
-27.32
-29.18
-31.02
-32.96
-34.75
-36.71
-38.63
-40.41
-42.34
-44.31
-46.07
-48.04
-49.98
-51.83
-53.71
-55.55
-57.51
-59.4
-61.22
-63.18
-65.01
-66.93
-68.87
-70.71
-72.63
-72.85
-72.76
-72.86
-72.75
-72.87
-72.85
-72.76
-72.87
-72.85
-72.78
-72.87
-72.71
-71.91
-69.86
-67.81
-65.92
-64.01
-62.06
-60.2
-58.31
-56.4
-54.53
-52.58
-50.74
-48.87
-46.88
-45.12
-43.12
-41.3
-39.47
-37.43
-35.63
-33.75
-31.81
-30.04
-28.07
-26.24
-24.32
-22.34
-20.6
-18.7
-16.63
-14.83
-12.93
-11.07
-8.81
-6.04
-3.63
-1.01
1.76
4.22
7.01
9.44
11.47
13.49
15.27
17.15
19.14
20.95
22.92
24.72
26.64
28.62
30.28
32.19
34.21
35.91
37.98
39.7
41.6
43.67
45.4
47.26
49.33
51.12
52.99
54.84
56.76
58.84
60.48
62.42
64.5
66.16
68.26
