155
68
88
173.13
187.51
154.39
164.33
166.41
156.95
166.69
174.64
156.38
153.83
170.48
172.37
163.19
168.3
171.33
155.15
160.92
167.92
155.44
141.24
163.85
163.67
138.6
168.02
166.98
158.27
146.26
164.71
157.99
150.52
168.3
161.3
148.43
175.68
191.86
163
174.73
176.44
175.4
171.23
181.17
170
158.75
179.56
173.6
154.58
176.91
182.68
158.46
160.54
175.59
162.15
159.88
166.41
167.92
159.79
166.41
172.09
160.35
160.17
170.76
160.17
155.44
169.15
176.82
153.45
171.23
166.31
162.81
161.49
159.03
877.36
876.51
870.46
2.43
-1.39
-0.43
0.69
3.81
0.61
3.21
1.56
2.77
-3.64
-174.12
-168.49
-161.73
-176.46
-158.26
-156.61
-176.2
-164.5
-158.26
-169.87
-167.88
-161.47
-154.88
-168.05
-165.11
-158.35
-165.63
-167.27
-152.37
-168.83
-177.85
-164.5
-163.03
-183.74
-165.28
-150.2
-175.68
-184.78
-145.26
-168.14
-183.48
-155.57
-164.15
-178.02
-163.2
-152.19
-175.51
-159.3
-144.13
-160.86
-165.89
-137.89
-157.48
-172.47
-161.47
-156.01
-176.46
-169.27
-150.81
-165.19
-170.57
-143.87
-165.28
-178.54
-162.68
-155.14
-174.99
-176.98
-144.57
-174.21
-174.64
-145.35
-171
-179.41
-159.56
-159.21
-176.98
-178.63
-152.71
-187.47
-174.21
65.1
63.24
61.33
59.42
57.55
55.8
53.81
51.9
50.14
48.09
46.18
44.36
42.43
40.67
38.63
36.75
35.01
33.05
31.13
29.27
27.46
25.69
23.64
21.77
19.87
17.97
16.15
14.19
12.28
10.56
7.99
5.36
2.73
0.22
-2.46
-5.06
-7.65
-10.12
-12.16
-14.05
-15.86
-17.83
-19.75
-21.61
-23.48
-25.34
-27.27
-29.19
-31.05
-32.92
-34.8
-36.69
-38.61
-40.42
-42.37
-44.27
-46.11
-48
-49.93
-51.82
-53.69
-55.53
-57.49
-59.4
-61.21
-63.18
-65.02
-66.94
-68.87
-70.69
-72.61
-72.81
-72.76
-72.86
-72.87
-72.85
-72.87
-72.73
-72.86
-72.87
-72.87
-72.86
-72.8
-71.9
-69.85
-67.84
-65.89
-63.99
-62.06
-60.16
-58.33
-56.4
-54.51
-52.54
-50.76
-48.84
-46.87
-45.11
-43.15
-41.28
-39.43
-37.4
-35.6
-33.74
-31.77
-30.02
-28.15
-26.22
-24.31
-22.32
-20.57
-18.69
-16.76
-14.89
-12.98
-11.03
-8.77
-6.15
-3.58
-0.99
1.62
4.27
6.87
9.46
11.48
13.53
15.28
17.17
19.07
20.95
22.83
24.74
26.67
28.64
30.32
32.22
34.09
35.96
37.9
39.73
41.63
43.54
45.39
47.28
49.23
51.14
53.02
54.88
56.77
58.7
60.54
62.44
64.36
66.2
68.12
