155
68
88
174.36
184.86
149.19
166.22
168.4
151.75
165.46
179.56
158.65
147.77
165.37
165.75
155.81
160.45
164.14
150.23
148.53
170.48
151.65
134.81
167.07
161.21
140.3
152.12
163.48
150.99
156
156.19
153.45
146.64
168.49
156.57
144.46
173.41
191.01
158.65
176.72
174.17
175.21
168.96
180.6
166.69
164.33
178.52
173.22
157.23
170.57
183.34
157.23
164.8
177.76
162.91
156.95
168.59
171.71
155.91
172.84
166.13
162.44
161.68
167.83
163.95
159.69
174.26
171.99
158.46
162.44
165.18
160.17
158.08
158.65
882.19
886.44
881.9
-1.65
-1.47
-0.43
-0.26
3.21
-2.51
-0.78
0.09
-0.52
1.47
-142.66
-171.61
-156.61
-175.77
-167.62
-151.15
-184.26
-170.39
-161.12
-169.18
-172.47
-161.21
-153.84
-166.15
-166.15
-151.59
-170.91
-169.35
-152.54
-169.18
-178.28
-165.19
-160.95
-180.88
-167.1
-150.37
-176.89
-183.13
-147.17
-163.46
-180.27
-156.61
-160.6
-174.81
-170.13
-152.02
-171.69
-161.55
-143.96
-163.81
-168.23
-145.95
-158.35
-174.81
-164.15
-148.38
-179.15
-171.26
-145.61
-169.27
-171.26
-138.5
-160.6
-175.25
-155.92
-150.55
-172.65
-174.21
-141.79
-166.41
-174.81
-143.44
-165.19
-178.89
-163.46
-151.07
-180.71
-180.1
-156.09
-187.73
-180.71
65.23
63.22
61.28
59.38
57.52
55.64
53.76
51.84
50.09
48.05
46.14
44.42
42.37
40.5
38.61
36.71
34.99
32.96
31.07
29.23
27.41
25.53
23.58
21.72
19.94
17.92
16.05
14.14
12.26
10.4
7.95
5.31
2.8
0.11
-2.52
-5.1
-7.69
-10.26
-12.17
-14.11
-15.92
-17.89
-19.79
-21.67
-23.54
-25.47
-27.33
-29.22
-31.06
-32.96
-34.82
-36.7
-38.64
-40.52
-42.4
-44.33
-46.11
-48.05
-50
-51.84
-53.75
-55.63
-57.55
-59.43
-61.24
-63.24
-65.09
-66.96
-68.88
-70.79
-72.66
-72.86
-72.76
-72.86
-72.87
-72.87
-72.87
-72.86
-72.88
-72.91
-72.79
-72.88
-72.76
-71.9
-69.88
-67.89
-65.9
-64.04
-62.05
-60.21
-58.4
-56.4
-54.56
-52.67
-50.81
-48.89
-46.92
-45.12
-43.19
-41.25
-39.49
-37.53
-35.64
-33.77
-31.81
-30.04
-28.15
-26.31
-24.36
-22.46
-20.64
-18.7
-16.7
-14.92
-13
-11.07
-8.83
-6.2
-3.67
-1.05
1.78
4.26
6.84
9.35
11.42
13.39
15.24
17.1
19.12
20.93
22.82
24.68
26.61
28.47
30.32
32.18
34.17
35.87
37.85
39.67
41.59
43.5
45.36
47.23
49.31
51.09
52.98
55
56.76
58.65
60.47
62.37
64.48
66.09
68.09
