155
68
89
171.42
187.32
160.64
162.34
161.3
164.14
151.27
175.49
161.02
144.65
164.71
174.73
147.68
165.75
170.76
159.6
149.48
165.46
164.14
137.18
155.62
163.48
146.73
154.58
160.73
155.25
144.65
149.95
149.66
137.55
158.37
168.11
144.84
163.57
179.46
154.49
165.27
172.27
165.27
161.02
183.15
166.5
157.14
180.88
167.83
152.88
163.95
177.48
162.63
157.04
172.94
171.61
158.46
164.8
171.9
157.52
165.18
166.69
156.95
161.3
171.61
171.14
155.25
169.82
169.63
157.89
156.85
161.21
159.03
154.49
165.94
892.31
887.77
889.66
-2.51
0.26
-2.51
0.78
0.52
-1.3
-0.61
1.56
1.13
-1.99
1.91
-171.95
-154.62
-176.11
-163.72
-156.87
-169.61
-172.39
-157.91
-157.74
-168.49
-162.94
-151.41
-167.53
-159.56
-147.43
-160.51
-171.17
-155.83
-159.13
-178.37
-164.5
-153.67
-174.99
-170.39
-138.76
-168.83
-180.53
-149.42
-155.05
-181.05
-161.03
-155.66
-173.17
-173.95
-146.73
-158.61
-157.05
-138.33
-151.85
-170.91
-151.41
-149.51
-174.21
-164.85
-143.18
-162.16
-178.02
-145.09
-157.48
-169.27
-150.11
-155.83
-173.6
-173.51
-144.48
-169.53
-169.7
-142.4
-163.11
-174.03
-158.35
-156.79
-179.93
-174.64
-141.45
-180.27
-167.71
-160.6
-182.18
-187.47
65.29
63.24
61.46
59.4
57.54
55.8
53.77
51.87
50.13
48.07
46.18
44.29
42.41
40.54
38.65
36.75
35.02
33
31.25
29.24
27.41
25.61
23.64
21.75
20.01
17.94
16.11
14.22
12.3
10.54
8.02
5.34
2.86
0.19
-2.28
-5.05
-7.62
-10.12
-12.12
-14.09
-15.86
-17.86
-19.64
-21.66
-23.51
-25.37
-27.29
-29.21
-31.01
-32.94
-34.82
-36.71
-38.61
-40.44
-42.36
-44.3
-46.07
-48.05
-49.96
-51.8
-53.71
-55.55
-57.5
-59.43
-61.21
-63.21
-64.97
-66.94
-68.87
-70.7
-72.63
-72.87
-72.76
-72.86
-72.77
-72.87
-72.87
-72.76
-72.89
-72.87
-72.77
-72.87
-72.82
-71.88
-69.85
-67.76
-65.89
-64
-62.03
-60.19
-58.23
-56.44
-54.52
-52.54
-50.78
-48.81
-46.87
-45.12
-43.1
-41.26
-39.46
-37.5
-35.65
-33.74
-31.81
-30.02
-28.05
-26.25
-24.29
-22.32
-20.59
-18.65
-16.66
-14.91
-12.97
-11.07
-8.76
-6.03
-3.62
-1.01
1.79
4.24
7
9.47
11.48
13.51
15.28
17.14
19.17
20.95
22.94
24.76
26.63
28.62
30.29
32.21
34.21
35.96
37.84
39.7
41.63
43.66
45.39
47.27
49.35
51.14
53.01
54.85
56.74
58.84
60.48
62.45
64.5
66.16
68.28
