155
68
89
173.32
196.4
163.85
165.94
166.31
162.06
154.49
179.09
163.85
144.18
172.75
166.6
149
156.1
172.56
159.41
147.58
168.77
168.68
140.87
159.5
166.13
149.29
160.45
169.53
153.83
151.75
148.53
153.35
138.03
156.19
165.75
146.54
161.96
179.28
164.52
171.71
175.87
163.76
161.68
184.19
171.04
162.53
178.8
176.91
156
167.07
178.9
154.3
157.52
169.63
171.8
156.19
164.9
165.94
158.37
162.53
171.04
156.67
158.94
166.79
161.02
157.8
174.07
173.6
161.68
159.79
164.33
155.34
154.39
164.71
893.73
895.34
892.31
-2.77
-0.52
-6.41
-2.34
-1.21
-1.91
-0.35
-1.21
-1.99
-4.07
-2.25
-172.3
-153.15
-169.53
-173.77
-162.77
-159.39
-169.61
-163.37
-159.47
-169.96
-161.73
-160.86
-169.44
-160.77
-155.57
-157.05
-172.99
-155.49
-166.67
-180.62
-163.2
-161.47
-184.87
-173.6
-141.88
-172.47
-187.64
-152.63
-159.21
-181.92
-162.33
-153.93
-174.99
-184.35
-148.21
-163.89
-160.51
-149.07
-157.39
-169.53
-147.86
-145.95
-176.37
-168.49
-143.96
-171.35
-176.46
-147.95
-160.34
-175.77
-150.29
-158.35
-173.86
-178.54
-145.87
-167.97
-176.72
-142.05
-162.77
-175.07
-158.26
-156.09
-178.54
-180.97
-143.09
-177.93
-177.41
-163.98
-182.79
-192.15
65.32
63.25
61.33
59.45
57.6
55.86
53.82
51.91
50.16
48.13
46.22
44.35
42.41
40.68
38.67
36.77
35.03
33.05
31.15
29.28
27.47
25.69
23.65
21.77
19.96
17.98
16.11
14.23
12.32
10.56
7.99
5.41
2.94
0.18
-2.43
-4.86
-7.61
-10.08
-12.1
-14.06
-15.83
-17.81
-19.74
-21.51
-23.48
-25.36
-27.27
-29.16
-30.99
-32.92
-34.77
-36.66
-38.58
-40.38
-42.33
-44.26
-46.03
-48
-49.93
-51.79
-53.67
-55.53
-57.5
-59.37
-61.2
-63.15
-65.06
-66.83
-68.83
-70.69
-72.59
-72.87
-72.76
-72.86
-72.89
-72.87
-72.87
-72.77
-72.87
-72.87
-72.76
-72.87
-72.77
-71.88
-69.82
-67.78
-65.88
-63.99
-62
-60.14
-58.3
-56.41
-54.47
-52.54
-50.72
-48.83
-46.84
-45.08
-43.14
-41.26
-39.43
-37.39
-35.6
-33.74
-31.76
-29.98
-28.1
-26.22
-24.28
-22.31
-20.56
-18.66
-16.64
-14.86
-12.96
-10.99
-8.74
-5.96
-3.57
-0.94
1.84
4.28
6.91
9.5
11.49
13.55
15.32
17.19
19.2
21
22.87
24.86
26.62
28.66
30.34
32.24
34.26
35.98
37.91
39.77
41.65
43.69
45.43
47.31
49.36
51.16
53.03
54.89
56.78
58.86
60.51
62.47
64.53
66.21
68.13
