155
68
89
175.4
194.03
156.38
164.23
166.6
160.35
156
173.41
166.6
146.35
167.73
166.13
155.91
159.31
174.64
158.65
150.7
170.57
169.63
137.93
157.89
176.25
145.5
159.41
167.45
157.8
151.75
161.87
156.67
152.79
163.85
171.8
155.34
161.77
183.63
172.56
166.41
178.52
170.1
162.53
192.8
179.94
159.41
173.41
175.3
154.39
171.23
187.79
166.03
161.96
175.59
179.65
161.4
170.48
170.48
155.91
165.84
167.64
159.69
156.76
173.22
172.94
155.91
174.07
183.15
166.79
163.1
167.73
158.46
161.11
163.67
858.54
861.18
859.01
7.54
5.98
5.29
3.9
9.79
4.25
6.15
9.1
10.05
3.73
8.41
-159.99
-141.97
-165.71
-166.49
-149.59
-158.26
-164.76
-155.31
-149.42
-161.03
-160.17
-148.81
-164.59
-158.61
-158.52
-150.63
-164.93
-153.15
-162.07
-171.35
-163.11
-154.19
-173.77
-167.79
-139.8
-163.89
-179.06
-141.71
-148.38
-179.23
-159.39
-147.17
-167.27
-162.85
-139.45
-152.02
-155.23
-141.53
-146.99
-165.63
-150.98
-139.11
-156.96
-167.79
-139.02
-161.99
-167.53
-140.06
-166.49
-166.15
-151.33
-150.72
-166.58
-169.27
-140.58
-163.63
-161.03
-138.5
-161.29
-176.37
-153.23
-144.65
-174.03
-162.77
-139.63
-174.38
-167.36
-159.47
-175.77
-189.29
65.36
63.28
61.35
59.46
57.59
55.86
53.81
51.91
50.15
48.12
46.19
44.49
42.42
40.71
38.68
36.75
35.05
33.06
31.14
29.37
27.48
25.67
23.66
21.81
19.98
18.02
16.12
14.23
12.33
10.56
8.05
5.42
2.9
0.23
-2.46
-4.88
-7.6
-10.08
-12.08
-14.05
-15.83
-17.84
-19.72
-21.49
-23.44
-25.45
-27.26
-29.15
-30.99
-32.96
-34.79
-36.64
-38.56
-40.4
-42.31
-44.25
-46.05
-48.03
-49.92
-51.79
-53.69
-55.5
-57.49
-59.36
-61.19
-63.14
-65.03
-66.86
-68.83
-70.71
-72.57
-72.87
-72.76
-72.87
-72.88
-72.87
-72.87
-72.76
-72.86
-72.85
-72.78
-72.85
-72.78
-71.88
-69.82
-67.78
-65.89
-63.96
-61.99
-60.16
-58.3
-56.34
-54.47
-52.51
-50.73
-48.83
-46.88
-45.09
-43.12
-41.24
-39.42
-37.42
-35.58
-33.7
-31.77
-29.99
-28.1
-26.19
-24.28
-22.32
-20.56
-18.69
-16.63
-14.87
-12.94
-10.9
-8.74
-6.01
-3.58
-0.94
1.83
4.29
6.92
9.62
11.49
13.58
15.3
17.17
19.2
20.97
22.85
24.73
26.66
28.52
30.35
32.25
34.24
35.99
37.92
39.74
41.68
43.71
45.43
47.3
49.35
51.16
53.03
55.05
56.78
58.84
60.56
62.47
64.53
66.22
68.16
