155
68
89
180.88
187.51
155.25
166.98
173.79
154.49
165.18
175.96
159.12
152.6
170.76
167.36
155.53
168.11
179.18
159.98
160.35
181.45
162.72
141.81
170.95
165.46
146.64
164.99
168.21
155.91
163.29
163.29
153.45
150.42
166.69
160.35
148.72
164.9
186.94
168.4
177.1
182.21
175.68
174.17
193.37
167.83
165.18
191.57
181.36
160.45
183.72
190.16
157.42
175.11
182.02
161.4
165.94
168.21
167.64
164.14
173.13
171.04
162.44
163.57
169.34
162.15
158.75
177.57
173.41
151.84
163.85
164.42
164.04
156.76
165.75
875.47
875.56
875.28
9.45
5.03
8.67
5.11
7.8
5.03
7.28
8.84
7.28
7.89
1.99
-171.69
-149.94
-168.92
-159.65
-151.07
-171.78
-163.37
-150.2
-158.52
-161.99
-162.85
-151.85
-163.72
-154.01
-147.69
-161.38
-170.22
-158.35
-162.07
-170.74
-164.93
-159.82
-178.8
-164.33
-144.74
-173.95
-181.14
-142.57
-162.42
-184.43
-157.22
-153.49
-175.42
-170.22
-147.17
-161.99
-158.69
-141.97
-155.57
-160.17
-139.71
-146.73
-173.25
-159.56
-148.47
-165.8
-176.81
-139.11
-164.24
-169.44
-144.05
-156.27
-171.17
-161.99
-150.81
-164.15
-170.39
-131.39
-160.95
-169.27
-147.34
-158.43
-179.32
-165.63
-149.16
-182.79
-168.66
-150.29
-182.09
-177.15
65.17
63.14
61.16
59.34
57.45
55.54
53.68
51.76
49.99
47.9
46.1
44.21
42.27
40.41
38.55
36.66
34.91
32.92
31.02
29.16
27.35
25.4
23.51
21.64
19.86
17.85
15.97
14.22
12.16
10.29
7.8
5.2
2.73
0.02
-2.62
-5.22
-7.78
-10.36
-12.24
-14.22
-15.99
-17.95
-19.85
-21.75
-23.62
-25.57
-27.39
-29.33
-31.12
-33.06
-34.92
-36.7
-38.74
-40.6
-42.48
-44.38
-46.2
-48.16
-50.1
-51.94
-53.8
-55.72
-57.62
-59.56
-61.32
-63.29
-65.18
-67.06
-68.93
-70.87
-72.7
-72.88
-72.87
-72.84
-72.83
-72.87
-72.86
-72.87
-72.87
-72.87
-72.76
-72.87
-72.81
-71.99
-69.95
-67.99
-65.99
-64.13
-62.16
-60.3
-58.44
-56.56
-54.64
-52.74
-50.85
-48.97
-47.07
-45.23
-43.32
-41.39
-39.56
-37.63
-35.73
-33.85
-31.91
-30.16
-28.25
-26.35
-24.43
-22.55
-20.69
-18.78
-16.75
-15.01
-13.09
-11.16
-8.94
-6.32
-3.79
-1.14
1.61
4.08
6.69
9.3
11.34
13.3
15.15
17.01
19.05
20.8
22.69
24.59
26.53
28.39
30.19
32.09
34.11
35.83
37.77
39.74
41.49
43.41
45.29
47.15
49.22
51.01
52.86
54.75
56.65
58.56
60.38
62.3
64.39
66.07
67.99
