155
68
89
176.82
189.21
149.19
165.75
165.18
162.63
168.3
176.25
155.91
150.04
168.68
170.29
150.14
167.17
170.19
160.26
152.03
172.18
165.65
138.88
165.46
163.48
146.26
170.29
161.96
157.42
162.72
167.17
147.3
142.85
162.44
161.21
145.31
172.18
186.84
168.4
181.26
178.33
171.61
174.07
196.21
175.96
161.11
184.38
180.32
156.95
179.37
187.13
166.69
168.3
165.84
155.81
160.54
167.92
164.04
153.54
167.83
173.32
157.04
163.57
170.86
157.89
162.63
174.55
167.64
158.27
170.76
170.38
150.52
156.85
169.34
891.27
893.07
889.38
10.92
13.61
7.63
-0.09
4.16
5.29
4.77
3.64
-1.65
1.65
-0.43
-157.22
-145.43
-167.79
-156.01
-145.43
-163.98
-170.48
-149.07
-156.01
-158.78
-159.04
-151.85
-159.82
-154.19
-145.87
-162.42
-167.71
-154.79
-154.79
-180.01
-167.97
-155.31
-179.06
-159.82
-147.34
-174.21
-177.5
-131.3
-168.23
-167.88
-153.23
-153.32
-170.74
-159.91
-139.02
-161.12
-160.34
-139.37
-159.91
-159.47
-146.91
-150.89
-171.69
-159.39
-149.25
-164.76
-172.99
-143.7
-163.03
-166.67
-148.47
-160.86
-169.61
-166.67
-143.27
-171.95
-168.57
-136.51
-166.06
-170.13
-137.29
-153.67
-180.53
-167.53
-147.17
-179.23
-172.82
-155.57
-188.42
-175.25
65.01
63.15
61.21
59.34
57.48
55.74
53.71
51.82
49.88
48.01
46.1
44.24
42.32
40.58
38.56
36.68
34.92
32.92
31.02
29.17
27.39
25.46
23.54
21.68
19.78
17.87
16
14.13
12.19
10.33
7.89
5.25
2.8
0.05
-2.56
-5.17
-7.74
-10.19
-12.22
-14.15
-15.96
-17.95
-19.83
-21.71
-23.6
-25.47
-27.37
-29.25
-31.08
-33.03
-34.91
-36.77
-38.68
-40.51
-42.44
-44.37
-46.14
-48.12
-50.06
-51.9
-53.79
-55.61
-57.59
-59.46
-61.3
-63.27
-65.12
-67.01
-68.99
-70.83
-72.68
-72.89
-72.8
-72.86
-72.87
-72.87
-72.87
-72.86
-72.87
-72.88
-72.86
-72.86
-72.8
-71.99
-69.95
-67.92
-66
-64.08
-62.11
-60.24
-58.43
-56.5
-54.61
-52.64
-50.88
-48.94
-47.04
-45.15
-43.26
-41.36
-39.53
-37.57
-35.7
-33.8
-31.95
-30.1
-28.21
-26.29
-24.4
-22.4
-20.68
-18.73
-16.74
-14.98
-13.09
-11.14
-8.9
-6.15
-3.75
-1.12
1.69
4.14
6.74
9.36
11.4
13.46
15.17
17.08
19.1
20.88
22.76
24.63
26.56
28.55
30.21
32.1
34.15
35.86
37.78
39.64
41.53
43.6
45.33
47.18
49.25
51.05
52.91
54.78
56.7
58.6
60.43
62.34
64.26
66.12
68.03
