155
68
89
162.53
183.34
165.18
166.41
169.15
161.96
157.99
185.61
166.03
147.68
169.91
176.63
168.02
165.46
165.65
160.26
147.96
173.03
161.3
135.66
163.76
174.17
146.16
160.45
167.64
158.84
139.64
159.41
161.3
146.16
163.48
173.41
146.54
168.96
187.41
157.99
165.75
176.91
166.5
167.45
184.57
173.32
162.44
175.78
175.3
154.02
169.34
182.3
162.63
164.52
177.48
174.55
153.16
163.95
169.06
160.92
158.46
176.91
156.57
160.54
167.17
170.48
153.35
168.4
176.25
158.08
160.64
162.53
163.1
151.75
168.68
895.24
886.54
883.8
-1.3
5.03
-0.35
0.43
1.91
-3.29
1.56
1.99
5.98
1.82
1.73
-176.37
-157.22
-177.24
-168.4
-156.61
-171.61
-163.29
-157.39
-162.16
-169.79
-171.09
-155.49
-165.63
-157.57
-153.67
-165.11
-166.15
-157.74
-167.01
-180.71
-169.27
-158.78
-186.77
-180.36
-155.14
-176.29
-185.47
-153.58
-157.74
-177.15
-163.29
-155.31
-176.29
-176.2
-143.96
-160.51
-165.8
-148.47
-150.11
-167.97
-147.43
-158.61
-175.77
-167.45
-149.94
-169.09
-175.16
-146.21
-167.19
-175.59
-158
-155.57
-176.2
-172.04
-146.56
-170.57
-178.45
-143.87
-161.64
-176.03
-157.83
-157.65
-178.28
-173.25
-143.01
-179.41
-182.09
-160.25
-177.15
-180.62
65.34
63.27
61.48
59.45
57.59
55.85
53.82
51.96
50
48.1
46.39
44.32
42.44
40.7
38.68
36.78
34.9
33.03
31.27
29.28
27.48
25.71
23.68
21.78
19.92
18.02
16.26
14.25
12.34
10.6
8.06
5.44
2.7
0.25
-2.27
-5.04
-7.57
-10.11
-12.11
-14.05
-15.95
-17.85
-19.61
-21.58
-23.45
-25.33
-27.26
-29.15
-30.98
-32.9
-34.71
-36.68
-38.58
-40.39
-42.35
-44.27
-46.12
-48
-49.82
-51.78
-53.66
-55.52
-57.47
-59.37
-61.25
-63.14
-64.95
-66.9
-68.82
-70.68
-72.59
-72.85
-72.87
-72.86
-72.76
-72.87
-72.87
-72.77
-72.86
-72.88
-72.78
-72.87
-72.7
-71.88
-69.84
-67.77
-65.89
-63.96
-62.05
-60.14
-58.25
-56.37
-54.47
-52.51
-50.73
-48.81
-46.9
-45.09
-43.09
-41.25
-39.43
-37.4
-35.58
-33.7
-31.84
-29.96
-28.02
-26.2
-24.29
-22.3
-20.54
-18.66
-16.63
-14.87
-12.83
-11
-8.73
-5.97
-3.55
-0.94
1.71
4.3
7.03
9.5
11.5
13.58
15.29
17.17
19.09
20.99
22.96
24.76
26.64
28.66
30.32
32.25
34.18
35.97
38.05
39.78
41.64
43.7
45.46
47.3
49.21
51.18
53.2
54.88
56.81
58.86
60.54
62.47
64.41
66.23
68.29
