155
68
89
164.14
190.25
162.91
165.75
164.04
166.22
167.45
179.84
168.96
146.26
171.33
180.41
161.4
161.77
169.15
161.49
153.07
172.27
164.14
140.49
155.44
167.36
149.85
162.72
177.76
156.48
143.61
159.41
163.85
144.46
164.52
169.91
165.46
169.34
183.82
156.29
170.1
181.74
178.52
153.45
181.74
178.8
157.33
162.25
172.27
157.52
172.94
176.25
162.81
168.11
173.41
176.82
161.21
169.53
172.56
158.56
158.75
171.23
159.03
165.08
167.83
160.17
154.39
172.09
176.91
154.68
165.27
164.14
155.25
145.41
164.52
876.51
874.71
875.56
1.91
0.09
1.04
3.73
3.99
-1.04
3.99
1.47
1.91
-2.43
1.56
-163.81
-163.03
-173.25
-166.75
-153.49
-170.05
-168.83
-158.95
-160.43
-172.82
-170.74
-156.96
-167.1
-156.53
-156.53
-162.59
-165.8
-155.05
-165.02
-184.95
-170.57
-157.91
-178.02
-177.76
-147.51
-169.79
-182.35
-149.94
-165.11
-179.32
-162.68
-156.35
-176.46
-169.35
-142.14
-170.65
-164.5
-144.13
-150.72
-171.52
-148.38
-150.37
-176.46
-161.03
-147.69
-171.35
-169.44
-143.61
-158.61
-171.09
-153.49
-151.67
-175.68
-177.85
-146.3
-171.52
-178.71
-145.35
-169.7
-174.99
-153.84
-160.43
-177.59
-168.83
-146.21
-178.19
-175.59
-158.69
-179.67
-176.63
65.32
63.24
61.35
59.41
57.6
55.86
53.82
51.89
50.13
48.09
46.2
44.33
42.41
40.7
38.68
36.79
35.04
33.02
31.1
29.43
27.47
25.67
23.66
21.78
20
17.96
16.11
14.22
12.33
10.53
8.03
5.39
2.9
0.16
-2.46
-5.06
-7.61
-10.1
-12.11
-14.05
-15.81
-17.83
-19.72
-21.61
-23.49
-25.33
-27.27
-29.16
-30.99
-32.9
-34.8
-36.58
-38.58
-40.48
-42.31
-44.27
-46.06
-48.02
-49.93
-51.79
-53.66
-55.49
-57.49
-59.36
-61.21
-63.14
-65.01
-66.9
-68.86
-70.68
-72.59
-72.88
-72.76
-72.88
-72.87
-72.86
-72.87
-72.76
-72.84
-72.87
-72.75
-72.85
-72.76
-71.88
-69.84
-67.78
-65.88
-63.97
-61.98
-60.18
-58.3
-56.4
-54.5
-52.54
-50.71
-48.83
-46.86
-45.07
-43.16
-41.25
-39.39
-37.43
-35.58
-33.73
-31.76
-30.02
-28.11
-26.16
-24.31
-22.32
-20.57
-18.66
-16.66
-14.9
-12.99
-11.03
-8.76
-5.99
-3.59
-0.97
1.81
4.25
6.87
9.47
11.46
13.54
15.27
17.18
19.19
20.97
22.86
24.78
26.62
28.65
30.28
32.23
34.18
35.94
37.89
39.86
41.65
43.67
45.38
47.31
49.36
51.18
53.02
55.04
56.77
58.86
60.52
62.46
64.53
66.18
68.13
