157
69
90
114.28
124.27
115.94
122.98
130.55
124.42
119.5
123.59
144.26
123.29
132.3
143.42
117.16
109.66
122.76
100.74
94.3
107.78
101.49
96.58
111.1
111.02
107.62
102.4
111.18
114.13
101.87
118.45
115.34
105.2
120.26
113.38
94.15
93.32
105.2
78.03
88.93
92.79
84.46
79.62
91.73
87.87
72.81
96.27
90.14
88.02
85.37
95.89
94.38
91.35
104.98
96.95
91.27
109.06
95.59
87.57
103.08
105.88
90.67
91.27
100.28
98.16
96.19
100.74
100.58
93.39
106.18
105.66
107.47
101.19
763.42
764.41
759.56
1.8
1.53
2.08
-0.42
2.5
-0.55
3.4
4.92
4.02
1.32
3.4
2.15
1.74
-86.81
-98.32
-105.11
-108.02
-94.99
-106.71
-103.03
-94.02
-105.81
-103.66
-92.84
-100.33
-107.34
-101.16
-99.29
-102.75
-113.3
-88.34
-97.49
-100.61
-82.93
-93.33
-95.41
-74.82
-91.25
-88.68
-87.5
-90.97
-92.84
-94.85
-94.02
-86.81
-102.41
-83.06
-88.68
-113.22
-90.06
-100.61
-116.42
-105.11
-107.54
-116.7
-100.74
-98.18
-96.93
-99.63
-94.3
-102.62
-100.46
-92.77
-93.54
-104.9
-107.75
-101.58
-112.81
-127.3
-118.42
-131.94
-142.14
-121.41
-131.18
-136.18
-109.9
-111.91
-121.82
-121.27
-115.66
-102.13
-114.41
-100.12
-95.06
67.38
65.44
63.15
61.08
59.12
56.88
54.8
52.72
50.62
48.63
46.34
44.25
42.31
40.06
37.99
35.88
33.8
31.74
29.67
27.67
25.68
23.4
21.34
19.23
17.14
15.04
12.96
10.87
8.44
5.36
2.48
-0.39
-3.32
-6.15
-9.08
-11.46
-13.51
-15.74
-17.8
-19.98
-22.01
-24.11
-26.25
-28.34
-30.35
-32.47
-34.55
-36.62
-38.76
-40.89
-42.97
-45.03
-47
-49.25
-51.34
-53.44
-55.49
-57.65
-59.76
-61.82
-63.89
-66.02
-68.14
-70.26
-72.3
-74.37
-76.49
-78.59
-80.64
-82.8
-82.87
-82.86
-82.86
-82.87
-82.89
-82.9
-82.8
-82.93
-82.88
-82.93
-82.87
-82.91
-82.55
-80.86
-78.73
-76.63
-74.6
-72.45
-70.37
-68.32
-66.16
-64.06
-61.9
-59.82
-57.76
-55.65
-53.55
-51.39
-49.35
-47.26
-45.16
-43.1
-40.96
-38.89
-36.79
-34.62
-32.53
-30.56
-28.38
-26.32
-24.23
-22.12
-20.03
-18.02
-15.88
-13.76
-11.48
-9.28
-6.34
-3.53
-0.63
2.29
5.21
8.09
10.81
12.82
14.93
17
19.1
21.2
23.27
25.38
27.64
29.57
31.56
33.66
35.79
37.9
39.98
42.07
44.31
46.24
48.37
50.44
52.56
54.7
56.77
58.84
61.14
63.08
65.16
67.24
69.35
71.64
73.56
75.61
77.93
