155
68
89
177.01
191.1
156.48
166.6
168.77
160.35
159.03
172.94
160.26
137.93
160.83
166.13
152.12
159.79
168.11
162.72
152.22
165.37
168.4
138.6
160.64
173.69
151.56
163.57
158.37
153.26
150.33
158.56
154.02
149.48
158.84
167.17
156.29
167.17
181.07
170.67
176.15
178.71
170.95
175.96
196.12
174.17
162.15
180.88
181.36
153.73
168.68
182.97
169.53
164.8
170.57
175.02
162.34
173.79
168.02
160.26
165.08
174.07
161.4
159.41
174.17
171.71
159.5
177.67
178.23
161.02
168.4
166.03
158.75
159.6
161.96
870.17
870.27
869.13
5.37
7.37
8.49
6.67
8.49
5.72
3.38
5.2
1.65
7.71
10.92
-161.21
-146.99
-165.28
-168.4
-153.67
-156.35
-167.79
-156.09
-152.37
-164.41
-157.83
-146.39
-161.99
-152.28
-152.89
-151.76
-163.72
-149.94
-153.15
-176.46
-168.49
-152.89
-175.33
-169.44
-137.81
-167.45
-182.96
-138.41
-153.93
-182.01
-160.51
-149.42
-170.48
-176.46
-144.13
-156.44
-156.79
-150.03
-150.55
-165.63
-152.28
-142.4
-168.57
-167.36
-134.69
-160.08
-169.53
-146.91
-152.37
-173.25
-151.93
-149.25
-166.93
-174.9
-143.35
-159.82
-162.77
-133.82
-159.39
-175.42
-162.59
-148.99
-174.64
-167.53
-136.42
-174.29
-166.67
-161.64
-175.51
-189.03
65.26
63.17
61.28
59.38
57.52
55.78
53.77
51.83
50.08
48.05
46.16
44.26
42.36
40.61
38.62
36.72
34.99
32.98
31.21
29.23
27.39
25.64
23.59
21.73
19.93
17.92
16.07
14.18
12.26
10.5
7.98
5.32
2.81
0.13
-2.52
-5.1
-7.7
-10.17
-12.16
-14.12
-15.91
-17.92
-19.78
-21.66
-23.57
-25.39
-27.33
-29.24
-31.09
-32.98
-34.77
-36.68
-38.62
-40.47
-42.41
-44.32
-46.11
-48.07
-50
-51.86
-53.72
-55.55
-57.57
-59.45
-61.25
-63.21
-65.11
-66.94
-68.91
-70.79
-72.66
-72.86
-72.76
-72.87
-72.74
-72.84
-72.84
-72.75
-72.87
-72.86
-72.75
-72.86
-72.8
-71.93
-69.85
-67.82
-65.94
-64.03
-62.04
-60.23
-58.37
-56.48
-54.54
-52.62
-50.78
-48.88
-46.93
-45.15
-43.21
-41.3
-39.47
-37.47
-35.64
-33.74
-31.82
-30.05
-28.07
-26.27
-24.32
-22.37
-20.63
-18.7
-16.67
-14.94
-13.04
-11.06
-8.76
-6.08
-3.67
-1.04
1.81
4.16
6.88
9.43
11.45
13.48
15.27
17.09
19.14
20.9
22.9
24.69
26.59
28.59
30.28
32.18
34.16
35.91
37.97
39.7
41.56
43.63
45.36
47.2
49.32
51.11
52.92
54.94
56.7
58.8
60.48
62.37
64.47
66.15
68.08
