155
68
88
180.32
188.45
151.18
164.71
170
158.46
163
174.64
163.29
148.43
164.9
166.79
151.75
171.42
170.86
160.45
156.48
174.83
164.42
136.14
166.5
159.12
145.12
155.62
164.23
152.88
148.34
163.67
150.23
145.97
164.33
164.8
151.37
164.14
184.76
164.33
169.63
179.18
167.45
172.56
182.68
172.18
162.06
185.61
175.49
157.23
172.94
181.64
161.68
169.06
173.88
163
159.69
159.69
164.99
164.23
166.03
169.06
156.57
162.44
164.99
161.87
155.25
174.83
174.83
156.29
166.41
165.94
157.42
155.15
161.49
891.46
893.73
886.92
-8.67
-1.82
-6.24
-6.85
-0.35
-3.9
-2.43
-4.51
0
-6.24
-170.65
-171.95
-159.99
-175.94
-170.48
-162.85
-184.43
-169.61
-161.9
-168.05
-168.57
-161.29
-161.47
-171.26
-164.59
-162.16
-175.16
-178.45
-159.56
-173.08
-183.05
-177.07
-172.99
-186.25
-168.66
-154.79
-181.92
-189.72
-153.67
-173.43
-192.06
-160.86
-164.5
-180.1
-174.81
-150.89
-171.95
-169.09
-149.07
-166.93
-172.65
-148.12
-159.39
-177.33
-169.61
-156.44
-173.69
-178.71
-148.12
-172.04
-176.11
-152.02
-176.03
-180.19
-167.62
-161.64
-179.75
-178.19
-144.13
-174.73
-177.24
-150.89
-171.35
-187.29
-170.05
-162.68
-186.43
-179.67
-160.08
-193.53
-187.55
65.33
63.26
61.36
59.45
57.64
55.73
53.83
51.91
50.17
48.12
46.24
44.32
42.48
40.56
38.67
36.79
35
33.06
31.03
29.28
27.49
25.61
23.68
21.82
20.03
18
16.12
14.28
12.33
10.48
8.06
5.43
2.96
0.26
-2.43
-4.96
-7.6
-10.18
-12.12
-14.02
-15.85
-17.82
-19.73
-21.57
-23.47
-25.41
-27.27
-29.16
-30.96
-32.9
-34.76
-36.62
-38.58
-40.44
-42.33
-44.24
-46.03
-47.98
-49.93
-51.79
-53.66
-55.58
-57.46
-59.33
-61.18
-63.09
-65.07
-66.9
-68.83
-70.73
-72.56
-72.87
-72.75
-72.9
-72.88
-72.88
-72.87
-72.87
-72.89
-72.86
-72.76
-72.87
-72.77
-71.88
-69.82
-67.83
-65.89
-63.95
-61.99
-60.12
-58.29
-56.37
-54.53
-52.58
-50.72
-48.8
-46.85
-45.05
-43.12
-41.24
-39.39
-37.4
-35.57
-33.69
-31.77
-30
-28.08
-26.22
-24.28
-22.39
-20.54
-18.63
-16.61
-14.84
-12.95
-10.98
-8.72
-6.09
-3.57
-0.93
1.84
4.28
6.99
9.5
11.52
13.47
15.32
17.18
19.22
20.98
22.86
24.76
26.69
28.53
30.35
32.25
34.28
35.99
37.9
39.77
41.66
43.57
45.43
47.3
49.35
51.16
53.05
54.87
56.8
58.71
60.53
62.48
64.56
66.19
68.17
