157
68
89
120.56
116.78
117.31
126.31
121.4
122.3
116.55
149.1
136.91
122.76
140.7
131.01
103.61
114.58
107.47
91.88
98.62
99.75
90.74
98.46
109.36
97.41
103.46
106.34
110.8
103.99
117.54
110.12
110.95
106.79
125.48
104.82
100.66
108.61
90.67
82.19
94.15
88.7
80.98
90.67
88.78
81.14
83.4
89.46
82.72
83.4
99.75
97.48
89.69
104.29
99.75
92.86
105.81
112.54
106.41
109.51
110.42
102.1
95.59
103.16
105.88
90.52
102.18
99.6
95.44
98.92
105.96
101.79
100.43
694.17
684.41
680.78
-1.25
1.25
-2.5
0.9
-0.83
-3.05
-2.63
-0.28
0.34
-0.7
-0.42
-2.98
-0.28
-71.97
-99.7
-107.61
-111.14
-96.24
-109.27
-109.9
-104.9
-102.13
-111.77
-102.34
-106.98
-113.85
-106.78
-106.08
-108.72
-112.81
-89.23
-102.2
-98.53
-76.41
-93.95
-97.97
-82.37
-95.89
-89.86
-91.18
-95.47
-91.8
-102.06
-92.35
-91.38
-106.57
-84.31
-95.41
-120.37
-102.75
-105.18
-123.9
-109.34
-108.58
-117.25
-106.22
-98.74
-95.62
-100.88
-102.75
-101.58
-102.34
-96.51
-89.72
-106.5
-110.73
-96.66
-114.96
-125.43
-115.51
-131.88
-143.87
-123.14
-131.11
-131.94
-115.93
-114.26
-119.95
-125.5
-115.72
-107.54
-110.87
-106.29
-94.64
-119.12
65.84
63.52
61.47
59.33
57.28
55.38
53.12
51.05
49.05
46.81
44.71
42.78
40.52
38.59
36.35
34.28
32.33
30.11
28.05
26.15
23.93
21.95
19.68
17.62
15.58
13.4
11.31
8.92
6.01
3.37
0.27
-2.69
-5.33
-8.43
-10.99
-13.12
-15.25
-17.26
-19.43
-21.52
-23.54
-25.78
-27.85
-29.97
-32.01
-34
-36.21
-38.29
-40.32
-42.43
-44.62
-46.6
-48.8
-50.78
-52.96
-55.05
-57.15
-59.28
-61.36
-63.41
-65.57
-67.61
-69.78
-71.83
-73.97
-76.04
-78.12
-80.22
-82.37
-82.71
-82.81
-82.81
-82.68
-82.79
-82.76
-82.72
-82.79
-82.68
-82.8
-82.78
-82.72
-82.32
-80.42
-78.29
-76.14
-74.09
-71.98
-69.88
-67.75
-65.7
-63.62
-61.49
-59.43
-57.25
-55.15
-53.09
-50.94
-48.9
-46.74
-44.65
-42.59
-40.45
-38.41
-36.29
-34.12
-32.11
-30.1
-27.92
-25.91
-23.66
-21.7
-19.58
-17.39
-15.4
-13.28
-11.11
-8.58
-5.55
-2.86
0.04
3.08
5.84
8.74
11.19
13.31
15.51
17.48
19.61
21.79
23.79
25.87
27.98
30
32.16
34.19
36.25
38.51
40.41
42.55
44.62
46.7
49.01
50.95
53.08
55.32
57.23
59.36
61.46
63.55
65.76
67.74
69.83
72.11
74.05
76.09
78.39
80.32
