157
69
89
215.14
209.85
208.99
200.29
213.06
204.64
207.86
217.13
211.55
202.47
214.2
216.37
210.22
212.78
217.85
217.7
215.14
218.74
211.45
199.44
212.4
209.94
209.66
216.56
209.18
206.44
208.05
210.51
211.74
199.91
219.5
218.18
214.2
219.62
219.68
204.26
218.74
216.94
218.27
217.16
220.12
211.36
220.63
218.64
199.25
205.4
220.25
209.75
212.12
217.75
204.45
201.33
215.81
210.6
222.62
206.25
216.47
224.32
214.2
217.61
221.39
214.48
220.63
209.47
218.36
223.85
215.43
210.04
210.98
212.49
204.08
202.94
980.21
979.08
969.05
-17.61
-13.1
-16.31
-12.23
-13.27
-17.95
-15.79
-17.09
-13.45
-20.38
-183.67
-222.49
-211.57
-219.63
-214.52
-214
-222.41
-223.62
-222.32
-217.56
-218.92
-217.6
-206.98
-215.73
-221.37
-207.67
-216.25
-219.98
-195.19
-219.03
-212.87
-205.85
-208.54
-220.07
-209.93
-195.19
-217.54
-218.51
-216.51
-221.11
-218.21
-217.54
-216.77
-213.83
-219.81
-222.93
-224.4
-215.3
-216.51
-215.99
-217.38
-201.43
-205.68
-205.94
-204.03
-218.07
-204.29
-209.75
-216.77
-217.55
-224.57
-209.84
-223.71
-218.71
-218.77
-218.85
-217.69
-213.31
-212.53
-221.37
-215.47
-209.93
-207.85
-213.83
-205.77
-216.86
-204.21
-197.71
-208.45
-218.33
-195.89
-200.05
65.47
63.42
61.54
59.55
57.75
55.86
54.01
52.09
50.37
48.27
46.37
44.47
42.61
40.72
38.84
36.95
35.19
33.18
31.31
29.47
27.65
25.71
23.88
21.98
20.18
18.17
16.29
14.4
12.49
10.63
8.24
5.63
3.17
0.44
-2.22
-4.81
-7.39
-10.04
-11.95
-13.9
-15.65
-17.67
-19.53
-21.45
-23.32
-25.23
-27.12
-29.01
-30.81
-32.72
-34.6
-36.49
-38.39
-40.3
-42.17
-44.08
-45.89
-47.83
-49.74
-51.62
-53.49
-55.42
-57.32
-59.21
-61.02
-62.99
-64.86
-66.77
-68.62
-70.58
-72.43
-74.33
-74.95
-75.06
-75.04
-75.03
-75.04
-75.01
-75.04
-75.04
-74.92
-75.06
-75.04
-74.88
-73.75
-71.83
-69.88
-67.91
-65.98
-64.13
-62.19
-60.37
-58.43
-56.54
-54.68
-52.79
-50.84
-49.02
-47.09
-45.26
-43.32
-41.45
-39.57
-37.62
-35.67
-33.91
-32.02
-30.16
-28.31
-26.36
-24.46
-22.61
-20.62
-18.8
-16.92
-15.06
-13.16
-11.2
-8.98
-6.4
-3.66
-1.23
1.42
4
6.56
9.23
11.33
13.24
15.24
17
18.89
20.78
22.71
24.57
26.42
28.37
30.3
32.03
33.94
35.8
37.7
39.56
41.49
43.39
45.36
47.14
49.05
50.93
52.85
54.74
56.59
58.57
60.57
62.26
64.17
66.07
67.98
