155
68
88
171.99
187.88
151.27
163.67
161.21
150.33
167.83
180.79
162.34
153.45
168.68
160.73
154.68
160.73
166.13
149.76
149.95
170.67
154.96
137.18
157.04
158.18
131.78
160.45
160.35
148.15
155.62
154.58
151.37
141.72
167.54
161.4
145.97
166.88
187.03
160.26
178.61
174.36
164.8
165.18
175.59
165.84
163.48
178.42
171.33
159.41
177.38
175.87
159.98
170.38
176.06
161.4
157.33
164.61
170.48
156.95
167.54
170.19
159.31
164.71
171.71
159.6
164.42
178.9
170.19
156.1
172.46
167.17
161.96
158.08
161.02
855.41
847.37
846.8
-1.82
-0.26
-1.99
-1.3
-2.08
1.56
-3.55
-0.61
1.47
-1.82
-56.77
-171
-157.31
-175.77
-168.05
-157.83
-182.44
-165.71
-159.73
-171.95
-167.1
-161.38
-153.23
-170.91
-164.76
-150.98
-165.19
-170.48
-156.09
-169.09
-182.18
-165.71
-159.73
-187.47
-172.47
-148.03
-173.86
-183.22
-149.85
-167.36
-186.6
-158.78
-158.78
-177.85
-165.02
-147.51
-171.69
-161.64
-141.19
-162.07
-164.5
-144.22
-158.17
-169.27
-166.15
-154.27
-170.83
-174.81
-141.27
-165.02
-169.09
-140.23
-156.18
-180.19
-157.22
-152.71
-175.85
-171.69
-143.44
-169.27
-173.51
-145.17
-166.15
-179.58
-164.85
-151.24
-180.88
-175.94
-153.58
-188.16
-181.31
65.22
63.17
61.25
59.35
57.47
55.73
53.75
51.8
50.08
48
46.12
44.23
42.34
40.44
38.56
36.68
34.93
32.95
31.04
29.21
27.38
25.47
23.56
21.68
19.95
17.92
16.02
14.18
12.24
10.46
7.95
5.24
2.79
0.09
-2.56
-5.18
-7.72
-10.19
-12.21
-14.12
-15.92
-17.9
-19.84
-21.68
-23.58
-25.47
-27.37
-29.25
-31.09
-32.99
-34.87
-36.75
-38.68
-40.56
-42.4
-44.34
-46.12
-48.11
-50.03
-51.86
-53.73
-55.6
-57.58
-59.47
-61.29
-63.25
-65.14
-67
-68.92
-70.74
-72.68
-72.86
-72.77
-72.86
-72.81
-72.89
-72.86
-72.84
-72.84
-72.83
-72.84
-72.87
-72.77
-71.98
-69.92
-68
-65.98
-64.04
-62.07
-60.27
-58.42
-56.49
-54.57
-52.64
-50.8
-48.96
-46.96
-45.19
-43.26
-41.37
-39.5
-37.5
-35.7
-33.79
-31.87
-30.09
-28.21
-26.31
-24.38
-22.48
-20.66
-18.73
-16.74
-14.96
-13.06
-11.11
-8.87
-6.24
-3.69
-1.07
1.69
4.13
6.77
9.37
11.43
13.44
15.21
17.09
19.09
20.86
22.76
24.66
26.56
28.43
30.25
32.12
34.15
35.88
37.82
39.63
41.55
43.47
45.32
47.18
49.25
51.03
52.93
54.78
56.67
58.61
60.44
62.36
64.42
66.11
68.02
