156
68
89
205.33
201.27
186.32
210.16
205.24
192.85
201.27
204.77
198.24
196.35
209.4
203.35
200.7
209
211.01
205.05
206.47
209.97
193.89
207.98
196.82
201.64
205.24
202.21
197.01
198.43
205.33
194.26
191.33
210.06
206.37
202.31
212.81
208.43
201.36
206.92
207.79
203.72
207.32
210.18
205.81
207.6
207.06
202.68
190.67
201.45
201.93
198.71
206.66
202.97
205.9
206.47
207.79
202.4
194.26
206.28
207.22
201.55
207.03
206.89
207.13
210.73
198.99
212.33
210.16
211.67
195.21
191.99
205.71
200.04
190.39
966.33
959.9
965.67
-5.79
-3.45
-3.19
-7.87
-9.08
1.41
-8.91
-8.04
-2.93
-5.44
-8.82
-209.37
-211.37
-208.94
-208.8
-210.85
-209
-211.21
-209.22
-211.19
-209.41
-210.71
-195.33
-198.71
-210.26
-203.39
-209.04
-209.89
-204.43
-196.37
-206.25
-191.95
-195.25
-209.52
-201.66
-199.23
-200.79
-205.73
-209.2
-208.87
-211.28
-209.97
-204.43
-211.89
-210.59
-206.95
-214.23
-204.43
-206.51
-202.35
-211.19
-191.35
-200.36
-195.77
-205.04
-210.67
-202.96
-210.24
-203.48
-210.39
-209.89
-192.39
-209.03
-211.08
-209.32
-201.23
-211.34
-209.61
-203.91
-208.59
-207.29
-194.03
-194.73
-209.81
-196.81
-207.64
-197.85
-193.51
-199.06
-203.83
-195.68
-189.87
63.4
61.48
59.76
57.72
56
53.96
52.06
50.34
48.26
46.36
44.58
42.62
40.85
38.81
36.94
35.19
33.16
31.3
29.59
27.64
25.84
23.84
21.95
20.16
18.14
16.28
14.53
12.5
10.71
8.23
5.61
3.17
0.39
-2.26
-4.66
-7.39
-10.07
-11.97
-13.89
-15.68
-17.68
-19.56
-21.38
-23.32
-25.27
-27.13
-29.03
-30.83
-32.74
-34.61
-36.45
-38.41
-40.27
-42.17
-44.1
-45.83
-47.87
-49.77
-51.56
-53.51
-55.36
-57.32
-59.25
-61.04
-63.05
-64.84
-66.71
-68.66
-70.52
-72.44
-74.35
-75.07
-75.07
-75.07
-75.05
-75.05
-74.96
-75.07
-75.07
-74.97
-75.08
-75.08
-74.88
-73.71
-71.85
-69.88
-67.94
-65.99
-64.11
-62.23
-60.3
-58.48
-56.53
-54.68
-52.81
-50.85
-49.02
-47.11
-45.19
-43.33
-41.39
-39.6
-37.65
-35.71
-33.91
-32.01
-30.15
-28.31
-26.32
-24.45
-22.6
-20.66
-18.83
-16.95
-14.97
-13.14
-11.22
-9.02
-6.39
-3.7
-1.24
1.45
4.14
6.69
9.23
11.34
13.17
15.22
17
18.89
20.9
22.67
24.67
26.45
28.35
30.28
32
33.92
35.88
37.7
39.69
41.49
43.36
45.35
47.12
49.04
51
52.84
54.87
56.6
58.5
60.53
62.26
64.16
66.09
67.96
