155
68
88
174.55
184.57
146.45
167.36
166.6
151.84
168.11
173.03
168.87
156.76
166.5
159.03
147.11
168.4
168.68
147.2
151.27
174.92
155.44
135.57
157.42
164.04
138.5
153.64
158.37
152.98
148.91
156.38
146.54
146.16
164.99
156.95
141.43
160.45
180.51
155.25
163.1
166.22
161.21
163.38
171.33
159.22
154.77
172.94
168.4
144.84
170.29
178.9
154.21
159.98
172.84
162.72
151.93
163.95
162.81
162.63
169.25
167.83
158.84
161.4
173.88
162.44
158.08
170.57
167.45
152.41
160.54
158.94
156.85
158.65
162.81
886.07
889.94
887.48
-5.29
2.51
0.35
-4.85
-3.29
-1.73
3.12
3.99
-2.43
-1.39
-131.91
-167.1
-156.01
-171.26
-162.77
-151.24
-177.15
-162.16
-152.8
-166.84
-168.57
-160.43
-154.88
-167.01
-158.87
-148.64
-161.73
-173.17
-150.55
-162.77
-171.26
-162.94
-163.63
-185.47
-159.21
-146.91
-177.15
-181.57
-146.47
-167.36
-179.84
-154.1
-155.23
-179.49
-166.93
-145.78
-165.63
-154.45
-138.93
-157.57
-165.54
-136.07
-145.78
-171.43
-164.24
-150.89
-173.51
-174.21
-140.75
-162.16
-167.53
-146.82
-158.35
-173.08
-155.75
-151.76
-174.12
-174.64
-142.05
-167.79
-172.3
-148.9
-161.03
-176.81
-162.59
-153.67
-182.35
-176.98
-157.83
-192.23
-180.19
65.08
63.22
61.28
59.37
57.55
55.79
53.76
51.86
49.93
48.09
46.14
44.27
42.35
40.65
38.62
36.71
34.83
32.99
31.09
29.23
27.41
25.65
23.6
21.7
19.8
17.96
16.1
14.21
12.26
10.51
7.97
5.28
2.67
0.15
-2.42
-5.11
-7.66
-10.16
-12.17
-14.09
-15.95
-17.87
-19.79
-21.66
-23.52
-25.47
-27.31
-29.22
-31.16
-32.97
-34.85
-36.68
-38.65
-40.44
-42.38
-44.3
-46.16
-48.06
-50
-51.84
-53.73
-55.57
-57.55
-59.43
-61.29
-63.22
-65.06
-66.94
-68.87
-70.73
-72.66
-72.87
-72.87
-72.87
-72.84
-72.86
-72.88
-72.76
-72.87
-72.86
-72.88
-72.87
-72.8
-71.93
-69.85
-67.83
-65.92
-64.02
-62.09
-60.21
-58.33
-56.44
-54.56
-52.58
-50.78
-48.86
-46.95
-45.12
-43.22
-41.31
-39.41
-37.46
-35.63
-33.77
-31.89
-30.04
-28.15
-26.26
-24.32
-22.38
-20.61
-18.69
-16.76
-14.93
-12.99
-11.07
-8.77
-6.07
-3.66
-1.02
1.61
4.22
6.79
9.43
11.45
13.48
15.25
17.13
19.05
20.95
22.82
24.68
26.6
28.6
30.29
32.19
34.07
35.9
37.84
39.67
41.59
43.65
45.38
47.25
49.2
51.09
53.14
54.84
56.73
58.8
60.47
62.4
64.33
66.15
68.09
