155
68
88
170.38
188.45
181.26
167.54
163
164.23
145.79
174.83
180.41
155.15
169.15
173.88
165.46
152.41
179.09
159.12
140.77
170.29
175.4
146.73
150.61
172.56
147.02
146.26
160.83
159.69
137.27
149.29
166.22
149.38
157.99
175.87
156.67
153.83
173.6
175.78
154.96
182.87
182.78
160.45
174.83
179.37
157.71
150.33
172.84
155.44
142.66
181.55
169.06
153.07
169.44
171.61
150.52
155.15
164.42
159.6
160.54
165.65
165.46
162.91
172.37
169.63
160.73
165.27
169.63
153.92
154.21
170.95
161.77
150.7
159.31
764.03
901.86
906.78
0.52
5.63
0.78
2.34
6.24
2.43
0.09
3.9
2.08
0.69
-170.39
-163.03
-156.01
-175.68
-167.27
-151.67
-179.93
-165.37
-151.41
-165.02
-164.15
-161.73
-150.11
-159.13
-154.01
-150.03
-171.17
-165.54
-154.19
-166.93
-174.03
-163.81
-157.31
-182.44
-158.26
-149.42
-177.07
-179.58
-148.21
-173.17
-183.91
-156.01
-160.6
-168.49
-160.95
-153.75
-173.08
-165.02
-138.93
-164.5
-165.71
-139.97
-157.39
-163.46
-151.15
-146.56
-167.36
-162.59
-145.52
-172.04
-171.17
-140.06
-159.65
-182.61
-153.49
-159.47
-174.9
-173.95
-148.55
-179.49
-177.67
-136.94
-171.35
-187.38
-157.83
-163.55
-179.93
-181.83
-162.77
-197
-170.22
65.7
64.05
61.96
60.06
58.21
56.33
54.62
52.58
50.66
48.91
46.9
45.13
43.12
41.25
39.49
37.46
35.58
33.75
31.82
30.1
28.18
26.26
24.5
22.48
20.6
18.83
16.83
14.91
13.05
11.14
9.15
6.38
3.76
1.39
-1.43
-3.95
-6.62
-9.27
-11.28
-13.34
-15.21
-17.04
-18.97
-20.82
-22.75
-24.68
-26.47
-28.48
-30.36
-32.2
-34.06
-35.88
-37.82
-39.76
-41.54
-43.53
-45.42
-47.22
-49.19
-51
-52.98
-54.86
-56.68
-58.71
-60.55
-62.35
-64.29
-66.14
-68.12
-70.01
-71.82
-72.88
-72.87
-72.86
-72.84
-72.76
-72.87
-72.87
-72.77
-72.9
-72.87
-72.87
-72.54
-71.11
-69.36
-67.21
-65.28
-63.38
-61.48
-59.56
-57.75
-55.84
-53.96
-52.06
-50.11
-48.27
-46.37
-44.48
-42.61
-40.68
-38.86
-36.92
-35
-33.19
-31.32
-29.36
-27.54
-25.61
-23.71
-21.86
-19.89
-18.08
-16.2
-14.2
-12.36
-10.33
-8.01
-5.36
-2.67
-0.18
2.42
5.2
7.69
10.13
12.06
14
15.95
17.75
19.58
21.64
23.39
25.44
27.2
29.01
31.03
32.78
34.62
36.53
38.48
40.43
42.17
44.13
46.08
47.87
49.77
51.86
53.57
55.58
57.41
59.22
61.25
63.03
64.89
66.91
68.67
