155
68
89
171.52
191.38
165.94
173.13
163.48
167.64
157.8
186.47
162.63
151.08
173.5
170.76
161.3
164.14
175.02
162.06
156.85
170.1
166.41
143.33
160.92
177.86
145.69
156.85
164.33
164.99
147.49
157.42
159.41
147.2
158.75
168.59
152.31
164.23
180.41
163.38
168.68
180.03
172.84
161.4
184.95
177.38
166.31
176.34
180.41
160.92
168.02
177.19
163.85
169.91
176.63
173.13
157.14
172.18
171.42
162.81
164.61
172.65
153.73
159.88
176.63
165.27
154.77
175.49
164.8
155.53
158.18
160.73
162.25
152.41
161.68
904.89
899.4
896.47
9.45
6.76
3.9
6.07
9.71
4.68
6.85
5.98
6.41
5.03
9.45
-166.15
-151.33
-168.57
-161.29
-153.75
-168.92
-157.65
-156.27
-148.73
-169.35
-159.73
-153.75
-169.35
-151.67
-145.35
-154.27
-168.31
-150.81
-154.45
-175.68
-167.97
-167.79
-178.19
-168.49
-140.06
-162.16
-179.84
-146.3
-149.51
-176.37
-163.11
-148.12
-172.13
-175.94
-139.8
-157.48
-153.23
-141.79
-145.87
-168.05
-142.49
-144.65
-167.45
-163.11
-136.42
-165.97
-170.39
-145.95
-156.27
-169.79
-152.28
-156.09
-169.18
-165.11
-143.7
-161.12
-168.4
-138.5
-155.75
-172.47
-162.77
-150.72
-177.59
-175.16
-140.06
-172.91
-167.45
-154.88
-176.03
-188.51
65.28
63.26
61.35
59.45
57.59
55.85
53.79
51.92
50.12
48.12
46.36
44.34
42.42
40.72
38.65
36.79
34.89
33.03
31.12
29.28
27.47
25.7
23.64
21.79
20.02
17.99
16.09
14.24
12.33
10.54
8.04
5.39
2.94
0.19
-2.43
-5.03
-7.6
-10.1
-12.1
-14.05
-15.88
-17.87
-19.63
-21.68
-23.47
-25.37
-27.26
-29.22
-30.99
-32.91
-34.7
-36.65
-38.58
-40.38
-42.32
-44.27
-46.02
-48
-49.94
-51.81
-53.67
-55.5
-57.5
-59.36
-61.21
-63.18
-65
-66.9
-68.83
-70.69
-72.61
-72.87
-72.75
-72.87
-72.76
-72.87
-72.88
-72.77
-72.86
-72.9
-72.85
-72.88
-72.7
-71.88
-69.83
-67.82
-65.91
-63.99
-61.99
-60.17
-58.34
-56.42
-54.5
-52.54
-50.74
-48.81
-46.87
-45.1
-43.09
-41.26
-39.41
-37.4
-35.58
-33.73
-31.77
-30.01
-28.12
-26.21
-24.29
-22.32
-20.53
-18.63
-16.62
-14.87
-12.87
-11
-8.73
-6.01
-3.6
-0.95
1.84
4.28
6.91
9.48
11.51
13.55
15.34
17.18
19.2
20.97
22.99
24.73
26.63
28.64
30.35
32.2
34.25
35.96
38.04
39.74
41.62
43.7
45.42
47.29
49.37
51.17
53.18
54.88
56.78
58.86
60.53
62.48
64.57
66.2
68.29
