155
68
88
174.92
189.4
153.07
168.21
162.34
158.46
166.69
184.76
164.8
150.42
172.18
173.13
157.33
171.14
165.84
154.39
162.15
173.88
152.98
143.7
161.77
158.08
142.47
160.92
169.53
152.5
153.73
159.69
161.68
151.56
171.61
150.52
146.73
178.9
181.36
156.85
175.49
181.74
168.49
169.44
187.22
171.52
152.98
175.68
173.03
156.95
174.64
174.45
162.34
171.42
175.02
157.61
155.62
167.26
177.48
158.84
162.81
168.96
154.3
163.19
171.14
148.34
167.26
172.94
166.69
152.69
170.57
163.29
153.26
153.45
161.11
880.86
877.27
876.98
0.43
1.04
3.12
2.34
2.6
0.09
-1.21
0.26
1.91
0.52
-135.21
-165.54
-158.52
-168.92
-167.53
-153.84
-182.79
-168.75
-156.27
-165.28
-167.19
-165.97
-151.5
-165.97
-159.65
-155.05
-167.36
-171.95
-150.2
-167.97
-173.95
-160.77
-162.94
-180.45
-163.29
-146.47
-175.25
-176.89
-150.11
-166.32
-184.87
-152.89
-160.17
-167.62
-166.49
-149.25
-173.08
-158.17
-140.75
-162.16
-163.63
-148.64
-156.53
-175.16
-157.05
-153.58
-176.63
-170.65
-139.63
-164.67
-169.53
-147.43
-154.97
-179.32
-169.61
-154.53
-173.17
-183.91
-147.86
-175.25
-172.73
-143.18
-166.67
-179.84
-159.82
-151.5
-178.37
-175.33
-155.4
-187.03
-165.71
65.19
63.15
61.24
59.33
57.45
55.58
53.7
51.8
50.02
48
46.11
44.24
42.31
40.42
38.56
36.66
34.92
32.91
31.03
29.21
27.33
25.42
23.54
21.65
19.91
17.87
16.01
14.13
12.19
10.3
7.87
5.25
2.76
0.03
-2.58
-5.2
-7.75
-10.31
-12.24
-14.16
-15.95
-17.95
-19.85
-21.72
-23.58
-25.44
-27.37
-29.32
-31.08
-33.01
-34.92
-36.75
-38.69
-40.59
-42.42
-44.41
-46.19
-48.13
-50.07
-51.92
-53.79
-55.69
-57.6
-59.49
-61.3
-63.3
-65.14
-67.02
-68.95
-70.82
-72.69
-72.87
-72.73
-72.87
-72.86
-72.87
-72.87
-72.86
-72.88
-72.85
-72.8
-72.88
-72.81
-72.02
-69.95
-67.97
-65.99
-64.09
-62.13
-60.28
-58.42
-56.52
-54.61
-52.72
-50.84
-48.96
-46.97
-45.19
-43.26
-41.37
-39.53
-37.59
-35.72
-33.85
-31.89
-30.11
-28.22
-26.34
-24.42
-22.52
-20.69
-18.76
-16.75
-14.98
-13.08
-11.14
-8.88
-6.29
-3.7
-1.11
1.68
4.12
6.75
9.32
11.38
13.31
15.2
17.05
19.1
20.87
22.73
24.62
26.56
28.41
30.22
32.1
34.11
35.87
37.78
39.61
41.53
43.43
45.31
47.15
49.25
51.06
52.92
54.79
56.7
58.6
60.43
62.35
64.4
66.11
68.04
