155
68
89
180.22
186.65
151.84
168.11
171.14
155.34
167.73
172.75
161.68
150.14
170.67
167.73
153.54
168.59
175.02
156.19
152.6
172.46
161.4
144.46
157.42
164.42
145.6
158.08
168.21
156
162.25
158.94
153.54
148.72
170.38
161.77
141.15
168.77
188.55
166.31
184.48
179.09
168.49
169.25
182.21
172.94
163.57
182.02
180.79
156.29
175.87
185.61
161.58
170.29
175.11
169.63
157.99
171.33
172.18
174.64
166.41
173.22
159.31
162.25
171.8
165.65
158.08
174.45
173.03
161.02
173.03
165.46
161.4
160.54
164.8
876.98
879.92
879.63
1.65
6.33
8.84
5.37
6.5
4.68
3.64
7.97
4.07
8.32
0.35
-166.67
-151.76
-171
-156.18
-152.11
-172.99
-166.75
-155.57
-158.87
-158.61
-153.67
-151.41
-162.07
-154.79
-149.42
-159.91
-167.53
-157.39
-162.51
-164.93
-168.14
-161.9
-182.79
-162.59
-148.55
-175.94
-177.76
-143.79
-164.5
-181.05
-160.69
-153.23
-172.3
-161.81
-142.14
-165.28
-158.78
-137.98
-154.71
-166.67
-145.43
-149.94
-167.1
-159.91
-148.38
-170.91
-177.59
-142.05
-165.28
-165.97
-143.35
-159.21
-170.83
-159.82
-145.26
-171.17
-170.48
-132.08
-164.67
-168.83
-143.09
-160.77
-180.62
-166.32
-151.67
-181.83
-170.57
-148.47
-186.69
-164.5
65.09
63.18
61.28
59.52
57.51
55.63
53.73
51.86
50.08
48.03
46.14
44.27
42.34
40.48
38.62
36.72
34.96
32.97
31.08
29.33
27.4
25.43
23.59
21.71
19.95
17.93
16.06
14.27
12.26
10.37
7.95
5.31
2.66
0.1
-2.53
-5.13
-7.67
-10.27
-12.18
-14.13
-16.02
-17.92
-19.77
-21.68
-23.54
-25.49
-27.33
-29.27
-31.05
-32.98
-34.87
-36.65
-38.65
-40.55
-42.42
-44.32
-46.08
-48.09
-50
-51.87
-53.76
-55.66
-57.54
-59.45
-61.31
-63.21
-65.09
-66.97
-68.9
-70.8
-72.65
-72.87
-72.76
-72.86
-72.86
-72.77
-72.87
-72.87
-72.86
-72.83
-72.76
-72.89
-72.78
-71.95
-69.89
-67.91
-65.92
-64.06
-62.11
-60.24
-58.36
-56.48
-54.57
-52.64
-50.78
-48.88
-46.9
-45.16
-43.22
-41.29
-39.51
-37.56
-35.63
-33.78
-31.84
-30.08
-28.16
-26.21
-24.38
-22.48
-20.62
-18.71
-16.78
-14.95
-13.04
-11.06
-8.84
-6.23
-3.67
-1.1
1.73
4.16
6.82
9.51
11.44
13.36
15.24
17.09
19.14
20.87
22.8
24.78
26.59
28.47
30.28
32.14
34.04
35.9
37.81
39.67
41.52
43.49
45.36
47.22
49.25
51.08
52.99
54.96
56.71
58.62
60.43
62.38
64.44
66.13
68.04
