155
68
89
180.03
181.26
147.58
164.33
171.42
158.56
167.17
174.55
165.37
149.95
166.98
168.49
152.41
170.76
170
158.84
158.08
175.49
159.31
142.38
170.48
162.34
140.77
155.72
160.73
164.33
159.12
156.95
151.37
149.38
166.03
160.64
146.73
164.99
180.51
169.34
175.3
180.88
165.75
171.9
181.92
169.06
160.54
182.97
177.48
159.98
174.92
186.65
159.41
171.71
173.98
168.4
157.23
165.94
163
163.38
171.14
171.23
159.12
169.63
171.23
162.53
159.98
173.13
169.44
159.03
166.98
169.72
156
160.83
155.81
850.87
853.99
850.68
2.95
5.89
3.38
6.33
5.46
7.71
5.81
6.5
7.28
2.17
0.69
-162.33
-145.95
-174.29
-162.68
-154.27
-165.19
-165.28
-156.44
-156.01
-158.69
-154.53
-148.47
-163.03
-153.93
-145.87
-163.55
-168.49
-154.1
-161.9
-169.79
-163.63
-158.69
-174.55
-164.59
-146.82
-171.43
-180.19
-141.62
-161.81
-185.21
-153.58
-150.72
-175.59
-167.71
-143.35
-161.99
-159.56
-138.85
-160.77
-157.65
-138.59
-145.43
-170.39
-157.91
-142.57
-164.41
-172.91
-140.58
-160.95
-169.18
-147.43
-157.13
-172.91
-165.45
-153.49
-169.01
-167.71
-132.78
-169.61
-171.87
-141.1
-159.65
-176.37
-165.89
-147.6
-177.07
-168.83
-151.67
-183.22
-175.25
65.19
63.14
61.24
59.31
57.49
55.72
53.71
51.79
50.03
47.99
46.11
44.22
42.27
40.58
38.54
36.69
34.89
32.91
31.02
29.18
27.36
25.47
23.53
21.68
19.78
17.92
16.01
14.12
12.19
10.47
7.9
5.22
2.76
0.03
-2.59
-5.2
-7.74
-10.2
-12.22
-14.14
-15.97
-17.97
-19.8
-21.66
-23.61
-25.51
-27.42
-29.25
-31.17
-33.02
-34.98
-36.76
-38.7
-40.55
-42.5
-44.37
-46.15
-48.13
-50.04
-51.89
-53.78
-55.63
-57.59
-59.49
-61.33
-63.3
-65.15
-67.05
-68.94
-70.82
-72.73
-72.87
-72.74
-72.85
-72.88
-72.87
-72.87
-72.87
-72.86
-72.87
-72.86
-72.85
-72.82
-72.02
-69.92
-67.94
-65.99
-64.09
-62.1
-60.29
-58.39
-56.47
-54.61
-52.64
-50.82
-48.93
-46.98
-45.19
-43.26
-41.36
-39.53
-37.5
-35.69
-33.84
-31.94
-30.11
-28.22
-26.34
-24.39
-22.49
-20.67
-18.76
-16.7
-14.97
-13.07
-11.12
-8.9
-6.16
-3.7
-1.13
1.67
4.12
6.76
9.33
11.41
13.44
15.2
17.07
19.07
20.87
22.75
24.65
26.56
28.45
30.22
32.11
34.03
35.87
37.79
39.63
41.53
43.59
45.34
47.16
49.25
51.03
52.91
54.77
56.67
58.75
60.41
62.36
64.42
66.09
68.03
