155
68
89
179.75
185.33
152.12
164.04
172.84
153.26
169.06
176.25
159.22
157.71
168.87
171.52
160.64
164.52
162.25
153.92
148.91
174.92
153.45
147.68
165.27
161.68
142.85
157.42
160.26
157.99
147.39
155.53
152.31
148.72
162.06
162.91
145.03
164.99
185.42
160.07
180.51
178.42
169.15
175.87
183.53
159.41
165.46
189.4
169.63
153.64
179.37
184.95
162.06
167.92
175.4
164.23
151.84
157.89
166.79
156
171.61
169.72
154.77
164.33
175.3
161.77
163.57
173.32
176.72
152.98
164.33
163.57
162.53
159.69
157.04
883.7
887.96
888.15
-0.95
-0.78
2.17
-0.52
-3.73
-0.35
1.39
-5.03
-1.39
-4.85
-20.54
-164.24
-153.84
-175.16
-169.18
-156.27
-176.55
-172.65
-157.91
-166.15
-167.1
-165.8
-152.11
-173.69
-159.82
-152.19
-159.3
-172.73
-152.71
-163.98
-174.64
-173.08
-171.09
-181.49
-167.97
-144.57
-176.37
-176.46
-150.2
-168.49
-186.69
-159.82
-157.74
-173.77
-175.25
-147.51
-172.82
-165.19
-142.57
-166.32
-167.97
-152.97
-158.78
-174.81
-163.46
-152.02
-173.95
-176.03
-143.44
-167.1
-177.24
-149.25
-154.62
-179.75
-165.37
-157.57
-170.13
-178.89
-139.19
-170.74
-172.3
-153.06
-166.58
-172.47
-169.44
-153.23
-182.87
-173.77
-160.17
-193.97
-182.18
65.23
63.21
61.27
59.36
57.51
55.78
53.76
51.84
50.08
48.05
46.15
44.26
42.37
40.63
38.61
36.69
34.97
32.98
31.05
29.21
27.4
25.5
23.57
21.71
19.96
17.93
16.05
14.18
12.27
10.36
7.92
5.28
2.86
0.11
-2.5
-5.1
-7.69
-10.28
-12.17
-14.15
-15.88
-17.91
-19.78
-21.67
-23.57
-25.47
-27.35
-29.23
-31.07
-32.98
-34.87
-36.72
-38.65
-40.52
-42.41
-44.33
-46.12
-48.07
-50.03
-51.9
-53.76
-55.59
-57.59
-59.45
-61.26
-63.24
-65.09
-66.97
-68.91
-70.82
-72.65
-72.88
-72.76
-72.87
-72.89
-72.86
-72.87
-72.85
-72.86
-72.87
-72.75
-72.86
-72.78
-71.97
-69.91
-67.91
-65.95
-64.06
-62.08
-60.23
-58.39
-56.48
-54.56
-52.66
-50.81
-48.89
-46.92
-45.15
-43.2
-41.32
-39.48
-37.54
-35.66
-33.78
-31.86
-30.08
-28.18
-26.31
-24.36
-22.39
-20.63
-18.7
-16.7
-14.94
-13.04
-11.08
-8.87
-6.11
-3.68
-1.06
1.73
4.18
6.81
9.38
11.42
13.39
15.23
17.14
19.14
20.9
22.79
24.66
26.58
28.49
30.28
32.17
34.15
35.89
37.8
39.7
41.56
43.63
45.34
47.23
49.32
51.08
52.96
54.82
56.72
58.78
60.47
62.4
64.43
66.12
68.07
