155
68
88
173.13
189.78
151.37
163.76
163.76
151.84
167.36
179.94
159.22
151.75
171.71
176.15
157.71
162.25
165.08
159.98
161.4
173.69
164.42
149
161.58
157.89
143.14
167.17
168.49
152.03
151.93
164.61
151.75
148.25
168.49
162.81
145.12
163.48
187.41
160.45
180.6
184.86
174.07
164.99
178.05
172.09
155.72
175.87
164.42
156.95
171.04
177.01
165.08
168.77
175.02
166.69
163.57
166.31
173.22
162.15
164.04
172.46
153.45
166.03
171.8
161.02
156.29
174.55
174.64
151.56
170.67
167.17
152.88
155.81
164.99
867.14
863.55
861.94
1.47
2.95
5.37
4.51
5.81
0.69
3.29
3.47
0.17
3.29
-198.21
-170.22
-160.51
-175.59
-161.21
-152.71
-181.83
-163.72
-154.45
-163.89
-169.53
-162.94
-152.97
-165.63
-159.21
-152.02
-172.73
-166.75
-156.61
-163.81
-179.75
-164.76
-162.25
-184.09
-169.61
-146.91
-179.84
-182.61
-148.21
-172.21
-184.61
-160.34
-165.45
-174.9
-160.95
-147.6
-168.31
-158.95
-142.49
-162.07
-167.79
-137.55
-160.86
-173.17
-159.56
-151.93
-174.29
-168.4
-146.82
-163.29
-174.38
-139.28
-155.14
-182.96
-157.74
-151.33
-170.13
-177.15
-152.54
-173.08
-170.57
-141.45
-169.79
-183.65
-153.58
-148.73
-182.87
-180.01
-158.69
-190.33
-171.17
65.25
63.22
61.31
59.38
57.55
55.64
53.79
51.86
50.12
48.07
46.17
44.27
42.41
40.66
38.62
36.72
34.99
32.99
31.1
29.27
27.46
25.64
23.61
21.74
19.97
17.93
16.1
14.19
12.27
10.42
7.97
5.31
2.89
0.12
-2.48
-5.09
-7.63
-10.24
-12.14
-14.11
-15.87
-17.88
-19.77
-21.63
-23.52
-25.47
-27.3
-29.22
-31.06
-32.92
-34.86
-36.7
-38.62
-40.44
-42.35
-44.32
-46.11
-48.05
-49.99
-51.81
-53.74
-55.63
-57.51
-59.4
-61.25
-63.19
-65.08
-66.95
-68.87
-70.76
-72.66
-72.87
-72.76
-72.86
-72.86
-72.86
-72.87
-72.79
-72.84
-72.87
-72.74
-72.87
-72.8
-71.93
-69.88
-67.85
-65.92
-64.02
-62.06
-60.21
-58.34
-56.43
-54.54
-52.64
-50.77
-48.88
-46.88
-45.12
-43.18
-41.28
-39.46
-37.45
-35.62
-33.77
-31.81
-30.05
-28.14
-26.28
-24.32
-22.35
-20.59
-18.7
-16.67
-14.92
-12.98
-11.05
-8.82
-6.17
-3.63
-1.01
1.79
4.22
6.85
9.43
11.5
13.41
15.26
17.14
19.13
20.93
22.82
24.71
26.62
28.49
30.25
32.18
34.19
35.91
37.84
39.71
41.6
43.65
45.32
47.25
49.35
51.12
52.98
54.83
56.74
58.67
60.5
62.41
64.47
66.16
68.12
