155
68
89
174.36
196.21
153.45
163.57
171.71
165.18
156.38
177.1
162.91
143.8
171.23
170.86
157.71
166.88
167.26
168.11
158.18
168.68
177.48
136.61
164.33
173.03
145.12
157.23
163.38
160.73
153.73
164.9
147.87
144.93
160.73
168.87
152.12
167.17
182.21
166.98
166.31
182.11
164.9
165.37
196.97
176.72
159.6
180.22
184.1
159.6
171.33
183.82
168.96
159.03
164.9
172.75
158.37
164.23
166.31
158.37
170.76
169.44
160.07
165.56
169.44
170.95
161.49
177.57
176.34
162.25
169.15
165.94
153.92
147.96
168.21
787.96
798.93
800.73
5.72
10.31
0.35
6.67
1.21
5.46
4.42
1.99
4.85
3.64
4.25
-166.67
-146.91
-163.29
-172.73
-153.67
-161.21
-167.1
-163.72
-149.68
-165.97
-163.72
-155.4
-170.83
-155.23
-150.81
-147.6
-169.01
-153.58
-154.27
-181.14
-171.26
-155.66
-180.01
-176.37
-145.35
-178.02
-184.52
-142.66
-153.06
-184.26
-164.24
-146.73
-168.75
-174.73
-140.41
-156.53
-154.88
-147.77
-152.54
-159.73
-145.17
-148.9
-165.97
-165.11
-135.9
-163.72
-165.28
-148.55
-156.01
-171.52
-156.35
-153.41
-169.7
-171.17
-145.26
-168.31
-174.73
-140.15
-162.33
-174.9
-162.51
-149.25
-174.29
-171.87
-139.37
-177.07
-171.17
-162.85
-175.42
-184.61
65.21
63.16
61.22
59.32
57.52
55.77
53.7
51.83
50.03
48.03
46.14
44.22
42.34
40.6
38.62
36.71
34.97
32.95
31.19
29.18
27.38
25.6
23.57
21.66
19.91
17.91
16.16
14.15
12.23
10.44
7.94
5.27
2.79
0.1
-2.54
-5.09
-7.67
-10.17
-12.2
-14.16
-15.91
-17.93
-19.83
-21.66
-23.54
-25.43
-27.34
-29.29
-31.09
-32.99
-34.78
-36.72
-38.65
-40.58
-42.41
-44.37
-46.12
-48.08
-49.93
-51.9
-53.75
-55.6
-57.55
-59.46
-61.28
-63.25
-65.12
-67.01
-68.92
-70.73
-72.66
-72.81
-72.73
-72.82
-72.72
-72.83
-72.82
-72.73
-72.83
-72.81
-72.72
-72.82
-72.68
-71.95
-69.91
-67.87
-65.96
-64.08
-62.09
-60.25
-58.41
-56.5
-54.59
-52.64
-50.83
-48.89
-46.94
-45.17
-43.18
-41.3
-39.5
-37.53
-35.67
-33.8
-31.84
-30.1
-28.18
-26.31
-24.36
-22.38
-20.64
-18.74
-16.71
-14.99
-12.94
-11.08
-8.87
-6.13
-3.7
-1.12
1.72
4.16
6.78
9.35
11.41
13.48
15.21
17.09
19.13
20.9
22.77
24.66
26.57
28.58
30.25
32.13
34.15
35.88
37.97
39.65
41.55
43.48
45.35
47.2
49.29
51.07
52.95
54.81
56.7
58.78
60.45
62.38
64.45
66.11
68.06
