154
66
89
206.14
199.14
196.02
198.2
199.05
193.75
205.48
191.01
187.7
192.52
206.99
205.01
200.09
215.32
205.48
200.47
199.71
203.68
188.36
199.33
200.56
202.83
221.85
206.52
201.7
211.16
209.17
208.51
200.47
219.29
214.18
205.2
213.31
215.23
200.75
221.66
203.87
207.18
221.19
214.94
213.14
216.27
205.76
199.52
194.89
202.64
193.28
195.07
218.91
188.07
191.01
210.68
199.24
212.01
209.08
211.25
214.09
216.17
218.35
213.33
207.28
215.41
206.14
213.43
219.01
211.16
198.39
205.2
200.94
201.6
205.67
1001.58
991.74
990.13
4.51
7.71
6.24
4.77
10.4
9.19
6.85
8.41
5.63
7.71
-184.69
-197.43
-191.02
-202.98
-190.93
-192.15
-199.86
-201.42
-200.73
-203.24
-212.77
-199.6
-185.82
-191.37
-194.66
-185.21
-191.63
-193.19
-171.09
-190.24
-186.6
-168.23
-181.57
-189.11
-184.87
-172.65
-192.84
-201.42
-188.33
-210.87
-197.95
-206.88
-193.27
-189.89
-207.92
-192.23
-202.98
-191.89
-194.14
-197.35
-191.11
-172.91
-182.35
-187.03
-190.59
-203.41
-186.69
-192.23
-197
-193.27
-192.15
-188.77
-189.37
-208.61
-187.99
-182.7
-196.22
-190.24
-178.89
-189.29
-187.64
-178.89
-183.05
-179.41
-181.23
-185.91
-168.23
-169.96
-187.38
-194.14
63.3
61.4
59.61
57.66
55.76
53.88
51.95
50.23
48.17
46.27
44.52
42.53
40.62
38.72
36.87
34.96
33.08
31.2
29.36
27.53
25.61
23.72
21.85
20.05
18.07
16.2
14.29
12.42
10.51
8.11
5.51
3.03
0.27
-2.37
-4.77
-7.5
-10.18
-12.06
-13.99
-15.77
-17.76
-19.64
-21.44
-23.47
-25.34
-27.22
-29.12
-30.92
-32.82
-34.74
-36.55
-38.51
-40.41
-42.27
-44.21
-46.05
-47.96
-49.84
-51.73
-53.62
-55.49
-57.43
-59.31
-61.11
-63.06
-64.95
-66.8
-68.75
-70.66
-72.55
-74.42
-74.93
-75.03
-75.03
-74.94
-75.03
-75.06
-75.06
-75.04
-75.04
-75.04
-75.07
-74.85
-73.78
-71.89
-69.97
-68
-66.1
-64.19
-62.34
-60.44
-58.51
-56.66
-54.78
-52.88
-50.95
-49.08
-47.19
-45.26
-43.44
-41.56
-39.68
-37.72
-35.79
-33.97
-32.11
-30.2
-28.35
-26.49
-24.59
-22.68
-20.81
-18.88
-17
-15.15
-13.23
-11.31
-9.12
-6.49
-3.79
-1.36
1.3
4.06
6.49
9.13
11.25
13.15
15.15
16.92
18.8
20.83
22.58
24.49
26.36
28.25
30.2
31.95
33.84
35.86
37.61
39.47
41.39
43.32
45.12
47.02
48.95
50.87
52.77
54.67
56.52
58.43
60.44
62.2
64.08
