155
68
89
175.02
193.75
162.53
172.18
169.44
163.38
162.15
179.28
169.44
144.08
172.46
173.41
162.06
172.94
176.53
167.36
153.83
177.01
174.26
140.58
163.19
174.45
151.75
157.89
168.11
162.06
154.21
166.41
155.53
148.34
168.3
172.84
151.37
168.4
189.11
164.99
168.87
185.52
176.06
165.18
198.01
174.07
166.03
173.32
176.82
158.84
171.14
182.11
162.15
166.6
178.42
180.51
162.63
174.55
170.48
158.18
164.42
172.18
156.1
177.95
176.82
177.29
158.27
177.1
181.83
160.07
161.02
170.67
164.33
159.41
169.82
876.79
882.19
879.06
7.71
11.27
5.81
7.02
8.06
9.36
5.72
6.59
3.12
2.08
7.89
-165.19
-147.25
-166.75
-167.1
-154.79
-160.08
-168.75
-156.96
-148.99
-170.39
-162.85
-153.15
-165.71
-155.31
-152.37
-155.31
-171.61
-156.96
-159.99
-175.51
-170.31
-150.55
-186.95
-168.57
-141.88
-170.91
-178.89
-147.17
-154.71
-177.15
-161.9
-153.15
-171.87
-178.54
-145.26
-156.09
-157.74
-145.52
-152.37
-165.71
-147.77
-143.18
-174.03
-171.78
-139.37
-160.95
-167.88
-142.92
-158.52
-168.92
-151.67
-154.1
-174.03
-172.3
-144.57
-164.5
-170.05
-139.45
-159.47
-171.95
-159.13
-153.58
-182.09
-173.77
-140.49
-181.57
-171
-158.87
-177.85
-187.29
65.3
63.25
61.48
59.45
57.6
55.88
53.81
51.9
50.15
48.05
46.36
44.32
42.42
40.54
38.65
36.75
35.02
33.03
31.13
29.29
27.46
25.68
23.66
21.78
20
17.97
16.22
14.21
12.32
10.45
8.07
5.41
2.91
0.2
-2.31
-5.03
-7.61
-10.11
-12.13
-14.05
-15.85
-17.87
-19.65
-21.61
-23.48
-25.36
-27.3
-29.14
-31
-32.89
-34.83
-36.67
-38.62
-40.41
-42.32
-44.27
-46.03
-48.01
-49.88
-51.81
-53.68
-55.52
-57.48
-59.37
-61.19
-63.16
-64.97
-66.91
-68.86
-70.7
-72.59
-72.87
-72.77
-72.87
-72.77
-72.89
-72.87
-72.75
-72.85
-72.84
-72.77
-72.86
-72.8
-71.86
-69.85
-67.86
-65.89
-63.99
-62.01
-60.14
-58.3
-56.44
-54.5
-52.54
-50.74
-48.82
-46.85
-45.09
-43.04
-41.26
-39.46
-37.5
-35.58
-33.74
-31.79
-30.06
-28.03
-26.23
-24.3
-22.35
-20.54
-18.63
-16.63
-14.9
-12.89
-11
-8.76
-6.03
-3.6
-1.02
1.83
4.29
7.04
9.44
11.48
13.56
15.31
17.19
19.19
20.96
22.96
24.72
26.64
28.66
30.33
32.22
34.22
35.94
37.92
39.73
41.63
43.66
45.46
47.28
49.37
51.15
53.16
54.88
56.79
58.85
60.53
62.45
64.53
66.19
68.3
