155
68
89
175.59
189.21
160.35
167.83
168.11
165.27
155.44
177.95
172.56
143.7
170.67
160.35
159.5
163.85
167.83
164.9
146.26
174.07
161.77
138.41
157.04
168.96
146.26
157.8
165.84
157.71
146.73
160.07
157.71
140.49
161.3
171.23
148.15
169.06
183.06
161.3
172.56
176.34
166.41
160.83
192.61
173.13
164.52
175.68
178.99
156
165.46
184.19
156.1
159.88
175.96
178.52
160.64
165.94
168.49
158.08
163.29
170
157.52
157.33
170.67
168.02
157.71
173.6
174.07
152.41
158.65
169.15
157.04
148.15
160.83
886.92
884.74
880.67
-2.69
-4.33
-3.99
1.04
1.65
-1.73
-2.08
-2.77
-2.43
-5.46
-7.28
-174.55
-158.43
-173.43
-166.84
-159.39
-168.57
-167.62
-162.16
-161.55
-174.64
-171.78
-158.61
-171.69
-163.81
-159.47
-164.41
-170.57
-158.87
-167.97
-181.66
-166.75
-158
-178.11
-178.28
-145.35
-169.7
-185.3
-154.79
-155.05
-180.88
-167.45
-158.35
-179.93
-183.91
-150.72
-174.03
-160.43
-150.37
-161.12
-177.41
-153.41
-151.24
-177.15
-172.3
-146.04
-165.28
-179.23
-152.97
-162.85
-175.85
-157.39
-161.03
-185.99
-179.06
-147.86
-170.31
-176.29
-149.42
-168.75
-180.1
-168.66
-155.75
-179.49
-175.42
-144.74
-185.47
-174.99
-162.51
-184.52
-192.84
65.13
63.24
61.48
59.42
57.6
55.84
53.78
51.9
50.01
48.09
46.37
44.34
42.46
40.7
38.68
36.92
34.9
33.03
31.27
29.28
27.46
25.7
23.67
21.89
19.88
17.99
16.22
14.26
12.31
10.55
8.07
5.56
2.76
0.18
-2.31
-5.02
-7.6
-10.12
-12.12
-14.05
-15.95
-17.84
-19.61
-21.61
-23.45
-25.34
-27.28
-29.18
-31.07
-32.92
-34.71
-36.65
-38.59
-40.39
-42.35
-44.19
-46.09
-48.01
-49.86
-51.79
-53.66
-55.52
-57.48
-59.37
-61.28
-63.19
-64.98
-66.91
-68.83
-70.72
-72.6
-72.88
-72.86
-72.87
-72.76
-72.87
-72.85
-72.76
-72.87
-72.77
-72.87
-72.87
-72.7
-71.89
-69.82
-67.79
-65.88
-63.95
-62.05
-60.19
-58.26
-56.4
-54.48
-52.55
-50.74
-48.84
-46.93
-45.11
-43.09
-41.26
-39.39
-37.41
-35.58
-33.68
-31.85
-30.02
-28.05
-26.23
-24.28
-22.3
-20.55
-18.57
-16.7
-14.87
-12.87
-11.02
-8.77
-6.02
-3.58
-0.96
1.68
4.26
7.01
9.48
11.49
13.56
15.3
17.18
19.07
20.94
22.96
24.72
26.67
28.67
30.35
32.24
34.08
35.95
38.05
39.73
41.65
43.69
45.46
47.42
49.22
51.15
53.15
54.88
56.81
58.84
60.53
62.47
64.37
66.2
68.31
