155
67
89
113.3
113.22
110.58
114.43
115.04
112.46
109.74
120.79
123.51
121.85
128.43
127.3
120.11
115.57
110.19
108.91
98.31
115.57
111.26
106.71
116.93
117.01
119.2
117.69
110.88
104.29
104.52
110.12
106.03
113.38
107.78
87.04
94
104.9
100.06
95.59
104.22
107.1
103.08
111.18
108.61
108.83
115.5
118.82
110.12
107.02
118.14
119.13
116.1
116.33
120.11
119.81
116.25
118.82
117.16
119.2
123.37
122.91
115.5
123.59
126.92
107.32
115.57
120.86
110.34
115.65
123.22
114.36
127.07
784.16
781.58
780.3
4.23
3.4
4.37
1.74
6.03
6.03
-0.14
2.08
-0.9
1.59
1.11
0.34
0.14
-103.73
-103.17
-112.05
-109.97
-108.17
-111.35
-111.56
-112.74
-109.55
-104.28
-103.17
-102.75
-109.14
-98.32
-107.68
-104.49
-107.61
-119.88
-108.86
-102.96
-112.81
-109.97
-111.5
-102.34
-109.34
-111.08
-100.88
-105.53
-102.62
-102.13
-96.3
-100.67
-89.02
-92.7
-93.33
-93.26
-103.58
-100.61
-101.58
-102.34
-107.75
-114.13
-106.98
-105.66
-109.21
-117.25
-114.89
-108.51
-103.94
-98.11
-102.2
-103.73
-94.71
-110.94
-106.57
-110.8
-113.3
-111.29
-103.31
-104.42
-106.71
-109.97
-91.94
-104.56
-102.82
-102.62
-105.53
-107.68
-98.94
-108.1
65.85
63.72
61.64
59.53
57.45
55.54
53.28
51.17
49.06
46.95
44.84
42.75
40.67
38.7
36.48
34.38
32.28
30.23
28.21
26.11
24.05
22.03
19.8
17.7
15.61
13.5
11.43
9.09
6.17
3.46
0.38
-2.53
-5.37
-8.3
-10.91
-13.03
-15.17
-17.16
-19.32
-21.45
-23.44
-25.67
-27.74
-29.85
-31.91
-33.95
-36.07
-38.17
-40.3
-42.41
-44.51
-46.57
-48.66
-50.71
-52.87
-54.94
-57.07
-59.18
-61.27
-63.32
-65.43
-67.52
-69.7
-71.75
-73.8
-75.93
-78.02
-80.14
-82.23
-83.27
-83.39
-83.38
-83.37
-83.37
-83.37
-83.37
-83.37
-83.28
-83.36
-83.37
-83.26
-82.37
-80.29
-78.2
-76.08
-74.02
-71.88
-69.8
-67.68
-65.6
-63.49
-61.39
-59.3
-57.14
-55.09
-53
-50.85
-48.8
-46.69
-44.63
-42.48
-40.37
-38.31
-36.19
-34.12
-32.04
-30.01
-27.88
-25.77
-23.57
-21.6
-19.47
-17.38
-15.33
-13.15
-11.03
-8.48
-5.41
-2.73
0.2
3.1
5.98
8.9
11.28
13.41
15.59
17.58
19.68
21.75
23.89
25.98
28.09
30.11
32.3
34.28
36.34
38.46
40.53
42.64
44.72
46.81
49.11
51.07
53.18
55.27
57.35
59.43
61.54
63.69
65.9
67.85
69.9
72.02
74.12
76.19
