155
68
88
179.09
187.98
158.08
168.87
164.8
157.71
165.84
175.3
163.85
154.39
168.96
168.77
150.52
164.23
166.88
153.92
157.52
176.15
164.33
137.55
166.79
161.11
141.81
155.25
158.18
157.61
155.25
160.26
153.45
145.22
168.3
163.67
147.39
162.15
187.32
166.98
170.86
181.92
169.25
172.18
182.11
171.52
169.15
185.8
173.88
160.17
177.19
185.33
164.9
168.87
176.72
159.41
164.99
165.27
170.95
165.46
169.63
161.68
157.71
160.64
173.13
168.3
158.27
171.33
168.3
158.75
165.75
165.75
158.18
162.34
163.29
892.78
895.53
889.66
7.54
5.72
4.94
7.45
7.19
5.63
5.37
5.98
3.73
5.89
-34.75
-162.07
-150.98
-167.45
-160.69
-152.37
-172.47
-167.79
-151.5
-159.65
-158
-158.52
-150.98
-163.03
-151.59
-149.16
-164.93
-168.75
-151.59
-159.13
-166.06
-168.05
-164.76
-174.29
-161.9
-143.7
-176.2
-180.19
-139.97
-164.85
-181.31
-153.15
-151.85
-169.35
-163.89
-144.91
-163.63
-152.45
-138.5
-150.63
-164.5
-133.99
-149.59
-167.97
-157.22
-147.69
-164.5
-171.95
-138.76
-162.51
-166.32
-140.23
-152.45
-170.31
-157.13
-146.04
-169.18
-169.53
-132.86
-167.97
-170.31
-141.97
-158.43
-174.12
-162.07
-146.21
-181.92
-170.31
-152.89
-191.02
-175.68
65.1
63.21
61.33
59.42
57.55
55.8
53.78
51.86
49.96
48.07
46.19
44.27
42.39
40.68
38.64
36.74
35
33.01
31.1
29.25
27.45
25.65
23.64
21.74
19.98
17.98
16.1
14.2
12.29
10.52
7.96
5.37
2.73
0.16
-2.51
-5.07
-7.61
-10.24
-12.15
-14.08
-15.98
-17.88
-19.75
-21.61
-23.53
-25.37
-27.27
-29.23
-31.02
-32.92
-34.82
-36.69
-38.6
-40.42
-42.36
-44.31
-46.13
-48.07
-49.96
-51.83
-53.72
-55.55
-57.52
-59.43
-61.31
-63.19
-65.06
-66.95
-68.83
-70.71
-72.63
-72.87
-72.87
-72.9
-72.87
-72.88
-72.87
-72.77
-72.87
-72.85
-72.77
-72.87
-72.77
-71.9
-69.85
-67.82
-65.91
-64.01
-62.09
-60.2
-58.33
-56.42
-54.55
-52.6
-50.76
-48.86
-46.98
-45.11
-43.18
-41.32
-39.46
-37.41
-35.57
-33.74
-31.88
-30.04
-28.18
-26.25
-24.32
-22.33
-20.57
-18.67
-16.64
-14.89
-12.97
-11.04
-8.77
-6.04
-3.66
-0.99
1.62
4.25
6.87
9.5
11.47
13.51
15.27
17.17
19.07
20.92
22.83
24.74
26.62
28.63
30.28
32.21
34.08
35.94
37.86
39.74
41.6
43.66
45.39
47.29
49.3
51.15
53
54.84
56.76
58.83
60.51
62.43
64.36
66.17
68.11
