157
69
90
220.44
215.24
215.71
219.97
224.41
214.76
213.06
221.86
217.6
205.68
222.52
221.67
218.36
230.47
227.35
223.09
214.67
222.33
215.62
217.41
219.49
220.44
221.1
229.52
216.28
205.59
224.13
217.7
214.29
212.87
223.37
225.1
228.39
227.27
218.64
213.72
218.83
228.86
223.37
225.83
226.87
227.35
224.46
228.96
221.58
226.31
222.24
212.4
221.39
227.25
214.39
214.67
230.19
222.71
217.79
227.16
219.49
224.95
224.7
228.2
228.96
228.1
226.47
222.9
224.7
224.48
215.71
203.13
212.97
213.25
212.31
222.81
977.18
958.73
950.79
-17.4
-20.52
-17.49
-18.27
-18.79
-20.78
-16.27
-19.39
-18.18
-12.03
-20.52
-223.33
-216.74
-225.84
-220.12
-219.95
-219.64
-220.88
-221.68
-226.1
-221.09
-219.79
-205.04
-213.45
-224.8
-215.44
-222.37
-221.77
-208.07
-211.45
-217.78
-209.2
-212.84
-219.73
-212.58
-198.19
-215.87
-213.97
-221.94
-226.62
-220.29
-219.73
-222.11
-214.23
-220.29
-218.04
-220.29
-211.54
-212.06
-217.52
-212.67
-205.65
-207.03
-198.54
-213.36
-213.79
-211.28
-218.82
-216.05
-226.97
-221.33
-210.41
-220.99
-222.26
-224.63
-218.47
-219.95
-225.67
-214.05
-214.92
-222.81
-212.75
-214.92
-218.91
-205.47
-210.33
-203.31
-207.64
-211.45
-214.49
-208.85
-203.13
65.01
62.97
61.08
59.19
57.33
55.47
53.53
51.64
49.91
47.84
45.98
44.09
42.24
40.25
38.41
36.53
34.79
32.77
30.87
29.07
27.2
25.26
23.41
21.51
19.74
17.73
15.87
14.09
12.08
10.19
7.65
5.03
2.67
-0.14
-2.79
-5.37
-7.96
-10.46
-12.35
-14.29
-16.08
-18.05
-19.97
-21.88
-23.74
-25.71
-27.56
-29.44
-31.24
-33.16
-35.05
-36.83
-38.78
-40.75
-42.58
-44.58
-46.3
-48.25
-50.2
-52.04
-53.93
-55.82
-57.72
-59.65
-61.45
-63.39
-65.3
-67.21
-69.11
-70.99
-72.86
-74.79
-74.95
-75.02
-75.01
-75.01
-75.01
-75.04
-75
-75.03
-74.9
-75.02
-75.03
-74.97
-74.25
-72.23
-70.36
-68.36
-66.38
-64.54
-62.67
-60.71
-58.89
-57
-55.1
-53.21
-51.25
-49.41
-47.53
-45.66
-43.75
-41.82
-40.01
-38.05
-36.1
-34.31
-32.42
-30.62
-28.73
-26.8
-24.89
-23.01
-21.07
-19.23
-17.36
-15.49
-13.58
-11.63
-9.59
-6.95
-4.24
-1.8
0.89
3.45
6.05
8.66
10.91
12.83
14.81
16.58
18.48
20.36
22.26
24.14
26.03
27.95
29.89
31.6
33.5
35.39
37.28
39.15
41.05
42.98
44.94
46.68
48.62
50.67
52.43
54.3
56.21
58.1
60.1
61.84
63.75
65.62
67.55
