154
66
89
220.39
222.5
221.79
220.32
221.81
221.15
217.78
213.05
196.68
198.29
210.68
207.94
216.55
214.85
211.91
206.81
213.14
211.63
196.21
203.02
212.77
205.2
213.43
213.43
212.77
222.51
215.6
214.94
210.21
229.32
222.51
212.77
229.23
227.81
219.77
217.31
215.13
205.29
225.54
224.15
223.65
211.82
218.63
205.48
199.8
212.58
211.35
214.66
221.39
221.58
215.13
220.33
221.94
224.31
198.2
206.99
213.05
220.05
221.19
220.13
218.25
210.78
210.02
213.9
200.85
201.7
207.28
195.26
205.1
198.67
219.2
1003.66
1001.48
1001.58
1.56
-3.81
-2.43
-1.13
0.61
0.52
0.35
0.87
2.86
0.26
-2.69
-241.2
-225.6
-225.52
-229.85
-218.84
-237.82
-234.1
-236.44
-237.65
-233.58
-237.06
-233.51
-231.5
-225.26
-228.55
-227.51
-232.97
-226.82
-234.2
-235.72
-225.78
-237.41
-238.28
-229.68
-216.76
-235.66
-225.43
-233.34
-234.14
-234.92
-234.12
-234.01
-226.56
-208.61
-225.86
-232.3
-221.01
-233.75
-232.02
-225.6
-208.44
-225.69
-220.83
-210.43
-220.4
-220.57
-209.13
-206.45
-218.15
-202.03
-195.53
-213.47
-208.7
-202.63
-217.97
-228.12
-221.18
-237.65
-226.21
-221.61
-218.32
-223.7
-232.71
-233.29
-233.62
-236.72
-234.38
-235.85
-236.76
63.37
61.68
59.62
57.73
55.99
53.94
52.03
50.32
48.22
46.51
44.48
42.59
40.83
38.82
36.94
35.02
33.19
31.4
29.44
27.58
25.85
23.82
21.94
20.03
18.12
16.36
14.39
12.46
10.72
8.22
5.56
3.15
0.39
-2.26
-4.8
-7.39
-9.92
-11.99
-13.92
-15.82
-17.67
-19.47
-21.51
-23.35
-25.15
-27.15
-29.03
-30.82
-32.79
-34.57
-36.51
-38.45
-40.26
-42.18
-44.12
-45.99
-47.86
-49.72
-51.65
-53.52
-55.34
-57.34
-59.25
-61.13
-63.03
-64.82
-66.78
-68.69
-70.52
-72.45
-74.35
-74.86
-74.84
-74.78
-74.86
-74.82
-74.76
-74.88
-74.86
-74.88
-74.85
-74.74
-74.72
-73.66
-71.78
-69.88
-67.95
-66.01
-64.13
-62.22
-60.36
-58.47
-56.54
-54.72
-52.81
-50.92
-49
-47.05
-45.23
-43.34
-41.43
-39.61
-37.71
-35.79
-33.9
-31.97
-30.21
-28.29
-26.3
-24.48
-22.58
-20.63
-18.81
-16.87
-15.1
-13.17
-11.15
-9
-6.42
-3.84
-1.27
1.45
4
6.58
9.4
11.31
13.21
15.25
17
18.97
20.76
22.67
24.66
26.45
28.32
30.28
32.01
33.9
35.8
37.71
39.68
41.45
43.33
45.36
47.08
49.16
50.93
52.82
54.84
56.57
58.5
60.33
62.26
64.33
