157
68
90
203.32
202.18
192.34
203.89
205.78
198.21
205.49
203.41
201.62
189.03
209.94
208.43
193.01
206.58
209.28
202.09
199.44
199.16
200.57
192.25
201.62
194.99
200.01
208.81
197.26
181.18
211.64
198.87
196.51
208.43
206.72
206.83
207.34
209.15
200.95
203.7
205.49
204.83
204.08
206.79
199.82
198.02
210.41
209.85
195.94
202.94
204.64
186.29
198.4
195.66
186.19
191.59
206.72
203.79
192.82
207.48
205.4
208.26
207.67
213.06
207.26
211.93
206.09
212.97
208.24
207.37
197.36
194.99
207.58
197.45
194.99
211.36
976.8
975.48
972.55
-7.05
-6.35
-6.01
-5.23
-9.91
-8.78
-9.3
-8.87
-8.87
-5.23
-9.65
-210.55
-208.12
-207.95
-207.39
-200.23
-208.99
-207.37
-207.11
-206.74
-207.37
-207.56
-210.63
-198.85
-210.2
-207.09
-198.5
-212.19
-210.2
-187.23
-201.27
-191.91
-184.72
-202.4
-195.55
-188.62
-182.29
-206.8
-213.58
-209.16
-207.54
-211.85
-209.33
-210.46
-202.83
-210.2
-209.33
-212.54
-203.35
-207.77
-208.81
-201.53
-185.93
-196.25
-198.41
-196.77
-205.17
-196.77
-205.09
-206.95
-204.74
-206.73
-204.31
-207.19
-207.99
-207.69
-209.51
-207.7
-198.67
-201.19
-210.81
-201.1
-196.16
-197.29
-206.91
-193.39
-197.37
-194.95
-193.13
-204.74
-207.25
-184.63
64.02
61.95
60.23
58.34
56.31
54.57
52.7
50.64
48.88
46.83
44.95
43.23
41.16
39.27
37.53
35.5
33.78
31.87
29.87
28.19
26.3
24.26
22.52
20.63
18.63
16.73
14.98
13.08
11.07
9.03
6.4
3.6
1.24
-1.59
-4.22
-6.62
-9.39
-11.48
-13.34
-15.34
-17.13
-18.98
-20.98
-22.77
-24.66
-26.66
-28.45
-30.37
-32.21
-34.19
-35.95
-37.87
-39.88
-41.65
-43.58
-45.53
-47.31
-49.27
-51.18
-52.99
-54.93
-56.86
-58.7
-60.67
-62.47
-64.33
-66.29
-68.14
-70.09
-71.99
-73.81
-75.1
-75.18
-75.22
-75.07
-75.09
-75.2
-75.09
-75.09
-75.2
-75.1
-75.19
-75.2
-75.1
-74.86
-73.24
-71.38
-69.42
-67.43
-65.51
-63.67
-61.72
-59.82
-58.03
-56.06
-54.16
-52.3
-50.45
-48.49
-46.6
-44.79
-42.78
-40.98
-39.14
-37.15
-35.34
-33.44
-31.5
-29.74
-27.81
-25.85
-24.03
-22.08
-20.15
-18.39
-16.43
-14.49
-12.67
-10.67
-8.25
-5.81
-3.17
-0.44
2.18
4.6
7.4
10.02
11.78
13.82
15.57
17.47
19.49
21.25
23.13
25.13
26.92
28.89
30.72
32.46
34.52
36.4
38.15
40.14
42.08
43.97
45.66
47.72
49.64
51.33
53.45
55.34
57.07
59.11
60.87
62.73
64.77
66.52
