182
81
101
95.59
97.18
92.71
102.25
104.44
98.09
89.76
93.92
96.65
94.07
87.11
94.98
86.06
93.92
86.81
82.8
86.58
92.18
85.22
86.96
87.18
97.26
83.55
80.75
86.06
91.2
79.92
84.16
82.5
85.37
76.44
83.86
81.97
84.46
82.8
83.55
84.31
91.2
87.49
98.39
94.75
98.92
85.9
94.9
94.22
88.17
83.1
89.08
83.02
88.02
74.7
85.9
81.14
87.64
81.89
92.18
92.41
85.37
87.26
105.81
94.9
92.03
82.5
106.41
100.66
109.14
97.63
108.15
99.3
91.66
82.8
87.11
90.37
87.72
85.3
89.54
81.97
89.61
72.35
77.58
77.95
86.5
70.84
76.74
94.46
479.46
518.43
512.3
-4.09
-1.32
1.53
0.28
0
6.38
-0.07
-2.15
-1.38
-83.69
-90.76
-83.97
-83.76
-89.86
-97.14
-90.69
-96.45
-97.9
-94.3
-96.1
-93.12
-99.78
-86.81
-90.14
-97
-99.84
-107.06
-89.1
-84.38
-104.07
-102.13
-87.09
-89.1
-90.34
-104.77
-87.36
-86.26
-95.82
-96.1
-79.11
-84.66
-90.14
-93.46
-84.86
-86.88
-92.7
-103.86
-85.14
-85.9
-93.46
-94.16
-81.26
-95.89
-93.18
-85.63
-82.65
-84.52
-88.19
-77.03
-75.58
-91.31
-83.76
-77.94
-79.04
-87.09
-86.11
-77.03
-77.38
-89.17
-77.45
-73.63
-90.14
-90.48
-77.03
-77.52
-84.66
-83.9
-83.82
-84.24
-86.53
-89.93
-88.75
-83.41
-78.42
-87.64
-95.68
-94.02
-77.03
-84.45
-100.82
-98.11
-78.35
-90.48
-95.2
66.16
64.56
62.99
61.43
59.82
58.26
56.69
55.29
53.58
51.97
50.48
48.81
47.2
45.61
44.08
42.65
40.92
39.33
37.94
36.19
34.64
33.09
31.49
30.11
28.47
26.86
25.44
23.72
22.14
20.6
18.99
17.54
15.85
14.28
12.79
11.14
9.4
7.23
5.04
3.03
0.69
-1.52
-3.55
-5.8
-7.96
-10.17
-11.69
-13.27
-14.95
-16.51
-18.05
-19.65
-21.24
-22.79
-24.4
-25.88
-27.56
-29.13
-30.63
-32.21
-33.8
-35.34
-36.92
-38.41
-40.14
-41.66
-43.19
-44.85
-46.36
-47.97
-49.59
-51.05
-52.72
-54.25
-55.79
-57.44
-59.02
-60.6
-62.15
-63.64
-65.3
-66.85
-68.44
-70.05
-71.58
-72.7
-72.7
-72.62
-72.7
-72.68
-72.58
-72.73
-72.69
-72.69
-72.68
-72.57
-71.5
-69.78
-68.02
-66.46
-64.86
-63.31
-61.69
-60.09
-58.58
-57
-55.38
-53.85
-52.23
-50.72
-49.11
-47.47
-46
-44.45
-42.72
-41.22
-39.69
-38.08
-36.48
-34.85
-33.36
-31.81
-30.22
-28.7
-27.1
-25.57
-23.95
-22.28
-20.85
-19.26
-17.58
-16.11
-14.53
-12.87
-11.31
-9.46
-7.35
-5.23
-2.98
-0.9
1.29
3.44
5.66
7.99
9.93
11.54
13.29
14.7
16.28
17.88
19.44
21.13
22.57
24.19
25.83
27.29
28.87
30.41
31.92
33.64
35.05
36.67
38.24
39.76
41.37
42.98
44.5
46.23
47.69
49.29
50.85
52.47
54.02
55.55
57.13
58.76
60.26
61.86
63.47
65
66.6
68.19
