156
67
90
191.9
198.39
191.48
195.3
195.7
176.82
199.33
189.34
168.96
175.4
188.25
189.18
171.04
206.62
187.45
162.91
203.59
189.72
143.42
170.67
185.8
146.35
169.53
181.36
170.38
171.33
177.38
168.49
153.73
174.07
188.17
145.12
165.27
179.94
150.7
166.22
188.36
161.4
168.21
191.48
186.18
168.87
206.81
202.55
170.95
189.03
188.35
179.56
194.66
190.71
185.24
180.32
178.8
162.25
158.08
157.71
163.48
146.07
162.25
154.96
168.27
148.81
178.61
151.93
156.38
179.84
145.79
130.74
157.99
146.64
152.79
150.04
906.41
902.72
890.7
0.78
-1.04
-0.61
3.81
3.38
-0.52
-0.61
-1.13
1.82
0.78
-5.2
-205.67
-185.04
-199.25
-185.04
-187.64
-209.31
-214.33
-214.77
-221.27
-202.89
-206.19
-212.86
-195.79
-213.64
-211.91
-220.57
-226.56
-221.79
-230.7
-230.68
-229.45
-239.69
-233.78
-234.15
-233.97
-227.26
-229.38
-226.56
-230.2
-230.63
-186.95
-207.92
-195.61
-185.3
-219.36
-192.15
-170.91
-204.45
-187.99
-188.94
-201.94
-207.75
-207.83
-178.89
-213.21
-217.8
-204.28
-219.27
-203.41
-183.57
-225
-214.59
-215.37
-225.87
-226.13
-224.39
-182.7
-231.61
-233.58
-208.44
-235.79
-231.06
-227.25
-234.36
-229.38
-228.8
-235.77
-234.78
-232.7
-227.06
63.45
61.72
59.66
57.99
55.94
54
52.34
50.27
48.35
46.63
44.58
42.82
40.87
38.92
37.21
35.16
33.32
31.54
29.54
27.87
25.85
23.95
22.2
20.19
18.26
16.53
14.53
12.71
10.73
8.43
5.93
3.16
0.62
-1.85
-4.66
-7.21
-9.84
-11.82
-13.65
-15.69
-17.52
-19.29
-21.29
-23.09
-25.09
-26.93
-28.79
-30.79
-32.58
-34.5
-36.37
-38.2
-40.17
-42.06
-43.9
-45.87
-47.74
-49.6
-51.52
-53.32
-55.31
-57.17
-59.02
-61.01
-62.84
-64.65
-66.67
-68.5
-70.43
-72.28
-74.14
-75.8
-75.81
-75.71
-75.81
-75.74
-75.81
-75.81
-75.68
-75.83
-75.81
-75.71
-75.81
-75.72
-75.46
-73.62
-71.7
-69.68
-67.77
-65.85
-63.98
-62.05
-60.2
-58.33
-56.37
-54.53
-52.63
-50.72
-48.84
-46.92
-45.11
-43.21
-41.24
-39.46
-37.54
-35.56
-33.77
-31.92
-30.04
-28.14
-26.16
-24.33
-22.43
-20.48
-18.68
-16.8
-14.9
-12.98
-10.96
-8.8
-6.17
-3.51
-0.97
1.73
4.23
6.83
9.56
11.5
13.39
15.4
17.15
19.15
20.95
22.84
24.82
26.6
28.45
30.42
32.19
34.14
35.94
37.84
39.85
41.62
43.53
45.5
47.22
49.32
51.09
52.97
55.01
56.74
58.6
60.65
62.42
64.48
