152
65
88
199.71
197
193.72
167.92
205.76
188.68
164.14
181.74
204.63
192.71
176.53
195.07
204.25
162.06
194.22
203.21
148.72
174.36
176.82
146.35
166.79
171.99
171.33
165.84
188.17
170
158.18
189.78
174.36
140.96
172.27
178.61
146.45
173.88
191.67
145.5
165.56
177.76
183.25
185.9
202.74
204.91
189.87
188.3
188.25
185.8
192.65
190.88
187.88
185.61
194.32
178.99
170.19
173.79
179.37
152.12
177.01
174.55
150.8
175.87
196.12
142.57
165.94
178.14
149.19
151.37
151.93
146.64
160.35
149.29
935.64
937.15
932.52
-0.95
-1.3
1.3
2.86
2.43
-0.17
-4.85
0.95
1.39
-1.91
-0.43
-178.89
-185.91
-193.01
-194.14
-201.85
-204.02
-224.56
-219.19
-218.41
-215.98
-214.42
-212.25
-204.89
-218.06
-200.47
-231.51
-226.38
-218.58
-236.34
-231.88
-232.36
-243.1
-237.06
-237.86
-237.88
-230.62
-233.48
-223.61
-229.06
-235.14
-205.84
-213.38
-200.99
-193.79
-219.36
-196.48
-185.21
-197.17
-193.88
-197.95
-196.31
-226.56
-209.13
-179.23
-225.52
-224.56
-198.73
-224.3
-204.19
-184.17
-229.42
-216.76
-211.91
-210.95
-229.32
-223.52
-198.13
-235.17
-229.94
-226.82
-238.81
-230.3
-235.22
-236.56
-233.53
-232.62
-235.22
-241.35
59.44
57.77
55.68
53.93
51.91
50.02
48.22
46.2
44.34
42.57
40.55
38.81
36.77
34.88
33.17
31.16
29.26
27.58
25.57
23.79
21.78
19.9
18.09
16.13
14.2
12.43
10.43
8.18
5.34
2.75
0.32
-2.48
-5.09
-7.5
-10.22
-12.04
-14.05
-15.97
-17.78
-19.71
-21.62
-23.4
-25.42
-27.2
-29.18
-31.08
-32.83
-34.79
-36.69
-38.5
-40.48
-42.3
-44.27
-46.14
-47.95
-49.95
-51.8
-53.65
-55.6
-57.42
-59.36
-61.29
-63.11
-65.03
-66.95
-68.79
-70.75
-72.62
-74.51
-75.89
-75.78
-75.89
-75.9
-75.79
-75.87
-75.76
-75.86
-75.89
-75.78
-75.93
-75.87
-75.77
-75.6
-73.89
-72.05
-70.02
-68.05
-66.17
-64.29
-62.37
-60.53
-58.6
-56.74
-54.86
-52.9
-51.1
-49.19
-47.23
-45.41
-43.48
-41.6
-39.76
-37.77
-35.97
-34.06
-32.16
-30.35
-28.37
-26.55
-24.62
-22.66
-20.89
-18.99
-17
-15.2
-13.27
-11.37
-9.22
-6.49
-4.05
-1.44
1.36
3.78
6.43
9.01
11.14
13.2
14.99
16.84
18.84
20.62
22.49
24.4
26.28
28.28
30.01
31.84
33.87
35.63
37.66
39.39
41.28
43.36
45.06
46.92
49.02
50.79
52.65
54.54
56.44
58.47
60.2
