156
68
89
136.79
132.79
126.59
140.41
129.65
135.54
138.92
134.75
125.26
130.82
133.18
129.1
129.02
137.35
127.45
128
132.79
133.34
121.72
132.32
128.94
128.78
139.46
136.17
141.59
139.15
135.77
135.7
135.62
131.38
132.95
132.56
149.91
143.62
131.7
139.39
128.94
127.92
129.89
145.59
135.07
127.53
130.59
130.28
122.19
129.26
125.41
130.28
142.69
136.64
133.34
128.32
129.96
130.98
126.43
127.61
122.97
124.86
136.79
135.38
133.58
118.74
119.99
125.49
123.45
123.45
123.53
117.25
119.91
117.87
118.34
126.04
776.9
777.06
771.33
-4.41
-9.15
-8.72
-7.58
-5.78
-9.09
-5.64
-4.91
-3.76
-9.59
-142.39
-124.26
-127.21
-125.99
-125.05
-127.71
-132.68
-121.74
-118.65
-131.45
-133.9
-126.7
-131.09
-129.36
-120.44
-131.16
-137.49
-128.07
-127.56
-137.71
-128.14
-133.61
-139.94
-140.94
-129.87
-126.7
-137.27
-121.95
-147.57
-155.62
-149.36
-145.19
-155.48
-127.21
-133.46
-155.48
-160.87
-141.45
-159.5
-143.32
-133.39
-127.06
-137.85
-129.44
-128.64
-150.3
-140.44
-134.9
-141.09
-130.01
-124.62
-131.66
-132.6
-118.14
-130.44
-140.29
-132.74
-130.09
-141.52
-129.07
-139.94
-148.79
-154.18
-146.34
-159.43
-165.11
-149.72
-154.83
-163.39
-147.78
-162.6
65.21
63.15
61.24
59.29
57.45
55.58
53.67
51.76
50
47.96
46.08
44.16
42.28
40.41
38.48
36.63
34.85
32.9
30.94
29.13
27.33
25.37
23.52
21.61
19.82
17.87
15.98
14.02
12.13
10.22
7.77
5.2
2.73
-0.07
-2.71
-5.29
-7.88
-10.36
-12.28
-14.19
-15.98
-18
-19.87
-21.79
-23.71
-25.57
-27.5
-29.3
-31.18
-33.08
-34.98
-36.85
-38.77
-40.65
-42.52
-44.43
-46.23
-48.23
-50.08
-52.05
-53.9
-55.79
-57.67
-59.52
-61.4
-63.4
-65.24
-67.14
-69.02
-70.91
-72.79
-74.65
-75.19
-75.23
-75.29
-75.25
-75.3
-75.23
-75.25
-75.29
-75.17
-75.26
-75.29
-75.06
-74.14
-72.23
-70.23
-68.19
-66.25
-64.47
-62.56
-60.7
-58.77
-56.87
-55.02
-53.1
-51.13
-49.36
-47.38
-45.53
-43.64
-41.71
-39.91
-37.9
-36.06
-34.21
-32.35
-30.42
-28.61
-26.67
-24.78
-22.86
-20.95
-19.11
-17.27
-15.36
-13.37
-11.52
-9.37
-6.78
-4.12
-1.6
1.02
3.63
6.23
8.86
11.07
12.95
14.9
16.76
18.59
20.53
22.43
24.32
26.2
28.06
30.02
31.75
33.67
35.49
37.45
39.36
41.2
43.07
45.12
46.86
48.76
50.77
52.61
54.43
56.31
58.18
60.23
62.04
63.92
65.76
