155
67
88
139.46
135.22
144.88
134.44
135.46
149.28
134.68
132.4
132.09
131.93
133.73
128.71
137.19
132.4
129.96
129.65
136.88
121.33
130.52
133.02
143.71
130.91
147.63
136.88
136.64
143.23
132.16
134.29
136.72
135.31
139.15
141.9
150.61
142.21
141.9
138.44
137.19
133.81
150.46
145.98
138.44
138.53
133.89
127.14
136.95
136.72
128.78
147.79
131.85
127.37
133.34
129.73
130.98
132.71
127.14
129.02
129.8
137.9
138.21
133.02
121.56
125.65
124.71
125.1
116.38
121.4
119.36
122.51
128.78
119.45
124.71
818.75
774.86
773.93
-8.94
-7.58
-3.62
-7.86
-6.78
-8.29
-9.8
-1.17
-8.15
-7.29
-118.93
-127.93
-130.37
-124.69
-128.93
-124.69
-129.22
-133.25
-125.62
-136.84
-139.51
-134.19
-127.42
-131.38
-123.83
-125.99
-136.34
-133.32
-133.9
-138.14
-135.62
-133.11
-141.59
-150.73
-137.13
-123.68
-138.78
-130.44
-147.85
-160.58
-153.75
-151.95
-158.36
-133.46
-133.75
-160.87
-168.35
-143.96
-162.95
-149.65
-131.74
-130.09
-144.76
-139.86
-135.7
-146.84
-147.85
-137.13
-141.95
-135.05
-127.93
-134.62
-132.31
-125.4
-131.02
-140.15
-141.09
-134.33
-138.29
-134.68
-139.15
-149.14
-156.48
-149.22
-168.07
-173.53
-148.28
-158.57
-167.49
-163.6
-160.3
63.22
61.29
59.44
57.52
55.83
53.76
51.91
50.03
48.04
46.29
44.26
42.39
40.66
38.61
36.73
34.82
32.95
31.21
29.23
27.43
25.58
23.62
21.73
19.89
17.88
16.04
14.17
12.25
10.42
7.95
5.23
2.8
0.14
-2.44
-5.08
-7.72
-10.18
-12.19
-14.14
-15.95
-17.93
-19.68
-21.68
-23.55
-25.39
-27.34
-29.37
-31.02
-33.01
-34.83
-36.77
-38.61
-40.49
-42.44
-44.37
-46.16
-48.1
-49.89
-51.93
-53.78
-55.59
-57.55
-59.45
-61.32
-63.26
-65.09
-67.05
-68.92
-70.8
-72.7
-74.55
-75.14
-75.25
-75.26
-75.3
-75.26
-75.23
-75.28
-75.29
-75.15
-75.24
-75.19
-75.11
-74.02
-72.12
-70.11
-68.05
-66.17
-64.33
-62.42
-60.54
-58.71
-56.72
-54.9
-52.98
-51.05
-49.23
-47.33
-45.47
-43.56
-41.54
-39.79
-37.84
-35.87
-34.09
-32.14
-30.43
-28.45
-26.51
-24.67
-22.78
-20.87
-19.01
-17.07
-15.26
-13.28
-11.31
-9.25
-6.6
-3.98
-1.44
1.1
3.78
6.39
9.17
11.15
13.01
15.05
16.85
18.79
20.6
22.5
24.48
26.32
28.16
30.1
31.84
33.86
35.66
37.54
39.5
41.26
43.18
45.23
46.94
48.84
50.75
52.65
54.69
56.4
58.39
60.32
62.07
64.15
65.85
