155
67
89
137.51
134.99
137.9
138.05
132.95
141.27
134.6
132.79
126.9
134.05
136.64
123.29
136.64
134.99
131.85
133.18
134.75
125.41
130.43
132.71
140.88
133.42
148.26
138.83
141.98
140.72
135.07
133.42
135.62
135.22
140.01
141.03
158
148.26
143.32
139.62
133.65
137.81
155.01
149.83
140.33
137.11
140.25
135.31
144.25
138.44
131.61
145.04
141.27
138.29
141.51
137.27
136.33
136.72
126.9
127.53
130.68
131.3
132.09
135.31
126.67
130.04
121.79
122.67
117.48
119.52
122.03
122.97
122.9
117.48
124.08
826.06
797.56
796.22
-8.58
-5.56
-6.13
-7.15
-10.23
-7.29
-5.42
-8.29
-8.94
-6.71
-7.5
-137.06
-129.15
-133.25
-126.27
-127.56
-131.95
-134.11
-120.08
-134.76
-137.78
-126.7
-131.81
-132.24
-130.87
-134.25
-139.86
-129.94
-133.17
-139.37
-147.78
-137.06
-143.9
-149.79
-129.94
-124.18
-141.52
-132.46
-147.42
-160.95
-153.97
-148.35
-162.67
-138.57
-134.76
-159.36
-162.52
-152.24
-162.89
-155.98
-142.74
-132.6
-142.45
-143.75
-133.11
-147.42
-146.77
-136.84
-146.98
-136.84
-126.2
-132.6
-127.13
-123.83
-127.21
-142.82
-140.23
-137.56
-144.18
-131.95
-140.94
-150.87
-160.44
-152.1
-166.12
-164.9
-149.94
-151.3
-173.96
-157.56
-164.9
63.13
61.27
59.36
57.48
55.77
53.72
51.79
50.04
47.98
46.09
44.34
42.27
40.56
38.53
36.65
34.89
32.9
31.01
29.3
27.33
25.57
23.55
21.68
19.86
17.88
15.95
14.04
12.18
10.27
7.81
5.22
2.71
-0.01
-2.66
-5.25
-7.79
-10.21
-12.21
-14.2
-15.96
-18.02
-19.86
-21.69
-23.65
-25.47
-27.46
-29.33
-31.11
-33.07
-34.96
-36.72
-38.73
-40.52
-42.5
-44.39
-46.26
-48.2
-50.06
-51.85
-53.86
-55.68
-57.65
-59.48
-61.38
-63.36
-65.18
-67.04
-68.94
-70.84
-72.76
-74.61
-75.18
-75.28
-75.28
-75.26
-75.25
-75.14
-75.29
-75.26
-75.21
-75.23
-75.31
-75.03
-74.07
-72.14
-70.17
-68.19
-66.24
-64.37
-62.51
-60.61
-58.74
-56.82
-54.93
-53.08
-51.09
-49.3
-47.32
-45.53
-43.62
-41.72
-39.85
-37.93
-35.97
-34.16
-32.26
-30.46
-28.6
-26.54
-24.77
-22.84
-20.9
-19.03
-17.23
-15.21
-13.4
-11.53
-9.35
-6.66
-4.07
-1.54
1.08
3.67
6.27
9.04
11.09
12.92
14.96
16.82
18.62
20.63
22.43
24.41
26.23
28.11
30.05
31.81
33.64
35.63
37.35
39.45
41.2
43.1
45.14
46.86
48.78
50.68
52.56
54.66
56.38
58.26
60.3
62.03
63.96
65.75
