156
68
89
145.98
149.13
133.81
137.97
140.33
142.69
138.13
149.59
141.19
143.86
145.12
140.17
145.43
140.96
145.82
144.88
144.25
149.44
137.51
142.05
148.11
139.7
146.22
152.65
150.77
147.4
143.16
142.14
155.96
145.59
154.7
142.84
139.62
151.01
138.83
127.84
146.3
137.9
143.23
145.82
147.24
141.82
146.84
144.57
144.18
140.64
139.31
140.96
140.64
138.6
128.08
140.17
136.4
132.95
140.25
133.34
124.31
125.1
126.19
129.89
130.82
119.52
126.28
135.31
134.13
139.39
140.01
138.21
131.07
135.38
127.3
125.8
700.19
744.24
735.29
-3.69
-3.33
-0.09
0.48
-5.13
1.7
-1.54
-3.98
-3.19
-3.98
-133.39
-148.86
-138
-142.02
-149
-136.13
-135.55
-134.47
-132.68
-127.78
-134.68
-131.31
-132.82
-149.08
-143.9
-132.09
-145.47
-137.49
-137.71
-146.77
-153.18
-150.22
-157.77
-164.4
-153.03
-148.79
-172.81
-150.94
-143.75
-170.08
-154.32
-144.83
-165.76
-162.46
-141.23
-156.34
-166.34
-154.32
-161.66
-185.9
-161.16
-152.45
-166.7
-162.6
-150.22
-169.86
-179.21
-157.71
-162.46
-171.09
-154.83
-150.37
-156.85
-141.95
-134.25
-152.53
-151.81
-140.01
-162.31
-168.42
-145.69
-149.79
-174.11
-153.53
-149.43
-155.69
-157.49
-142.45
-146.12
-145.69
-128.5
65.36
63.28
61.36
59.48
57.58
55.89
53.8
51.91
50.18
48.09
46.22
44.3
42.45
40.59
38.67
36.81
35.02
33
31.15
29.29
27.5
25.67
23.67
21.78
19.97
17.97
16.11
14.22
12.33
10.55
7.97
5.38
2.91
0.16
-2.5
-5.01
-7.63
-10.22
-12.13
-14.11
-16
-17.82
-19.71
-21.62
-23.55
-25.42
-27.29
-29.26
-30.97
-32.94
-34.84
-36.69
-38.59
-40.42
-42.37
-44.32
-46.05
-48.05
-49.94
-51.84
-53.74
-55.54
-57.61
-59.39
-61.21
-63.22
-65.06
-66.98
-68.83
-70.77
-72.64
-74.5
-75.92
-75.92
-75.91
-75.97
-75.88
-75.8
-75.91
-75.87
-75.83
-75.91
-75.96
-75.56
-73.87
-72.15
-69.96
-67.99
-66.1
-64.25
-62.41
-60.44
-58.66
-56.7
-54.82
-52.93
-51.11
-49.15
-47.27
-45.39
-43.48
-41.54
-39.74
-37.8
-35.85
-34.06
-32.15
-30.36
-28.41
-26.45
-24.64
-22.74
-20.76
-18.95
-17.06
-15.22
-13.22
-11.36
-9.25
-6.5
-4.03
-1.36
1.22
3.78
6.45
9.12
11.16
13.07
15.08
16.9
18.73
20.6
22.61
24.51
26.34
28.2
30.22
31.88
33.78
35.67
37.58
39.44
41.36
43.24
45.14
47
48.85
50.85
52.71
54.68
56.49
58.43
60.37
62.17
64.07
65.95
