155
67
88
139.78
132.95
144.64
135.38
132.63
143.08
136.72
136.01
129.89
129.26
134.44
130.43
137.19
132.48
131.22
133.34
134.36
125.65
130.68
132.16
138.13
130.91
139.62
136.95
145.67
142.76
134.29
136.72
134.52
137.74
134.83
143.86
149.52
145.91
137.51
134.6
139.55
132.87
147.63
149.83
138.53
140.64
143.16
134.75
138.76
138.05
130.91
146.3
140.49
137.27
140.25
137.19
136.79
133.18
133.42
126.19
129.65
134.13
133.26
138.21
126.12
128.08
126.59
121.88
115.75
123.29
122.9
120.15
126.43
124.94
129.57
815.54
769.29
772.75
-6.57
-6.93
-7.15
-8.58
-9.01
-6.93
-8.37
-10.81
-9.37
-10.31
-115.05
-135.7
-131.74
-129.15
-131.38
-128.93
-135.19
-133.11
-123.18
-139.15
-139
-129.72
-131.88
-129.87
-126.63
-123.68
-133.25
-128.07
-132.17
-141.02
-142.39
-130.87
-140.51
-146.84
-130.44
-123.83
-140.73
-130.44
-136.84
-160.01
-158.79
-147.06
-156.26
-139.07
-132.03
-155.77
-163.24
-144.76
-158.07
-154.11
-138.5
-131.6
-143.82
-139.65
-129.5
-144.83
-143.61
-134.54
-146.27
-133.17
-125.55
-132.89
-127.71
-121.45
-129.01
-138.57
-134.25
-134.62
-138
-136.7
-141.59
-151.88
-158.79
-152.16
-165.48
-166.19
-146.12
-156.85
-167.99
-161.95
-163.89
63.23
61.39
59.45
57.55
55.87
53.8
51.93
50.12
48.11
46.16
44.23
42.45
40.56
38.65
36.78
35.01
33.03
31.12
29.24
27.46
25.59
23.69
21.72
19.95
17.96
16.07
14.2
12.25
10.51
8.05
5.31
2.94
0.12
-2.58
-4.84
-7.66
-10.09
-12.16
-14.1
-15.89
-17.89
-19.73
-21.68
-23.52
-25.3
-27.36
-29.22
-31.01
-33
-34.81
-36.62
-38.57
-40.47
-42.37
-44.27
-46.12
-48.1
-49.9
-51.84
-53.69
-55.58
-57.57
-59.38
-61.3
-63.2
-65.04
-66.96
-68.87
-70.74
-72.64
-74.56
-75.17
-75.27
-75.28
-75.23
-75.28
-75.19
-75.26
-75.28
-75.15
-75.29
-75.28
-75.11
-73.92
-72.06
-70.16
-68.03
-66.08
-64.29
-62.45
-60.54
-58.64
-56.66
-54.9
-52.93
-51.03
-49.17
-47.23
-45.34
-43.45
-41.57
-39.78
-37.77
-35.86
-34.09
-32.13
-30.39
-28.41
-26.51
-24.64
-22.8
-20.81
-18.98
-17.03
-15.19
-13.23
-11.32
-9.16
-6.53
-3.96
-1.39
1.21
3.96
6.43
9.22
11.18
13.05
15.09
16.88
18.72
20.66
22.54
24.54
26.34
28.18
30.18
31.88
33.8
35.61
37.56
39.55
41.33
43.23
45.25
47
48.89
50.76
52.69
54.75
56.46
58.41
60.37
62.17
64.04
65.89
