156
68
89
146.84
152.58
145.67
133.65
144.02
140.72
140.8
144.02
137.42
132.09
149.28
135.38
138.83
130.75
137.42
140.33
144.8
150.61
141.35
143.78
144.34
145.04
151.08
153.05
155.56
157.53
153.28
146.77
151.08
156.43
166.71
136.79
147.95
152.03
137.35
129.5
140.25
130.43
128
136.09
139.55
130.98
133.97
131.14
138.29
132.09
136.64
131.77
126.67
133.42
132.32
126.67
129.1
126.67
137.27
132.09
127.37
132.71
130.12
135.07
136.33
120.86
128.32
144.1
133.73
137.35
137.97
136.17
130.2
136.79
127.84
125.8
756.33
722.02
721.08
-7.93
-4.13
-7.15
-4.99
-7.93
-8.87
-9.52
-10.17
-9.3
-10.02
-134.4
-152.38
-133.17
-142.96
-150.08
-141.88
-134.04
-141.95
-129.65
-133.32
-139.37
-138.57
-135.98
-140.8
-141.88
-129.8
-140.59
-135.48
-129.65
-144.98
-148.21
-141.52
-144.4
-168.64
-149.22
-141.02
-165.76
-152.81
-136.27
-157.99
-144.83
-138.78
-153.53
-157.99
-137.85
-143.1
-163.03
-151.73
-160.36
-179.57
-171.66
-158.93
-166.77
-160.22
-151.52
-174.18
-182.53
-159.58
-167.85
-173.96
-158.28
-150.37
-154.61
-146.98
-139.29
-150.59
-153.89
-140.51
-152.53
-160.8
-144.98
-147.85
-165.4
-151.88
-141.31
-154.97
-155.98
-146.55
-150.87
-150.8
-139.07
64.69
62.85
60.95
59.05
57.18
55.51
53.43
51.55
49.78
47.76
45.82
43.95
42.09
40.3
38.32
36.44
34.64
32.71
30.79
28.93
27.16
25.34
23.39
21.42
19.56
17.63
15.78
13.88
11.99
10.1
7.55
4.91
2.5
-0.27
-2.99
-5.45
-8.06
-10.43
-12.45
-14.37
-16.18
-18.18
-20.09
-21.89
-23.82
-25.59
-27.63
-29.49
-31.44
-33.28
-35.13
-37.02
-38.84
-40.79
-42.66
-44.57
-46.45
-48.35
-50.27
-52.16
-53.98
-55.88
-57.85
-59.68
-61.59
-63.53
-65.41
-67.26
-69.17
-71.05
-72.98
-74.89
-76.06
-76.04
-76.05
-76.01
-76.06
-76.09
-76.03
-76.11
-76.02
-76.05
-76.03
-75.74
-74.07
-72.27
-70.16
-68.18
-66.26
-64.48
-62.58
-60.74
-58.87
-56.89
-55.1
-53.15
-51.33
-49.44
-47.53
-45.66
-43.75
-41.84
-40.07
-38
-36.13
-34.34
-32.45
-30.64
-28.71
-26.78
-24.9
-23.08
-21.07
-19.21
-17.41
-15.48
-13.6
-11.58
-9.61
-6.94
-4.5
-1.79
0.76
3.42
5.93
8.61
10.87
12.77
14.78
16.54
18.4
20.32
22.26
24.26
26
27.9
29.9
31.58
33.49
35.35
37.25
39.27
41.03
42.9
44.85
46.72
48.61
50.45
52.42
54.45
56.15
58.06
59.91
61.87
63.7
65.6
