157
68
90
146.84
130.68
131.3
141.66
140.17
136.88
138.6
144.57
144.18
141.43
143.62
139.31
139.55
143.08
134.36
133.65
146.77
142.84
133.81
146.3
149.52
152.35
149.2
155.8
149.91
150.22
139.7
151.08
141.51
156.74
145.52
142.21
148.97
133.02
130.82
143.47
132.87
136.33
136.64
144.18
134.91
136.79
141.35
132
130.91
135.22
132.63
136.33
133.65
133.26
136.64
135.77
126.04
132.09
127.53
126.9
126.28
123.76
126.98
132.95
124.71
122.43
138.37
134.29
137.66
135.77
141.59
127.06
128.55
134.2
122.35
393.17
741.57
731.84
729.16
-5.7
-4.62
1.27
-3.98
-4.91
-3.62
-5.7
-5.78
-7.36
-2.97
-2.61
-98.43
-143.68
-142.31
-135.84
-141.59
-141.16
-128.07
-133.82
-131.88
-122.38
-127.21
-137.92
-128.21
-144.33
-138.43
-138.64
-140.73
-142.45
-135.33
-145.76
-153.46
-143.96
-143.82
-159.72
-150.73
-130.44
-161.16
-141.16
-140.51
-158.79
-162.67
-142.31
-147.78
-164.54
-131.23
-146.49
-160.22
-151.52
-146.84
-170.8
-171.59
-145.47
-162.17
-156.91
-151.08
-159.14
-183.82
-154.9
-159.14
-171.09
-154.4
-143.32
-157.63
-152.45
-137.56
-146.7
-154.4
-144.4
-146.55
-168.07
-146.06
-147.06
-159.87
-162.67
-138.35
-151.08
-146.27
-135.41
-147.78
-139.22
-140.08
62.89
61
59.13
57.28
55.54
53.5
51.58
49.9
47.79
45.93
44.19
42.18
40.38
38.37
36.48
34.77
32.7
30.89
29.01
27.19
25.39
23.32
21.52
19.71
17.72
15.84
13.96
12.02
10.24
7.65
5.01
2.55
-0.17
-2.83
-5.22
-7.98
-10.4
-12.37
-14.31
-16.09
-18.1
-19.98
-21.85
-23.76
-25.61
-27.6
-29.45
-31.25
-33.21
-35.08
-36.92
-38.85
-40.63
-42.61
-44.49
-46.36
-48.28
-50.23
-52.07
-53.95
-55.8
-57.77
-59.62
-61.47
-63.45
-65.34
-67.25
-69.07
-71.03
-72.87
-74.82
-75.94
-76.04
-76
-76
-75.97
-75.94
-75.98
-76.01
-75.97
-76
-76.04
-75.98
-76.01
-75.74
-74.24
-72.34
-70.23
-68.33
-66.4
-64.44
-62.63
-60.71
-58.84
-57.01
-55
-53.24
-51.29
-49.41
-47.52
-45.55
-43.77
-41.86
-39.91
-38.03
-36.14
-34.29
-32.43
-30.48
-28.72
-26.77
-24.84
-22.98
-21.13
-19.11
-17.33
-15.37
-13.51
-11.6
-9.44
-6.82
-4.37
-1.79
0.91
3.58
6.13
8.66
11.08
12.83
14.75
16.62
18.49
20.49
22.33
24.15
26.24
27.96
29.8
31.79
33.55
35.58
37.32
39.17
41.26
42.96
44.85
46.73
48.65
50.72
52.45
54.37
56.41
58.11
60.06
61.9
63.84
65.8
