760
252
271
146.16
146.35
138.41
143.99
144.08
146.07
150.04
151.46
148.15
143.52
143.23
135.38
133.01
133.01
140.01
133.01
140.49
143.61
142.76
140.87
143.33
141.53
134.62
137.55
151.84
148.62
145.97
143.14
138.97
143.7
133.3
134.62
134.43
129.99
133.3
131.59
133.3
134.15
137.84
140.49
141.34
144.08
151.56
157.71
154.21
157.04
150.8
150.23
148.25
137.84
140.2
137.65
141.53
140.68
140.3
138.41
139.07
134.81
134.81
143.8
147.87
156.95
156.19
155.81
149.76
148.06
145.6
142.47
139.45
134.05
134.43
134.15
128.76
129.32
138.22
141.24
131.5
130.84
134.72
143.89
151.08
153.54
150.7
149.85
140.58
142.38
135
124.4
128.09
131.12
131.97
133.68
137.08
142.76
141.62
139.35
138.12
139.73
143.52
152.79
156
148.53
141.34
144.84
144.27
140.11
137.74
135.95
141.34
140.11
136.99
135.95
135.95
135.1
129.04
125.63
122.89
129.89
136.33
143.8
147.39
148.25
148.72
146.54
133.77
129.89
134.15
138.41
139.35
141.53
143.99
145.69
144.93
140.3
135.85
134.34
141.72
145.03
151.65
151.37
144.27
146.92
142.1
138.31
138.88
141.15
141.43
141.06
143.33
147.2
147.96
139.73
140.49
138.31
142.57
149.29
152.6
148.62
147.02
142.85
146.73
144.27
137.37
138.69
135.57
136.8
136.89
137.65
141.15
147.02
147.39
149
146.73
150.23
154.3
146.73
132.16
128.57
130.18
131.59
128.76
123.46
123.08
126.01
128
131.59
137.18
133.39
131.5
131.88
131.5
132.54
130.08
133.68
131.31
129.89
127.81
132.64
136.42
140.3
142.57
141.43
145.5
141.53
139.16
138.97
145.22
143.52
132.54
128.47
120.9
124.78
128.57
136.04
138.31
138.6
140.68
140.2
135.47
135.95
137.84
141.81
142.57
137.08
136.42
141.06
140.2
136.8
135.38
134.72
133.39
139.73
148.72
147.39
145.5
145.88
148.81
143.04
147.77
146.26
147.49
152.12
150.14
158.37
156.85
155.44
153.35
149.29
150.42
149.66
148.91
157.14
159.31
147.11
144.84
145.22
140.2
146.35
204.06
447.1
-1.39
0.09
-1.47
-0.78
-1.13
0.09
-0.26
-1.13
-4.51
-0.95
-1.39
-0.78
2.6
-0.78
-0.17
-0.26
-0.61
-1.21
0.26
7.45
-0.43
-1.91
-0.61
-0.78
0.09
-0.35
-3.12
0.61
0.26
-0.26
-1.13
-1.82
-0.09
0.52
-1.13
-0.78
4.25
-0.43
-1.91
-3.64
-0.61
-1.04
-0.87
-1.56
-1.82
-0.35
-0.78
-0.95
-1.21
-1.3
-0.69
-2.25
-2.69
-1.56
-1.3
0.52
0.61
-4.25
-1.99
-0.43
-0.87
-117
-129.57
-129.4
-139.19
-139.28
-144.31
-136.51
-133.99
-137.29
-136.94
-133.39
-140.15
-140.41
-143.96
-141.97
-138.41
-138.24
-141.62
-140.23
-136.25
-134.25
-133.04
-131.48
-129.66
-132.69
-131.39
-133.04
-134.77
-132.08
-133.47
-131.91
-131.74
-133.73
-129.57
-130.44
-133.56
-136.85
-133.47
-133.04
-131.22
-135.03
-130.78
-129.66
-130.26
-128.62
-103.57
-128.53
-121.6
-130.09
-135.99
-137.11
-145.87
-135.38
-135.21
-135.03
-136.85
-134.34
-134.69
-131.04
-130.78
-129.92
-129.66
-128.79
-128.53
-129.57
-124.72
-128.96
-135.38
-134.77
-134.51
-136.42
-129.57
-132.52
-135.03
-129.4
-127.14
-127.75
-125.41
-128.7
-126.02
-126.36
-126.71
-130.52
-142.57
-141.36
-142.14
-143.09
-146.91
-148.9
-145.52
-139.71
-63.44
-136.94
-138.67
-139.89
-143.53
-149.85
-145.69
-142.05
-141.19
-142.57
-141.27
-145.17
-142.31
-141.88
-142.66
-146.56
-148.55
-142.49
-142.23
-138.15
-137.03
-137.89
-135.21
-135.12
-133.65
-137.2
-137.29
-142.23
-142.66
-139.97
-140.41
-136.94
-137.29
-138.5
-140.93
-143.35
-139.97
-134.51
-134.43
-133.39
-130.61
-127.32
-125.5
-126.8
-129.92
-130.7
-136.77
-135.73
-132.34
-132.17
-134.34
-130.44
-132.34
-136.33
-137.37
-136.94
-134.08
-130.61
-131.65
-131.56
-131.56
-132.69
-128.1
-130.61
-129.4
-139.97
-140.32
-138.33
-135.55
-134.69
-135.81
-136.77
-137.72
-136.94
-126.88
-125.84
-112.84
-123.76
-125.32
-122.98
-127.92
-130.78
-126.8
-131.91
-138.24
-141.88
-141.36
-139.63
-140.15
-132.52
-133.3
-133.91
-136.68
-130.78
-126.19
-127.49
-128.53
-125.76
-125.15
-124.46
-123.5
-125.93
-131.56
-136.77
-144.13
-142.92
-143.61
-141.27
-138.41
-139.63
-141.62
-143.7
-133.13
-133.56
-134.95
-135.29
-129.57
-129.48
-130.52
-129.83
-134.95
-135.47
-138.59
-134.51
-136.16
-133.47
-135.21
-135.29
-137.03
-138.15
-134.43
-126.19
-129.92
-127.84
-127.49
-124.54
-125.58
-127.32
-129.66
-129.22
-139.97
-141.88
-140.84
-150.37
-144.83
-140.84
-145.95
-145.95
-144.13
-143.96
-136.77
-137.89
-135.81
-134.69
-127.92
-129.31
-133.3
-135.21
-136.85
-138.33
-142.23
-135.81
-139.45
-142.75
-146.04
-148.38
-148.99
-150.29
-145
-137.55
-137.55
-132.34
-131.48
-127.58
-118.48
-135.47
-139.89
-138.41
-142.66
-135.29
-135.73
-144.39
-152.28
-154.01
-155.49
-152.54
-151.67
-145
-138.5
-137.81
-131.48
-138.93
-137.98
-136.51
-135.29
-135.55
-140.41
-146.91
-140.93
-141.36
-141.01
-148.03
-150.11
-152.02
-151.5
-148.64
-141.79
-136.59
-141.19
-140.06
-137.81
-133.39
-131.3
-131.3
-133.21
-137.37
-138.15
-136.16
-75.32
-145.09
-146.39
-147.95
-151.15
-153.93
-153.15
-141.79
-140.15
-140.58
-141.19
-138.5
-136.16
-132.26
-128.7
-130.18
-132.43
-136.07
-140.41
-143.44
-144.83
-148.38
-147.77
-148.99
-148.03
-145.26
-138.5
-136.16
-135.55
-135.73
-133.82
-128.27
-127.66
-128.96
-131.22
-128.88
-131.04
-126.97
-130.7
-132.52
-134.34
-136.59
-134.95
-137.29
-133.56
-125.24
-128.44
-129.22
-127.49
-128.62
-126.88
-128.79
-131.56
-130.09
-133.13
-138.41
-138.67
-139.63
-135.03
-136.16
-139.89
-140.06
-133.65
-136.59
-134.17
-135.99
-138.15
-137.72
-136.16
-138.5
-137.81
-137.11
-143.44
-145.43
-151.59
-145.78
-145.87
-139.89
-143.79
-145.43
-151.59
-153.84
-148.12
-143.53
-142.57
-145.69
-141.88
-143.18
-140.49
-142.66
-137.37
-135.99
-139.28
-136.51
-135.81
-137.11
-145.26
-146.04
-153.23
-147.77
-147.95
-143.61
-142.66
-135.9
-133.82
-135.73
-143.35
-144.57
-144.31
-140.84
-137.46
-137.89
-130.18
-128.27
-129.22
-138.67
-145.35
-144.05
-141.62
-141.97
-140.06
-136.85
-137.03
-137.89
-118.65
-139.11
-140.49
-144.05
-144.91
-150.89
-2.19
-2.74
-3.13
-3.62
-4.11
-4.54
-5
-5.5
-5.97
-6.42
-6.86
-7.35
-7.77
-8.28
-8.75
-9.15
-9.65
-10.06
-10.35
-10.76
-11.05
-11.31
-11.75
-12.03
-12.33
-12.73
-13.04
-13.4
-13.75
-14.02
-14.43
-14.72
-15.07
-15.41
-15.75
-16.11
-16.39
-16.8
-17.13
-17.47
-17.79
-18.12
-18.47
-18.82
-19.14
-19.44
-19.81
-20.13
-20.42
-20.82
-21.13
-21.46
-21.8
-22.12
-22.41
-22.79
-23.09
-23.46
-23.8
-24.15
-24.46
-24.82
-25.16
-25.45
-25.81
-26.15
-26.45
-26.78
-27.13
-27.46
-27.8
-28.15
-28.49
-28.79
-29.13
-29.43
-29.81
-30.13
-30.48
-30.81
-31.11
-31.47
-31.81
-32.14
-32.48
-32.8
-33.15
-33.51
-33.83
-34.15
-34.45
-34.79
-35.14
-35.43
-35.77
-36.09
-36.41
-36.76
-37.1
-37.39
-37.73
-38.09
-38.46
-38.75
-39.1
-39.37
-39.72
-40.06
-40.4
-40.71
-41.07
-41.38
-41.75
-42.09
-42.43
-42.78
-43.12
-43.44
-43.77
-44.04
-44.39
-44.74
-45.09
-45.39
-45.73
-46.09
-46.39
-46.75
-47.12
-47.39
-47.78
-48.1
-48.44
-48.78
-49.08
-49.39
-49.72
-50.08
-50.4
-50.73
-51.08
-51.41
-51.75
-52.09
-52.4
-52.72
-53.08
-53.4
-53.76
-54.06
-54.38
-54.78
-55.08
-55.41
-55.76
-56.07
-56.39
-56.74
-57.06
-57.41
-57.74
-58.06
-58.42
-58.74
-59.09
-59.37
-59.74
-60.07
-60.4
-60.75
-61.08
-61.44
-61.75
-62.09
-62.42
-62.74
-63.14
-63.42
-63.73
-64.07
-64.38
-64.73
-65.07
-65.41
-65.75
-66.09
-66.38
-66.77
-67.1
-67.39
-67.74
-68.06
-68.42
-68.73
-69.05
-69.39
-69.72
-70.1
-70.38
-70.7
-71.1
-71.38
-71.75
-72.09
-72.39
-72.73
-73.08
-73.41
-73.76
-74.07
-74.36
-74.73
-75.09
-75.37
-75.71
-76.02
-76.39
-76.76
-77.07
-77.38
-77.71
-78.07
-78.38
-78.72
-79.06
-79.37
-79.71
-80.08
-80.35
-80.73
-81.04
-81.36
-81.74
-82.04
-82.35
-82.7
-83.03
-83.39
-83.72
-84.04
-84.36
-84.69
-85.03
-85.38
-85.71
-86.06
-86.38
-86.73
-87.09
-87.38
-87.72
-88.09
-88.43
-88.72
-89.06
-89.37
-89.74
-90.08
-90.38
-90.49
-90.8
-90.9
-90.9
-90.77
-90.4
-89.8
-89.47
-89.11
-88.8
-88.47
-88.1
-87.75
-87.42
-87.15
-86.76
-86.42
-86.08
-85.71
-85.42
-85.1
-84.76
-84.44
-84.08
-83.77
-83.4
-83.09
-82.73
-82.4
-82.08
-81.73
-81.41
-81.08
-80.73
-80.42
-80.12
-79.77
-79.45
-79.12
-78.79
-78.43
-78.09
-77.74
-77.43
-77.12
-76.8
-76.39
-76.09
-75.76
-75.46
-75.14
-74.77
-74.44
-74.15
-73.78
-73.44
-73.12
-72.77
-72.46
-72.13
-71.78
-71.42
-71.23
-70.78
-70.49
-70.19
-69.82
-69.51
-69.17
-68.79
-68.48
-68.14
-67.78
-67.49
-67.12
-66.79
-66.49
-66.16
-65.79
-65.49
-65.17
-64.82
-64.5
-64.14
-63.8
-63.47
-63.18
-62.8
-62.48
-62.16
-61.82
-61.47
-61.15
-60.82
-60.47
-60.15
-59.82
-59.48
-59.17
-58.8
-58.44
-58.14
-57.8
-57.45
-57.15
-56.77
-56.5
-56.11
-55.8
-55.5
-55.18
-54.88
-54.5
-54.17
-53.79
-53.49
-53.15
-52.81
-52.48
-52.16
-51.78
-51.46
-51.15
-50.81
-50.48
-50.16
-49.8
-49.48
-49.14
-48.83
-48.49
-48.17
-47.84
-47.46
-47.15
-46.81
-46.47
-46.12
-45.8
-45.47
-45.16
-44.81
-44.49
-44.17
-43.83
-43.53
-43.19
-42.84
-42.5
-42.17
-41.81
-41.44
-41.12
-40.78
-40.48
-40.13
-39.8
-39.48
-39.18
-38.83
-38.47
-38.16
-37.82
-37.46
-37.19
-36.82
-36.48
-36.16
-35.88
-35.53
-35.21
-34.86
-34.55
-34.21
-33.89
-33.54
-33.22
-32.88
-32.58
-32.22
-31.91
-31.53
-31.2
-30.89
-30.55
-30.21
-29.88
-29.55
-29.24
-28.87
-28.53
-28.21
-27.84
-27.53
-27.2
-26.85
-26.5
-26.18
-25.87
-25.57
-25.24
-24.87
-24.56
-24.23
-23.86
-23.52
-23.18
-22.86
-22.54
-22.18
-21.83
-21.5
-21.22
-20.89
-20.54
-20.2
-19.9
-19.57
-19.22
-18.9
-18.55
-18.22
-17.86
-17.55
-17.2
-16.86
-16.53
-16.15
-15.82
-15.48
-15.18
-14.82
-14.47
-14.14
-13.81
-13.47
-13.13
-12.77
-12.45
-12.09
-11.75
-11.44
-11.1
-10.78
-10.46
-10.14
-9.72
-9.29
-8.83
-8.37
-7.9
-7.43
-6.94
-6.54
-6.11
-5.57
-5.12
-4.65
-4.15
-3.77
-3.28
-2.83
-2.36
-1.95
-1.44
-0.98
-0.52
-0.04
0.37
0.86
1.32
1.79
2.25
2.66
3.12
3.6
4.11
4.54
5
5.45
5.89
6.4
6.82
7.28
7.75
8.23
8.71
9.15
9.59
10.05
10.4
10.72
11.04
11.37
11.73
12.06
12.39
12.71
13.05
13.38
13.72
14.04
14.37
14.73
15.04
15.39
15.69
16.02
16.35
16.73
17.05
17.39
17.71
18.03
18.37
18.7
19.02
19.38
19.71
20.03
20.37
20.69
21.05
21.37
21.71
22.07
22.39
22.72
23.06
23.39
23.68
24.03
24.38
24.73
25.03
25.36
25.66
25.99
26.33
26.64
26.94
27.27
27.63
27.95
28.27
28.62
28.93
29.27
29.6
29.94
30.26
30.62
30.93
31.27
31.58
31.92
32.25
32.6
32.93
33.28
33.6
33.94
34.25
34.62
34.92
35.26
35.57
35.93
36.19
36.56
36.92
37.25
37.58
37.94
38.27
38.61
38.92
39.27
39.63
39.96
40.26
40.58
40.92
41.26
41.57
41.9
42.24
42.57
42.92
43.24
43.58
43.93
44.28
44.61
44.93
45.28
45.6
45.93
46.27
46.61
46.93
47.27
47.65
47.94
48.27
48.61
48.94
49.31
49.64
49.93
50.3
50.66
50.95
51.29
51.63
51.96
52.3
52.63
52.95
53.28
53.62
53.99
54.3
54.64
54.94
55.26
55.59
55.92
56.24
56.59
56.93
57.27
57.6
57.94
58.29
58.6
58.91
59.31
59.63
59.98
60.29
60.62
60.96
61.28
61.61
61.92
62.27
62.61
62.94
63.28
63.62
63.91
64.28
64.63
64.95
65.24
65.62
65.93
66.27
66.61
66.91
67.27
67.6
67.95
68.29
68.61
68.94
69.31
69.66
69.95
70.26
70.62
70.92
71.28
71.61
71.94
72.26
72.57
72.9
73.27
73.62
73.93
74.29
74.63
74.93
75.28
75.58
75.91
76.29
76.64
76.93
77.28
77.61
77.96
78.29
78.6
78.94
79.29
79.64
79.96
80.26
