110
46
65
-1.42
0.19
1.23
0
0.28
0.76
0.38
0.09
1.32
0.57
-0.95
1.42
2.84
1.42
0
-0.28
-0.47
1.23
-0.09
-1.04
0.28
0.57
0.38
0.28
-0.38
0.28
0.28
1.04
-0.19
0.76
0.19
1.32
0.38
0.09
0.85
-0.09
-0.28
0.19
0.95
-0.19
0.47
0.09
1.23
0.66
-0.19
0.66
0.28
-0.76
0.28
74.83
160.73
158.75
159.88
170.48
2.25
2.77
-2.43
0.95
2.08
1.91
2.95
0.09
13.17
2.34
0.87
2.17
1.3
7.8
-0.52
0.43
-1.13
1.99
1.65
-0.17
2.43
2.34
1.13
1.91
1.99
6.33
1.13
0.35
1.04
0
1.47
-1.21
1.47
0.87
1.47
1.13
1.39
-1.73
2.43
4.77
1.99
1.73
0.87
0.17
1.73
1.56
1.13
-1.73
0.95
0.17
1.13
1.82
0.43
9.71
2.25
0.35
79.74
79.41
79.09
78.75
78.44
78.08
77.67
77.4
77.05
76.66
76.42
76.07
75.74
75.4
75.03
74.66
74.4
74.06
73.77
73.34
73.07
72.7
72.43
72.09
71.65
71.41
71.15
70.73
70.46
70.12
69.78
69.38
69.02
68.7
68.42
68.02
67.73
67.39
67.01
66.73
66.4
66.1
65.83
65.37
65.07
64.64
64.43
64.09
63.73
63.35
63.31
62.67
62.46
62.12
61.77
61.76
61.87
62.25
62.72
63.05
63.4
63.7
64.03
64.44
64.78
65.05
65.38
65.74
66.06
66.37
66.76
67.01
67.38
67.72
68.09
68.36
68.73
69.06
69.4
69.72
70.08
70.39
70.77
71.07
71.44
71.71
72.05
72.38
72.73
73.04
73.41
73.72
74.05
74.37
74.71
75.03
75.41
75.72
76.08
76.38
76.72
77.03
77.37
77.71
78.05
78.37
78.75
79.09
79.44
79.72
