301
45
60
-1.51
-0.76
0
-0.57
-0.85
-1.14
-1.14
0.76
-0.66
-0.09
-1.23
-0.47
-0.38
-1.23
-0.66
-1.99
-1.23
-1.61
-2.08
-0.76
-1.23
-0.66
-0.66
-1.04
-0.38
-0.95
-0.76
1.14
-0.38
-0.19
0
-0.66
0.09
-0.19
-0.09
-0.95
-0.28
-1.04
-1.04
0
0.09
-0.57
-0.95
-0.47
0.66
-1.42
0.76
-0.47
-0.19
-0.28
169.15
-1.91
-2.08
-1.04
-0.52
-2.25
-2.25
-2.77
-1.47
0.61
-1.99
-1.82
-0.95
-1.56
-1.82
-1.91
-1.47
37.53
-0.78
-2.77
-1.3
-0.43
-2.69
-1.99
-2.43
-2.17
-1.99
-0.17
-1.82
-1.91
-0.87
-2.34
-2.77
-2.86
-2.17
-3.03
-0.35
-2.34
-1.13
-1.91
-3.38
-2.43
-3.29
-2.77
-3.47
-0.43
-3.12
-3.47
-0.95
-3.29
-1.65
-1.99
-3.81
-1.3
-2.34
-1.39
-3.73
-1.99
-1.39
-2.34
-52.18
-142.66
-119.78
-122.38
-128.01
-128.27
-125.58
-127.32
-134.6
-130.44
-132.26
-135.99
-137.98
-142.92
-143.96
-143.18
-144.57
-138.59
-137.89
-134.95
-134.51
-132.08
-126.28
-125.32
-129.4
-132.52
-125.93
-132.6
-131.82
-133.47
-138.76
-145.78
-147.86
-148.29
-146.13
-141.45
-137.55
-134.69
-137.98
-138.76
-135.21
-135.64
-132.26
-131.22
-131.91
-133.73
-141.01
-136.51
-138.07
-137.37
-140.67
-143.44
-144.39
-143.61
-141.79
-133.73
-133.39
-131.91
-131.04
-132.34
-130.7
-125.32
-128.53
-126.36
-133.3
-131.82
-132.95
-138.07
-140.58
-143.7
-146.65
-148.64
-147.6
-142.05
-134.34
-129.83
-101.4
-126.8
-127.32
-131.04
-128.79
-125.5
-126.28
-128.44
-132.95
-133.56
-138.5
-142.66
-143.96
-144.57
-143.87
-141.36
-137.11
-133.65
-132.86
-134.43
-133.3
-130.26
-125.24
-129.05
-125.93
-125.24
-128.53
-123.5
-126.02
-127.92
-128.27
-130.52
-132.95
-129.31
-132
-131.65
-36.31
-130.26
-134.77
-127.75
-131.65
-132.34
-132.17
-133.82
-133.82
-138.33
-136.68
-139.71
-134.51
-136.85
-139.97
-143.7
-142.92
-142.49
-140.75
-142.14
-144.13
-141.62
-141.36
-143.44
-142.66
-144.31
-144.48
-146.21
-149.77
-150.03
-147.25
-141.62
-148.29
-146.82
-152.02
-153.06
-156.27
-150.89
-150.29
-148.21
-148.03
-149.25
-148.47
-149.51
-147.17
-141.36
-141.53
-143.27
-139.71
-138.15
-140.41
-144.13
-150.2
-155.83
-152.63
-149.16
-146.65
-139.54
-138.76
-138.5
-140.58
-144.74
-150.63
-148.64
-143.61
-138.41
-137.55
-131.91
-101.84
-132.08
-140.93
-141.19
-142.31
-144.13
-131.74
-145.52
-142.23
-143.27
-143.7
19.75
19.4
19.03
18.69
18.39
18.07
17.71
17.41
17.06
16.75
16.33
16.02
15.75
15.38
15
14.71
14.38
14.05
13.77
13.34
13.08
12.7
12.39
12.09
11.65
11.38
11.06
10.72
10.4
10.06
9.63
9.17
8.69
8.24
7.78
7.3
6.9
6.44
5.98
5.44
5.04
4.58
4.12
3.63
3.13
2.71
2.19
1.8
1.31
0.83
0.75
-0.16
-0.18
0.04
0.77
1.2
1.67
2.18
2.54
3.02
3.5
3.98
4.47
4.93
5.43
5.82
6.27
6.74
7.19
7.7
8.11
8.57
9.05
9.48
9.98
10.33
10.65
10.99
11.31
11.65
11.99
12.3
12.66
12.99
13.31
13.64
13.99
14.3
14.66
14.93
15.3
15.64
15.99
16.34
16.63
17
17.31
17.64
17.98
18.31
18.71
18.99
19.32
19.64
19.95
20.32
20.63
21
21.34
21.62
21.95
22.02
22.69
22.92
23.26
23.61
23.95
24.32
24.63
24.91
25.29
25.63
25.95
26.32
26.6
26.97
27.28
27.61
27.97
28.34
28.62
28.94
29.27
29.61
29.95
30.28
30.64
30.99
31.28
31.61
31.95
32.26
32.58
32.89
33.24
33.53
33.89
34.25
34.5
34.83
35.2
35.53
35.87
36.21
36.52
36.85
37.18
37.5
37.86
38.16
38.48
38.82
39.17
39.51
39.83
40.23
40.51
40.83
41.23
41.54
41.84
42.16
42.52
42.82
43.15
43.49
43.84
44.17
44.5
44.81
45.18
45.49
45.83
46.23
46.52
46.81
47.15
47.5
47.8
48.17
48.52
48.82
49.15
49.49
49.84
50.22
50.5
50.81
51.19
51.5
51.83
52.2
52.5
52.88
53.21
53.52
53.85
54.2
54.57
54.84
55.19
55.55
55.88
56.28
56.54
56.87
57.23
57.51
57.88
58.23
58.51
58.87
59.18
59.54
59.87
60.2
60.57
60.85
61.21
61.55
61.86
62.16
62.5
62.83
63.18
63.5
63.85
64.23
64.54
64.87
65.19
65.53
65.85
66.22
66.6
66.86
67.21
67.52
67.9
68.21
68.52
68.8
69.21
69.54
69.85
70.23
70.49
70.85
71.19
71.53
71.85
72.22
72.53
72.83
73.17
73.51
73.85
74.19
74.49
74.9
75.21
75.52
75.88
76.25
76.52
76.86
77.19
77.49
77.85
78.17
78.55
78.83
79.17
79.48
79.84
80.2
80.49
80.83
81.2
81.56
81.86
82.22
82.52
82.84
83.25
83.5
83.84
84.19
84.55
84.84
85.17
