998
490
509
0.47
-1.42
-0.47
0.47
0.47
-0.09
-0.38
-0.57
-0.47
-0.09
-0.09
1.32
-1.04
-1.23
0
0.28
-0.38
-1.14
0.85
-0.76
-0.57
-0.85
58.28
-0.76
0.19
-0.19
0.85
-1.61
-0.38
0.38
-0.47
-0.85
0.38
-0.19
-0.28
-1.42
-0.95
-0.76
0.19
-0.38
0.47
-0.38
-0.09
-0.57
0.66
-0.95
-1.23
0.28
0.28
-1.14
0
92.24
153.26
164.9
178.14
167.73
172.46
165.46
161.3
163.19
151.75
144.74
144.37
141.24
145.03
146.45
150.99
155.15
157.89
159.5
167.64
162.63
156.1
154.3
158.37
157.33
152.12
147.39
150.14
143.42
140.3
135.95
137.18
141.81
147.39
150.42
154.58
154.3
154.68
153.92
154.11
152.12
145.31
145.31
151.93
159.22
150.04
150.8
144.18
143.52
145.5
148.15
150.52
147.3
154.68
159.5
152.79
148.62
140.96
142
150.23
158.37
162.15
164.23
153.54
150.61
150.23
140.3
141.72
138.69
143.52
140.11
140.87
141.34
142.85
134.34
128.95
126.58
127.72
135.19
147.68
149.38
149.95
145.79
140.3
136.23
129.7
127.24
128
129.23
135.95
131.41
136.7
136.04
141.34
138.03
137.55
139.07
143.33
148.72
146.35
142.95
140.2
141.15
141.43
131.5
134.15
140.39
143.42
142.1
145.69
148.53
154.39
148.34
151.46
151.27
147.58
153.16
150.61
152.41
147.39
138.78
138.88
144.18
135.76
137.46
140.11
150.04
156.48
157.14
165.37
165.37
158.84
150.7
147.39
147.39
149.29
151.27
150.8
147.77
141.81
142
138.22
134.81
138.12
141.62
143.23
145.03
145.03
149.48
150.14
148.91
148.72
145.79
147.68
149.29
144.46
148.34
142.76
141.15
144.74
139.54
137.55
134.05
139.73
141.15
139.16
138.12
144.46
144.74
146.07
149
145.03
144.74
159.69
146.07
147.68
140.77
136.89
137.65
129.32
128.28
126.39
128
128.38
135.1
140.96
149.85
144.74
139.35
135.76
139.83
143.33
146.83
149.19
152.69
145.41
142.85
141.15
133.49
128.76
128.95
139.73
138.22
143.52
148.91
149.29
142.38
142.76
137.84
136.42
139.16
144.46
145.88
152.22
141.62
140.39
137.46
137.08
136.04
130.55
133.01
131.69
129.04
134.62
133.87
141.81
145.88
141.72
142.47
151.46
156.95
154.96
148.34
149.1
147.49
151.93
139.54
140.11
137.84
139.26
140.2
140.68
136.42
137.46
135.47
138.31
141.53
144.56
153.92
152.22
152.5
147.68
148.53
148.81
141.43
135.57
130.27
131.59
134.24
130.18
127.24
141.81
143.14
137.55
132.45
135.85
142.76
147.77
154.3
151.84
145.6
142.38
139.83
133.39
129.14
125.92
127.72
131.5
132.54
135.28
142.47
141.15
140.68
136.04
137.08
145.41
153.26
155.81
151.75
143.33
144.74
142.76
136.89
137.74
133.58
140.96
139.54
138.22
137.84
136.89
135.85
129.23
122.32
131.41
130.74
138.78
146.83
147.2
148.53
153.73
151.18
134.81
134.62
132.54
138.5
135.66
136.61
143.89
146.26
143.8
142.95
134.24
135.95
141.81
148.34
154.77
154.39
147.87
147.11
143.89
135.95
137.46
137.65
143.8
144.37
145.12
149.76
149.19
145.03
139.64
141.15
143.7
150.99
153.54
150.14
153.64
148.15
146.35
146.35
137.55
140.3
135.76
139.92
138.03
138.41
145.03
145.88
146.73
149.66
145.6
148.34
152.79
147.2
142.38
130.18
130.65
134.62
134.34
126.68
126.49
129.8
132.26
133.39
142.19
136.42
136.42
135.38
135
135.95
133.11
134.91
136.7
135.57
135.1
135.85
144.08
141.62
144.93
141.91
143.99
147.11
145.31
143.7
154.39
150.42
137.55
131.5
126.77
133.96
133.77
138.69
142.95
141.62
143.89
140.77
136.23
135.66
141.15
140.58
141.15
139.35
139.26
144.84
141.43
138.69
134.05
131.41
134.43
140.01
146.26
150.04
146.35
145.97
148.25
140.87
146.83
144.93
151.65
148.15
147.11
150.7
157.04
152.31
151.37
148.15
150.04
150.99
150.33
152.12
153.64
143.8
144.08
144.37
137.84
140.68
180.79
449.18
2.08
0.61
42.81
2.08
0.26
-0.26
2.69
1.56
1.39
-0.43
1.56
0.43
1.82
1.99
2.6
0.87
1.3
1.21
2.17
-1.99
-0.43
4.77
1.13
1.47
-1.04
1.47
2.17
-0.43
0.09
1.04
1.91
2.25
1.04
13.78
2.95
1.13
2.86
3.55
1.04
0.61
2.34
0.43
1.39
1.04
1.21
-1.99
0.95
1.82
1.39
2.51
-1.13
0.95
0.87
1.65
1.04
0.61
0.78
1.56
1.82
0.78
1.82
-108.94
-125.67
-126.02
-134.43
-131.82
-133.3
-135.21
-132
-134.34
-135.03
-131.3
-139.54
-139.97
-139.63
-138.33
-136.77
-135.64
-139.19
-135.9
-133.73
-131.13
-129.92
-128.27
-128.88
-132.26
-132.78
-129.83
-131.13
-132.34
-131.48
-129.4
-130.26
-132.6
-128.1
-131.13
-132.95
-133.39
-130.87
-133.91
-132.08
-131.65
-129.83
-129.31
-130
-128.44
-123.24
-126.97
-127.84
-129.74
-133.65
-137.98
-147.86
-137.72
-134.43
-136.16
-133.39
-131.22
-132.52
-131.82
-130.78
-130.18
-128.88
-123.42
-124.72
-125.06
-125.41
-121.77
-132.6
-133.91
-134.95
-137.98
-129.31
-131.65
-129.92
-129.14
-128.96
-127.75
-124.28
-125.24
-128.36
-126.45
-127.75
-128.62
-139.97
-141.19
-139.89
-139.54
-143.35
-144.91
-140.06
-138.15
-136.07
-137.89
-142.49
-141.45
-141.71
-150.46
-150.63
-141.36
-139.45
-141.71
-141.1
-145.09
-144.39
-139.8
-142.92
-145.52
-146.39
-145.26
-140.06
-140.49
-137.81
-136.77
-135.03
-133.39
-134.08
-135.81
-135.12
-137.55
-141.79
-142.23
-138.41
-135.99
-134.17
-135.29
-136.42
-140.49
-133.73
-132.26
-132.08
-133.3
-128.7
-125.32
-126.54
-123.94
-126.45
-125.24
-129.48
-131.65
-130.61
-128.44
-130
-129.83
-130.61
-132.34
-134.95
-133.99
-130.96
-125.06
-129.83
-128.7
-129.83
-131.48
-130.52
-124.2
-127.84
-139.11
-140.49
-136.25
-132.17
-134.34
-132.17
-135.99
-134.95
-133.56
-125.93
-125.67
-122.03
-121.77
-120.12
-120.21
-127.49
-127.84
-125.76
-132.43
-137.11
-137.81
-140.06
-140.32
-137.29
-133.99
-132.95
-134.34
-137.03
-128.7
-124.89
-124.54
-129.4
-124.46
-124.11
-123.59
-123.59
-126.19
-128.62
-134.95
-140.32
-141.53
-142.14
-140.15
-138.5
-141.79
-141.1
-140.49
-131.3
-134.6
-134.08
-131.65
-128.44
-125.93
-130
-129.92
-131.04
-131.65
-137.37
-134.86
-135.73
-135.21
-133.73
-134.43
-136.42
-135.29
-133.47
-124.8
-125.5
-124.02
-125.15
-122.64
-122.72
-125.32
-126.1
-126.19
-139.8
-138.76
-139.11
-143.7
-142.05
-137.37
-141.71
-141.27
-138.15
-137.63
-133.65
-134.86
-133.65
-133.56
-124.28
-125.84
-130.44
-131.3
-130.96
-136.33
-138.67
-136.07
-138.24
-142.4
-143.09
-145.52
-144.13
-147.08
-142.4
-133.99
-132.17
-130.87
-129.31
-126.97
-127.49
-132.6
-134.34
-134.25
-139.02
-132.52
-132.43
-139.28
-150.98
-151.33
-154.53
-150.03
-147.69
-140.41
-129.4
-139.02
-138.33
-134.86
-133.73
-134.86
-130.35
-131.04
-135.9
-143.09
-138.85
-139.11
-138.93
-143.27
-144.48
-149.51
-146.21
-144.39
-138.5
-135.73
-135.38
-134.86
-136.42
-126.97
-127.75
-127.58
-129.92
-135.47
-136.33
-137.63
-136.16
-141.1
-143.18
-145.61
-148.9
-150.2
-152.97
-142.31
-138.67
-135.9
-136.33
-131.74
-130.7
-132.08
-128.36
-137.03
-130.96
-134.17
-135.55
-135.99
-141.97
-145.95
-147.69
-146.47
-144.22
-140.32
-134.6
-139.45
-138.59
-133.99
-133.56
-128.96
-123.07
-127.32
-125.24
-125.41
-128.44
-125.93
-127.32
-128.36
-130
-133.56
-135.29
-135.21
-127.84
-121.94
-122.03
-126.71
-125.32
-123.24
-123.33
-125.93
-128.79
-129.4
-131.56
-134.25
-134.95
-137.29
-131.74
-132.6
-136.25
-135.99
-136.07
-132.17
-105.48
-135.38
-134.43
-133.99
-131.48
-133.65
-136.77
-133.91
-135.12
-141.71
-150.81
-144.31
-143.61
-143.09
-144.48
-144.22
-146.13
-150.63
-144.48
-141.01
-140.23
-142.4
-143.79
-144.31
-142.05
-141.79
-134.86
-134.25
-137.89
-134.25
-133.56
-135.64
-143.09
-147.69
-151.15
-149.16
-145.61
-143.35
-139.11
-136.68
-134.6
-136.77
-141.36
-143.09
-145.26
-140.06
-135.9
-136.85
-128.62
-126.36
-127.14
-135.47
-141.79
-139.97
-140.93
-142.23
-137.72
-134.69
-135.99
-138.67
-136.25
-138.67
-142.57
-141.19
-146.47
-149.42
80.49
80.18
79.85
79.51
79.17
78.84
78.54
78.18
77.74
77.46
77.24
76.86
76.41
76.09
75.8
75.5
75.08
74.83
74.5
74.13
73.75
73.51
73.17
72.8
72.44
72.11
71.85
71.47
71.1
70.82
70.53
70.14
69.82
69.51
69.23
68.8
68.5
68.17
67.82
67.47
67.14
66.79
66.51
66.16
65.8
65.48
65.19
64.86
64.52
64.11
63.83
63.65
63.18
62.84
62.51
62.16
61.89
61.46
61.21
60.9
60.52
60.2
59.86
59.5
59.21
58.84
58.54
58.22
57.84
57.52
57.23
56.85
56.5
56.15
55.86
55.54
55.18
54.88
54.54
54.24
53.87
53.52
53.19
52.88
52.56
52.22
51.89
51.54
51.24
50.9
50.57
50.2
49.89
49.54
49.22
48.85
48.53
48.21
47.86
47.54
47.19
46.87
46.53
46.18
45.88
45.53
45.15
44.83
44.5
44.17
43.85
43.53
43.18
42.82
42.49
42.17
41.83
41.47
41.19
40.87
40.51
40.19
39.85
39.55
39.21
38.85
38.52
38.19
37.86
37.52
37.21
36.82
36.51
36.18
35.84
35.5
35.13
34.85
34.53
34.2
33.9
33.5
33.23
32.89
32.51
32.21
31.84
31.54
31.23
30.89
30.54
30.21
29.89
29.55
29.2
28.85
28.55
28.22
27.88
27.56
27.23
26.92
26.62
26.26
25.98
25.61
25.3
24.98
24.63
24.34
23.97
23.63
23.35
23
22.64
22.3
21.95
21.64
21.32
20.99
20.64
20.3
19.96
19.64
19.29
18.97
18.64
18.32
17.98
17.61
17.3
16.97
16.63
16.3
15.96
15.65
15.34
15.02
14.66
14.33
13.95
13.66
13.36
12.94
12.65
12.33
11.98
11.67
11.28
10.98
10.7
10.28
9.98
9.47
9.03
8.57
8.07
7.66
7.18
6.72
6.28
5.8
5.31
4.94
4.46
3.98
3.54
3.04
2.6
2.18
1.65
1.26
0.74
0.3
-0.12
-0.66
-1.09
-1.54
-2.01
-2.42
-2.94
-3.33
-3.8
-4.31
-4.72
-5.24
-5.71
-6.15
-6.59
-7.09
-7.53
-8.06
-8.42
-8.91
-9.37
-9.77
-10.18
-10.54
-10.81
-11.21
-11.48
-11.82
-12.2
-12.49
-12.85
-13.24
-13.52
-13.92
-14.2
-14.53
-14.92
-15.21
-15.55
-15.92
-16.23
-16.6
-16.93
-17.27
-17.64
-17.94
-18.29
-18.64
-18.92
-19.31
-19.63
-19.95
-20.29
-20.64
-20.92
-21.26
-21.59
-21.95
-22.23
-22.57
-22.94
-23.27
-23.59
-23.94
-24.25
-24.63
-24.95
-25.23
-25.62
-25.94
-26.25
-26.62
-26.92
-27.28
-27.6
-27.91
-28.32
-28.6
-28.96
-29.27
-29.6
-29.99
-30.29
-30.61
-30.97
-31.26
-31.61
-31.98
-32.27
-32.64
-32.96
-33.26
-33.65
-33.93
-34.25
-34.61
-34.93
-35.24
-35.57
-35.86
-36.24
-36.58
-36.86
-37.21
-37.53
-37.9
-38.25
-38.55
-38.92
-39.22
-39.52
-39.89
-40.19
-40.51
-40.88
-41.19
-41.57
-41.89
-42.19
-42.61
-42.93
-43.26
-43.6
-43.87
-44.24
-44.52
-44.86
-45.18
-45.53
-45.87
-46.21
-46.58
-46.91
-47.24
-47.53
-47.92
-48.21
-48.55
-48.89
-49.18
-49.56
-49.86
-50.19
-50.56
-50.89
-51.21
-51.55
-51.87
-52.19
-52.55
-52.88
-53.21
-53.53
-53.89
-54.21
-54.55
-54.87
-55.21
-55.57
-55.89
-56.19
-56.55
-56.9
-57.21
-57.55
-57.86
-58.21
-58.54
-58.87
-59.21
-59.53
-59.86
-60.2
-60.56
-60.9
-61.21
-61.55
-61.88
-62.21
-62.55
-62.94
-63.24
-63.58
-63.88
-64.18
-64.54
-64.89
-65.2
-65.56
-65.9
-66.23
-66.56
-66.86
-67.19
-67.55
-67.85
-68.2
-68.56
-68.88
-69.17
-69.55
-69.88
-70.19
-70.54
-70.89
-71.22
-71.51
-71.87
-72.19
-72.53
-72.88
-73.24
-73.54
-73.88
-74.17
-74.54
-74.88
-75.19
-75.52
-75.85
-76.19
-76.56
-76.85
-77.17
-77.53
-77.85
-78.19
-78.52
-78.85
-79.2
-79.51
-79.88
-80.15
-80.54
-80.84
-81.16
-81.5
-81.84
-82.19
-82.53
-82.85
-83.22
-83.51
-83.87
-84.18
-84.52
-84.82
-85.14
-85.5
-85.87
-86.19
-86.52
-86.86
-87.2
-87.54
-87.87
-88.22
-88.55
-88.88
-89.18
-89.54
-89.84
-90.18
-90.3
-90.62
-90.69
-90.68
-90.58
-90.27
-89.64
-89.26
-88.96
-88.6
-88.28
-87.92
-87.59
-87.23
-86.94
-86.58
-86.19
-85.88
-85.54
-85.23
-84.9
-84.59
-84.22
-83.91
-83.59
-83.23
-82.9
-82.54
-82.2
-81.91
-81.54
-81.2
-80.89
-80.55
-80.25
-79.92
-79.58
-79.23
-78.94
-78.58
-78.23
-77.92
-77.57
-77.24
-76.92
-76.59
-76.22
-75.9
-75.59
-75.21
-74.92
-74.56
-74.29
-73.95
-73.59
-73.27
-72.93
-72.6
-72.27
-71.94
-71.58
-71.24
-71.04
-70.6
-70.29
-69.98
-69.61
-69.31
-68.97
-68.6
-68.26
-67.96
-67.58
-67.28
-66.97
-66.59
-66.26
-65.96
-65.62
-65.28
-64.94
-64.64
-64.32
-63.94
-63.61
-63.28
-62.97
-62.63
-62.3
-61.97
-61.62
-61.29
-60.95
-60.64
-60.3
-59.97
-59.63
-59.31
-58.96
-58.62
-58.27
-57.93
-57.61
-57.3
-56.94
-56.59
-56.29
-55.96
-55.61
-55.32
-54.97
-54.66
-54.3
-53.96
-53.65
-53.28
-52.95
-52.58
-52.29
-51.98
-51.59
-51.27
-50.98
-50.64
-50.28
-49.98
-49.62
-49.3
-48.99
-48.64
-48.32
-47.97
-47.64
-47.3
-46.98
-46.59
-46.32
-45.93
-45.6
-45.29
-44.97
-44.65
-44.31
-43.99
-43.63
-43.32
-42.99
-42.67
-42.31
-41.97
-41.63
-41.26
-40.93
-40.61
-40.28
-39.96
-39.62
-39.32
-38.99
-38.62
-38.3
-37.92
-37.65
-37.29
-36.96
-36.61
-36.31
-35.97
-35.65
-35.34
-35
-34.67
-34.38
-34.04
-33.69
-33.36
-33.03
-32.72
-32.38
-32.01
-31.7
-31.36
-31.01
-30.69
-30.34
-30.01
-29.71
-29.36
-29.03
-28.68
-28.33
-28.03
-27.68
-27.31
-26.98
-26.65
-26.34
-26.03
-25.67
-25.36
-25.04
-24.71
-24.35
-24.05
-23.68
-23.35
-23
-22.65
-22.31
-22.01
-21.67
-21.32
-21.01
-20.69
-20.36
-20.04
-19.71
-19.36
-19.05
-18.71
-18.36
-18.01
-17.69
-17.35
-17
-16.69
-16.32
-15.98
-15.65
-15.31
-14.98
-14.65
-14.29
-13.97
-13.61
-13.27
-12.96
-12.62
-12.25
-11.93
-11.6
-11.24
-10.9
-10.59
-10.28
-9.95
-9.47
-9.01
-8.54
-8.12
-7.65
-7.18
-6.7
-6.24
-5.84
-5.33
-4.86
-4.38
-3.97
-3.49
-3.02
-2.58
-2.12
-1.69
-1.2
-0.69
-0.27
0.18
0.62
1.1
1.56
2.04
2.48
2.96
3.42
3.87
4.32
4.8
5.28
5.73
6.2
6.63
7.1
7.53
7.99
8.48
8.96
9.44
9.85
10.23
10.58
10.9
11.24
11.57
11.92
12.24
12.56
12.91
13.25
13.57
13.93
14.22
14.56
14.93
15.23
15.54
15.86
16.24
16.55
16.9
17.24
17.59
17.92
18.22
18.56
18.9
19.24
19.56
19.9
20.22
20.56
20.91
21.24
21.57
21.89
22.22
22.56
22.9
23.23
23.58
23.92
24.22
24.59
24.91
25.2
25.5
25.86
26.16
26.52
26.84
27.18
27.48
27.81
28.11
28.47
28.79
29.11
29.48
29.81
30.11
30.45
30.79
31.12
31.47
31.81
32.12
32.46
32.77
33.11
33.47
33.81
34.13
34.48
34.81
35.09
35.44
35.76
36.09
36.41
36.76
37.1
37.45
37.78
38.14
38.43
38.77
39.12
39.47
39.82
40.13
40.45
40.76
41.09
41.46
41.76
42.09
42.44
42.74
43.09
43.44
43.78
44.12
44.46
44.81
45.12
45.46
45.8
46.13
46.45
46.79
47.13
47.45
47.83
48.13
48.45
48.79
49.17
49.5
49.83
50.13
50.51
50.82
51.15
51.48
51.81
52.17
52.48
52.81
53.13
53.47
53.84
54.16
54.49
54.81
55.14
55.46
55.81
56.1
56.44
56.79
57.13
57.45
57.81
58.15
58.47
58.82
59.15
59.48
59.82
60.16
60.49
60.8
61.15
61.49
61.81
62.13
62.45
62.8
63.14
63.47
63.81
64.15
64.47
64.83
65.14
65.45
65.8
66.14
66.43
66.78
67.11
67.45
67.81
68.11
68.49
68.78
69.13
69.5
69.82
70.13
70.47
70.81
71.12
71.44
71.8
72.09
72.43
72.77
73.1
73.43
73.77
74.11
74.46
74.84
75.15
75.47
75.77
76.13
76.48
76.78
77.12
77.49
77.81
78.14
78.49
78.8
79.14
79.46
79.83
80.14
80.48
