218
44
62
-0.19
-0.19
-0.09
0.38
-0.47
-1.89
-1.51
0.47
0.38
-0.47
-0.47
-0.19
-0.57
-1.14
0.28
-0.38
-0.76
-0.95
-0.95
-0.19
-1.04
-0.66
0.47
-1.51
-0.47
-0.57
-1.51
-0.57
-1.04
-0.66
-1.04
-0.57
-0.76
-0.19
-1.04
-0.28
-1.7
0.09
-0.95
-0.76
0.19
-0.76
-1.51
0.66
-0.66
-0.66
0.85
0.38
-1.51
-0.09
157.23
-1.91
-2.69
-3.03
-0.78
-1.82
-2.51
-1.99
-2.43
-2.17
-1.91
-1.99
-2.34
-1.91
21.93
-1.65
-1.47
-1.39
-1.39
-0.95
-1.82
-1.21
-1.82
-0.87
0.69
1.56
-2.86
-1.65
-2.77
-0.87
10.4
-0.17
-2.95
-2.17
-1.82
-2.08
-2.17
-1.47
-0.09
82.68
-3.29
-2.51
-3.03
-2.17
-2.43
-1.39
-2.25
-1.99
-1.73
-1.56
-1.99
-1.99
-2.6
-1.56
-0.69
-0.61
-2.43
-1.99
-4.25
-1.3
-78.09
-142.49
-141.79
-140.49
-133.21
-132.08
-135.12
-134.51
-130.78
-122.38
-128.7
-124.89
-128.36
-134.95
-136.16
-133.47
-134.51
-136.16
-140.06
-141.97
-143.18
-141.62
-135.12
-136.25
-134.17
-131.48
-133.39
-132.52
-128.01
-124.46
-127.32
-128.79
-134.95
-133.47
-133.56
-138.76
-141.01
-142.31
-146.91
-145.87
-147.51
-142.75
-131.74
-131.82
-131.3
-127.49
-126.36
-130.87
-128.79
-126.54
-131.22
-134.77
-134.08
-135.38
-139.19
-141.97
-141.36
-144.48
-143.44
-141.01
-132.95
-133.39
-134.95
-134.95
-136.07
-128.96
-126.1
-126.28
-124.46
-124.37
-125.41
-121.51
-124.11
-126.71
-127.49
-131.3
-133.13
-132.86
-133.04
-131.22
-128.01
-126.97
-128.18
-123.59
-125.58
-128.7
-127.92
-128.88
-130.44
-134.69
-135.29
-137.63
-135.21
-137.98
-138.15
-141.53
-141.01
-140.23
-136.94
-139.54
-140.84
-138.67
-139.54
-142.92
-139.97
-142.83
-123.5
-143.61
30.37
30.07
29.71
29.38
29
28.72
28.38
28.05
27.72
27.41
27.06
26.67
26.38
26.01
25.72
25.35
25.03
24.72
24.32
24.01
23.72
23.34
23
22.72
22.37
22.05
21.7
21.37
21.03
20.69
20.37
20.06
19.71
19.39
19.06
18.72
18.34
18.08
17.72
17.37
17.06
16.73
16.36
16.08
15.71
15.34
15.04
14.67
14.4
14.05
13.9
13.41
13.28
13.43
14.03
14.36
14.68
14.97
15.35
15.68
15.99
16.39
16.7
17
17.35
17.66
18.02
18.36
18.73
19
19.37
19.69
19.99
20.35
20.7
21.01
21.4
21.66
21.99
22.42
22.68
22.98
23.34
23.68
24.03
24.36
24.71
25
25.34
25.68
26.01
26.32
26.68
27.08
27.33
27.69
27.98
28.32
28.68
29
29.44
29.68
30.01
30.35
30.73
31.01
31.38
31.65
31.97
32.33
32.62
32.92
33.26
33.56
33.91
34.26
34.53
34.89
35.27
35.53
35.88
36.23
36.63
36.88
37.22
37.54
37.89
38.21
38.55
38.94
39.21
39.57
39.85
40.23
40.54
40.86
41.26
41.56
41.87
42.21
42.57
42.82
43.17
43.53
43.87
44.24
44.52
44.9
45.19
45.53
45.87
46.24
46.56
46.87
47.27
47.55
47.84
48.19
48.54
48.9
49.18
49.52
49.88
50.18
50.54
50.95
51.22
51.53
51.86
52.23
52.57
52.9
53.28
53.54
53.9
54.24
54.63
54.88
55.22
55.55
55.93
56.3
56.59
56.91
57.25
57.56
57.93
58.26
58.56
58.93
59.28
59.56
59.92
60.25
60.61
60.92
61.24
61.58
61.9
62.29
62.56
62.92
63.24
63.52
63.9
64.23
64.54
64.9
65.31
65.55
65.9
66.26
66.59
66.88
67.24
67.56
67.91
68.2
