970
477
495
1.61
2.08
0.95
0.57
1.04
0.95
0.19
0.19
0.57
2.08
0.28
0.38
1.99
0.85
0.38
0.76
1.99
1.32
1.8
1.8
1.99
1.61
0.19
1.23
1.51
1.7
0.38
-0.09
0.66
1.32
1.42
0
1.51
1.8
0.95
2.37
0.38
0.47
0.66
2.65
1.32
0.95
1.61
1.7
2.37
1.51
1.32
1.99
1.14
1.23
159.31
159.6
167.26
169.25
168.68
164.14
158.94
153.35
148.62
150.61
155.34
157.04
156.48
157.8
160.35
167.64
171.71
168.87
161.21
161.87
161.3
158.18
154.58
151.84
154.49
150.04
145.69
141.81
144.46
149
151.65
157.42
156.85
160.92
158.84
156.95
159.88
156.57
149
152.5
153.16
149
150.89
149.95
147.68
148.43
148.15
153.92
152.03
153.73
152.69
157.71
152.41
143.99
142.19
145.97
155.81
161.58
163.95
163
158.94
159.5
150.7
143.89
146.07
145.79
148.72
145.6
143.33
144.65
144.37
142.57
132.54
131.59
132.07
139.35
151.18
148.72
148.06
143.89
144.08
137.08
130.55
133.77
130.18
136.33
134.53
132.45
134.91
138.69
142
144.27
141.15
143.8
148.91
148.91
146.92
144.18
143.42
143.42
140.49
133.2
135.66
141.81
146.35
144.74
149.76
153.54
157.33
154.77
152.12
151.08
154.58
158.75
152.03
151.65
144.74
139.26
136.7
136.23
138.69
137.93
144.08
151.75
153.54
151.56
161.4
161.96
156.57
150.61
148.81
147.3
148.15
148.25
146.92
143.52
141.53
143.33
135.38
134.81
137.08
136.99
140.87
142
145.79
151.84
146.92
149
148.25
147.77
151.37
142.95
153.83
143.99
143.23
142.38
144.74
139.16
134.24
134.15
139.35
142.1
140.87
143.23
144.08
143.23
147.11
145.97
147.2
142.57
141.72
144.37
143.61
137.18
137.65
136.99
125.35
133.3
127.91
129.14
129.7
137.37
147.3
140.11
145.31
137.55
136.99
140.68
143.8
146.92
152.03
148.15
145.97
144.46
139.83
132.82
132.26
135.38
142.19
137.55
140.2
142.66
148.25
134.91
139.07
136.89
140.11
139.83
146.92
150.04
146.35
141.72
138.6
139.16
138.97
134.34
129.04
133.2
133.11
128.19
133.3
133.11
138.69
139.26
139.07
146.64
151.56
154.39
153.73
152.6
152.41
148.25
144.27
137.84
137.27
136.42
141.24
139.83
141.81
142.1
140.01
139.73
137.55
142.66
150.7
161.87
159.6
155.81
151.18
151.93
150.14
143.42
139.83
137.46
142.76
140.01
138.03
142.19
142.1
141.43
135.28
137.27
139.26
146.16
154.21
153.07
153.35
149
145.41
143.52
134.72
127.34
129.7
135.38
134.81
135.1
136.61
157.52
142.76
138.22
143.04
142.76
149.1
155.62
157.99
155.25
146.45
149.57
145.97
139.73
142.19
140.68
142.95
141.24
145.6
144.37
142.1
136.04
132.35
124.59
128.47
135
143.33
147.77
151.18
148.34
149.38
149.1
137.27
132.73
136.51
139.73
138.12
140.01
144.93
147.2
142.76
137.18
139.54
136.99
142.57
147.3
154.11
153.83
150.61
148.25
145.03
140.3
140.49
144.56
143.52
143.52
146.26
152.31
150.8
144.37
143.61
141.06
145.41
153.16
154.77
152.41
149.85
145.79
147.58
146.73
139.92
139.83
134.72
139.92
138.5
139.54
146.83
145.69
146.73
148.91
145.31
150.33
154.39
142.19
132.54
131.22
132.82
132.54
129.14
124.22
123.18
127.43
131.97
133.58
136.14
138.41
136.99
135.76
137.27
137.74
132.54
134.62
134.81
133.77
132.54
136.51
138.69
140.2
145.22
141.53
146.35
144.46
142.66
140.01
149.66
144.65
131.88
126.49
123.18
126.96
130.74
136.8
138.6
138.97
145.22
143.04
140.49
138.5
138.03
142.85
142.38
139.07
139.35
142.57
138.6
137.46
133.58
131.22
135.57
143.52
149.57
145.88
144.65
147.58
149.95
146.73
146.92
145.41
149.38
150.8
147.68
156.29
154.96
151.27
152.79
149.95
151.46
219.01
0.17
-1.39
3.03
-3.81
-2.17
-2.6
-3.29
-4.42
-4.33
-2.25
-3.29
-2.69
-2.51
-3.64
-3.81
-1.47
-2.08
-2.77
-2.95
-3.03
-3.03
-3.21
-3.64
11.09
-2.69
-2.08
-3.55
-3.21
-2.95
-3.21
-1.99
-5.46
-3.64
-3.21
-2.25
-4.94
-2.69
-3.73
-2.34
-4.07
-0.69
-4.51
-2.25
3.03
-3.99
-4.33
-3.21
-3.03
-3.47
-4.51
-3.81
-3.03
-2.77
-2.17
-3.64
-4.33
-3.55
-2.43
-3.47
-2.77
-141.01
-130.35
-134.08
-140.41
-142.92
-144.31
-140.67
-136.51
-140.49
-138.59
-137.81
-138.41
-134.34
-132.95
-123.07
-129.48
-133.13
-132.17
-132.95
-134.95
-133.13
-129.57
-129.57
-130.87
-134.77
-127.23
-132
-133.21
-134.51
-130.78
-134.08
-132.17
-133.13
-129.83
-130
-129.66
-124.72
-124.2
-126.28
-126.45
-128.27
-131.13
-137.55
-142.75
-133.65
-132.6
-133.65
-134.69
-131.91
-132.34
-132.17
-130.09
-128.96
-129.48
-126.19
-128.01
-128.53
-125.93
-128.96
-131.13
-131.65
-134.86
-135.12
-130.52
-129.31
-132.17
-128.79
-128.7
-126.54
-127.23
-125.24
-126.19
-127.92
-126.36
-131.91
-143.35
-145.35
-143.53
-143.96
-144.31
-145.95
-142.4
-139.97
-139.11
-138.59
-140.75
-139.19
-146.04
-152.37
-149.33
-145
-141.36
-142.14
-142.05
-146.47
-51.92
-143.18
-149.07
-148.12
-150.89
-143.96
-144.05
-137.11
-138.59
-139.19
-137.11
-135.29
-138.93
-136.94
-140.49
-143.7
-143.44
-138.15
-138.33
-135.29
-136.85
-138.33
-138.5
-141.01
-136.59
-132.78
-134.69
-132.69
-131.65
-128.79
-127.4
-128.96
-126.36
-126.8
-133.91
-133.56
-130.35
-126.19
-132.95
-129.22
-133.04
-134.6
-139.19
-132.34
-131.3
-131.82
-133.82
-129.22
-132.86
-134.86
-130.7
-130
-132.78
-139.28
-141.45
-139.37
-136.42
-136.51
-134.69
-138.07
-139.8
-135.64
-127.06
-126.45
-129.05
-128.62
-127.23
-129.4
-130.78
-133.82
-130.61
-134.6
-137.72
-141.88
-143.27
-141.62
-138.41
-137.46
-135.81
-139.28
-138.07
-130.35
-129.48
-131.48
-131.48
-129.31
-132.34
-130.7
-130.61
-131.3
-135.47
-139.54
-143.7
-146.65
-146.13
-141.97
-143.44
-144.48
-145
-142.4
-135.29
-136.59
-138.67
-135.21
-129.74
-129.14
-133.73
-131.56
-136.51
-139.28
-141.71
-132.6
-136.85
-137.03
-130.7
-137.89
-139.37
-135.99
-135.21
-129.14
-129.14
-130.52
-126.36
-127.14
-129.22
-128.62
-131.39
-131.3
-140.75
-141.01
-143.7
-152.19
-146.99
-145
-148.99
-144.31
-142.49
-141.19
-138.41
-136.94
-136.85
-136.42
-128.79
-130.87
-133.73
-134.17
-135.47
-139.89
-136.42
-137.46
-143.09
-145.35
-147.95
-148.81
-149.16
-145.78
-143.87
-130.09
-135.55
-136.68
-134.17
-132.69
-131.82
-135.03
-135.99
-137.2
-140.93
-134.69
-137.81
-146.56
-153.32
-154.1
-158.69
-153.32
-150.81
-145.78
-139.11
-143.87
-145.17
-141.19
-139.97
-137.81
-134.25
-137.98
-146.3
-148.03
-142.66
-143.61
-142.05
-148.21
-153.41
-154.88
-149.77
-148.21
-141.71
-143.35
-139.28
-141.45
-136.07
-136.16
-133.99
-133.91
-133.04
-137.2
-136.33
-139.37
-139.97
-146.99
-149.68
-153.15
-156.53
-157.91
-152.19
-144.39
-142.57
-139.54
-141.19
-134.95
-139.11
-137.2
-132.78
-133.82
-133.04
-135.38
-141.88
-146.21
-148.9
-151.76
-148.9
-153.06
-150.03
-147.43
-140.06
-139.71
-141.27
-141.53
-136.94
-132.26
-134.43
-132.43
-131.82
-133.13
-131.3
-129.92
-129.14
-133.04
-133.73
-137.72
-135.99
-136.94
-133.99
-128.36
-132.17
-133.65
-130.26
-129.66
-134.17
-131.48
-133.13
-132.69
-133.99
-137.03
-138.5
-139.02
-136.85
-141.27
-145.61
-144.65
-143.61
-139.02
-138.76
-143.09
-143.27
-141.1
-141.45
-141.01
-142.75
-145.87
-147.25
-149.59
-151.76
-148.99
-149.51
-148.38
-149.16
-150.37
-155.66
-156.27
-149.25
-149.42
-147.95
-150.72
-150.29
-150.03
-147.51
-146.04
-142.14
-139.19
-145.52
-140.15
-142.92
-142.57
-146.04
-151.93
-158.35
-153.41
-150.55
-148.55
-145
-139.37
-139.71
-141.62
-148.55
-152.8
-151.67
-145.69
-139.89
-141.45
-135.12
-135.64
-132.78
-141.19
-146.04
-146.21
-149.25
-144.91
-140.15
-145.78
-147.08
-145.69
-141.53
87.12
86.76
86.4
86.08
85.75
85.45
85.06
84.78
84.41
84.07
83.73
83.45
83.13
82.77
82.39
82.05
81.76
81.41
81.1
80.72
80.41
80.06
79.69
79.4
79.1
78.74
78.43
78.12
77.79
77.44
77.12
76.77
76.45
76.12
75.73
75.43
75.07
74.71
74.42
74.09
73.77
73.41
73.12
72.79
72.42
72.08
71.78
71.43
71.1
70.77
70.6
70.11
69.8
69.46
69.15
68.78
68.47
68.12
67.79
67.45
67.14
66.8
66.48
66.15
65.77
65.45
65.12
64.77
64.43
64.13
63.75
63.45
63.14
62.77
62.48
62.16
61.79
61.48
61.13
60.79
60.47
60.16
59.82
59.49
59.18
58.81
58.5
58.16
57.8
57.47
57.12
56.81
56.46
56.15
55.79
55.44
55.15
54.8
54.46
54.14
53.81
53.44
53.13
52.79
52.42
52.11
51.81
51.43
51.12
50.76
50.42
50.11
49.74
49.42
49.09
48.8
48.45
48.13
47.79
47.47
47.15
46.78
46.47
46.12
45.79
45.46
45.12
44.74
44.43
44.11
43.78
43.45
43.14
42.8
42.44
42.17
41.78
41.45
41.16
40.8
40.5
40.14
39.77
39.46
39.14
38.82
38.48
38.14
37.8
37.48
37.15
36.81
36.46
36.14
35.84
35.49
35.17
34.84
34.57
34.21
33.9
33.57
33.25
32.89
32.6
32.25
31.91
31.61
31.28
30.92
30.59
30.24
29.9
29.59
29.26
28.91
28.59
28.25
27.9
27.58
27.27
26.9
26.55
26.27
25.91
25.58
25.23
24.92
24.55
24.27
23.9
23.56
23.25
22.92
22.59
22.25
21.91
21.61
21.24
20.95
20.62
20.22
19.94
19.58
19.27
18.92
18.59
18.25
17.9
17.58
17.26
16.9
16.57
16.26
15.88
15.57
15.25
14.9
14.6
14.22
13.92
13.61
13.27
12.89
12.58
12.25
11.93
11.57
11.26
10.95
10.57
10.23
9.92
9.4
9.04
8.49
8.08
7.65
7.09
6.66
6.24
5.69
5.25
4.85
4.36
3.9
3.42
2.96
2.56
2.08
1.69
1.16
0.73
0.29
-0.27
-0.62
-1.07
-1.57
-2
-2.54
-3.01
-3.46
-3.99
-4.39
-4.79
-5.36
-5.76
-6.26
-6.77
-7.27
-7.67
-8.14
-8.6
-9.12
-9.53
-10.01
-10.36
-10.65
-11.05
-11.33
-11.65
-12.01
-12.34
-12.67
-13.03
-13.32
-13.67
-13.99
-14.29
-14.66
-14.98
-15.34
-15.67
-15.98
-16.32
-16.66
-17.01
-17.34
-17.68
-17.98
-18.29
-18.66
-19
-19.3
-19.65
-20.01
-20.35
-20.67
-21.01
-21.31
-21.71
-22.02
-22.32
-22.71
-23.01
-23.34
-23.68
-24
-24.33
-24.7
-25.06
-25.35
-25.67
-26.01
-26.32
-26.66
-26.98
-27.29
-27.63
-27.95
-28.28
-28.65
-28.96
-29.27
-29.64
-29.98
-30.29
-30.62
-30.96
-31.25
-31.61
-31.97
-32.25
-32.62
-32.93
-33.25
-33.62
-33.94
-34.28
-34.63
-34.98
-35.3
-35.63
-35.96
-36.27
-36.58
-36.96
-37.25
-37.62
-37.94
-38.29
-38.63
-38.96
-39.3
-39.62
-39.97
-40.3
-40.65
-40.95
-41.25
-41.6
-41.9
-42.27
-42.62
-42.95
-43.28
-43.6
-43.95
-44.27
-44.59
-44.94
-45.3
-45.63
-45.97
-46.27
-46.61
-46.93
-47.29
-47.62
-47.94
-48.27
-48.59
-48.94
-49.27
-49.59
-49.93
-50.3
-50.6
-50.91
-51.23
-51.6
-51.92
-52.29
-52.63
-52.98
-53.31
-53.62
-53.96
-54.28
-54.6
-54.98
-55.29
-55.59
-55.95
-56.27
-56.6
-56.96
-57.24
-57.62
-57.94
-58.3
-58.65
-58.92
-59.25
-59.61
-59.93
-60.26
-60.6
-60.96
-61.28
-61.62
-61.92
-62.26
-62.6
-62.94
-63.27
-63.6
-63.97
-64.28
-64.58
-64.93
-65.28
-65.62
-65.92
-66.26
-66.6
-66.93
-67.25
-67.57
-67.93
-68.26
-68.58
-68.94
-69.25
-69.61
-69.91
-70.28
-70.59
-70.92
-71.26
-71.6
-71.94
-72.25
-72.58
-72.92
-73.26
-73.57
-73.92
-74.23
-74.6
-74.92
-75.24
-75.56
-75.92
-76.23
-76.58
-76.9
-77.24
-77.61
-77.91
-78.26
-78.57
-78.93
-79.27
-79.57
-79.64
-79.58
-79.02
-78.66
-78.34
-78.02
-77.64
-77.33
-77.01
-76.69
-76.32
-75.98
-75.64
-75.36
-75
-74.66
-74.29
-73.97
-73.65
-73.29
-72.97
-72.66
-72.36
-71.99
-71.65
-71.35
-71.01
-70.65
-70.33
-69.99
-69.66
-69.34
-68.99
-68.67
-68.31
-67.99
-67.66
-67.32
-67.01
-66.64
-66.36
-66.01
-65.67
-65.33
-65.04
-64.67
-64.35
-64.03
-63.66
-63.35
-62.99
-62.69
-62.34
-62.02
-61.69
-61.36
-61.01
-60.67
-60.32
-60.13
-59.67
-59.37
-59.02
-58.7
-58.37
-58.03
-57.71
-57.38
-57.04
-56.7
-56.38
-56.04
-55.7
-55.36
-55.03
-54.71
-54.4
-54.08
-53.72
-53.37
-53.05
-52.72
-52.43
-52.04
-51.72
-51.41
-51.05
-50.71
-50.35
-50.04
-49.69
-49.37
-49.04
-48.68
-48.38
-48.03
-47.68
-47.38
-47.07
-46.75
-46.43
-46.05
-45.73
-45.39
-45.05
-44.71
-44.37
-44.03
-43.7
-43.38
-43.04
-42.68
-42.38
-42.04
-41.68
-41.41
-41.05
-40.73
-40.38
-40.07
-39.74
-39.39
-39.02
-38.72
-38.38
-38.03
-37.67
-37.36
-37.02
-36.71
-36.38
-36.05
-35.72
-35.38
-35.09
-34.74
-34.39
-34.07
-33.7
-33.38
-33.04
-32.67
-32.36
-32.03
-31.7
-31.4
-31.05
-30.72
-30.38
-30.07
-29.72
-29.4
-29.06
-28.71
-28.38
-28.07
-27.73
-27.41
-27.1
-26.79
-26.43
-26.11
-25.79
-25.44
-25.14
-24.76
-24.46
-24.11
-23.78
-23.47
-23.1
-22.76
-22.48
-22.12
-21.78
-21.43
-21.13
-20.79
-20.43
-20.1
-19.77
-19.43
-19.09
-18.72
-18.39
-18.09
-17.76
-17.43
-17.12
-16.78
-16.45
-16.13
-15.77
-15.41
-15.12
-14.75
-14.43
-14.08
-13.73
-13.41
-13.11
-12.76
-12.43
-12.1
-11.8
-11.48
-11.11
-10.77
-10.46
-10.12
-9.69
-9.22
-8.8
-8.3
-7.83
-7.3
-6.81
-6.39
-5.97
-5.44
-5
-4.57
-4.07
-3.6
-3.14
-2.64
-2.17
-1.74
-1.23
-0.77
-0.33
0.14
0.57
1.01
1.49
1.93
2.38
2.81
3.3
3.77
4.21
4.65
5.13
5.6
6.04
6.55
7.01
7.48
7.92
8.39
8.82
9.32
9.72
10.15
10.49
10.84
11.14
11.48
11.82
12.14
12.48
12.83
13.14
13.48
13.81
14.16
14.47
14.82
15.14
15.48
15.82
16.12
16.49
16.82
17.15
17.51
17.82
18.12
18.49
18.83
19.14
19.47
19.81
20.15
20.49
20.81
21.13
21.48
21.83
22.16
22.48
22.83
23.15
23.47
23.81
24.14
24.48
24.82
25.14
25.47
25.81
26.15
26.49
26.83
27.13
27.48
27.8
28.15
28.48
28.82
29.16
29.48
29.81
30.13
30.48
30.84
31.18
31.5
31.81
32.16
32.47
32.84
33.16
33.43
33.81
34.11
34.43
34.78
35.08
35.43
35.77
36.07
36.37
36.7
37.03
37.38
37.74
38.04
38.38
38.71
39.05
39.38
39.7
40.04
40.37
40.7
41.04
41.35
41.71
42.04
42.38
42.7
43.05
43.37
43.7
44.01
44.34
44.68
45.02
45.35
45.69
46.02
46.35
46.72
47.03
47.36
47.71
48.04
48.37
48.69
49.02
49.34
49.69
50.03
50.34
50.68
51.02
51.32
51.69
52.02
52.37
52.71
53.05
53.36
53.71
54.03
54.37
54.73
55.05
55.38
55.73
56.05
56.38
56.7
57.05
57.39
57.74
58.08
58.41
58.73
59.07
59.4
59.76
60.06
60.4
60.74
61.08
61.42
61.71
62.08
62.39
62.74
63.08
63.36
63.72
64.03
64.36
64.7
65.03
65.35
65.72
66.05
66.37
66.73
67.05
67.39
67.76
68.08
68.39
68.73
69.06
69.36
69.7
70.02
70.36
70.73
71.04
71.38
71.73
72.04
72.36
72.73
73.04
73.37
73.74
74.05
74.36
74.69
75.03
75.37
75.71
76.04
76.38
76.74
77.04
77.4
77.74
78.08
78.39
78.72
79
79.37
79.72
80.05
80.36
80.69
81.02
81.37
81.7
82.04
82.35
82.72
83.04
83.4
83.71
84.04
84.35
84.72
85.04
85.4
85.71
86.04
86.39
86.72
87.06
