105
44
62
-0.28
-0.09
-0.19
-1.14
0.09
-0.66
-0.66
-0.85
-0.47
-0.66
-0.38
-0.28
-0.38
-0.57
-1.04
-1.04
-1.32
-1.23
-0.28
-0.47
-0.38
0.47
-2.18
-0.47
-1.42
-1.42
-0.38
-0.19
0.38
-2.27
-1.7
-0.76
-0.57
-1.42
-0.66
-0.09
7.85
0.76
0.47
-0.66
-1.14
0.28
-0.38
0.28
0.28
0.38
0.09
-0.76
-0.09
1.04
175.4
-2.86
-3.99
-1.73
-0.78
-2.6
-1.82
-1.73
-1.99
-2.6
-2.08
-3.47
-1.91
-2.17
-1.82
-1.82
-2.69
-2.69
-1.56
-2.43
-1.65
-2.6
-0.35
-2.69
-2.34
-2.51
-2.08
-1.73
-1.47
-3.03
-2.69
-2.08
-1.56
-2.43
-2.25
-3.03
-2.17
3.9
-2.43
-2.43
-1.13
-2.77
-2.43
-1.73
-2.17
-1.56
-2.34
-1.65
-3.38
1.65
-2.34
-1.82
-2.08
-1.3
6.67
85.2
84.93
84.58
84.28
83.85
83.59
83.27
82.98
82.56
82.12
81.95
81.55
81.25
80.95
80.53
80.25
79.91
79.56
79.15
78.94
78.57
78.21
77.82
77.64
77.23
76.91
76.61
76.36
75.88
75.59
75.28
74.94
74.6
74.17
73.88
73.58
73.23
72.97
72.55
72.27
71.88
71.6
71.29
70.97
70.63
70.29
69.93
69.54
69.28
68.92
68.8
68.17
68.19
68.33
68.87
69.24
69.59
69.89
70.27
70.56
70.91
71.28
71.54
71.89
72.28
72.54
72.93
73.2
73.55
73.93
74.24
74.58
74.9
75.28
75.59
75.95
76.29
76.58
76.91
77.27
77.58
77.87
78.25
78.63
78.86
79.24
79.57
79.95
80.25
80.56
80.96
81.24
81.56
81.92
82.28
82.55
82.91
83.25
83.57
83.91
84.26
84.62
84.91
85.26
85.59
