110
46
64
-0.95
-0.85
-1.51
-1.99
-0.95
-0.47
-0.47
-0.66
0.19
-0.38
-0.76
-1.32
-0.57
-0.28
-1.42
-0.57
0.85
-0.19
-1.7
-0.95
-0.19
-0.47
0.09
-0.66
-0.76
-1.8
-1.04
-1.89
0.19
-3.12
0.47
-0.76
0.95
-0.85
-1.89
-0.57
6.81
0.66
0.28
-1.8
-0.47
-1.04
-0.09
-0.95
-1.8
-1.89
-0.66
0.19
-0.76
0.57
158.84
165.84
163.19
167.26
-2.95
-1.91
-2.95
-2.69
-1.99
-2.95
-2.17
-1.99
-2.51
-1.47
-5.72
-2.17
-1.99
-2.95
-2.77
-1.65
-2.08
-0.43
-1.65
-2.34
-2.08
-3.03
-2.69
-2.51
-1.65
-2.6
-1.91
-0.52
-1.73
-1.73
-1.65
-2.34
-1.82
-1.82
-3.03
-4.25
-1.47
-1.21
-3.03
-2.77
-1.3
-2.77
-2.34
-3.03
-1.56
-3.47
-2.6
-2.95
-2.34
-2.77
-1.47
-2.08
-1.56
-3.03
-2.34
47.76
85.11
84.81
84.45
84.11
83.87
83.47
83.13
82.85
82.53
82.06
81.76
81.49
81.2
80.79
80.35
80.2
79.78
79.43
79.19
78.77
78.46
78.12
77.75
77.5
77.19
76.8
76.5
76.07
75.85
75.51
75.2
74.83
74.49
74.12
73.77
73.44
73.17
72.8
72.36
72.14
71.82
71.54
71.17
70.73
70.51
70.16
69.79
69.51
69.11
68.77
68.66
68.1
67.81
67.56
67.11
67.13
67.24
67.78
68.17
68.56
68.8
69.21
69.48
69.81
70.18
70.49
70.87
71.17
71.49
71.79
72.22
72.45
72.79
73.18
73.46
73.78
74.12
74.51
74.84
75.19
75.51
75.85
76.18
76.52
76.87
77.18
77.47
77.81
78.12
78.44
78.76
79.22
79.47
79.78
80.17
80.45
80.83
81.15
81.47
81.81
82.11
82.47
82.85
83.16
83.46
83.8
84.15
84.49
84.8
85.17
