136
54
82
151.08
153.73
149
146.07
143.7
157.61
143.52
148.91
129.51
138.88
140.49
145.12
139.26
131.41
131.03
121.47
124.22
123.55
115.13
123.18
121.76
129.61
135.1
120.62
122.04
129.61
120.05
134.62
116.27
119.77
119.96
114.76
129.14
111.35
117.03
120.62
128
130.27
134.34
128.38
133.01
144.18
151.46
137.74
151.56
129.04
142.47
135.28
152.22
137.08
142.47
149.76
153.73
144.74
148.91
138.6
165.65
154.11
170.19
145.69
143.89
147.39
149.95
639.72
861.18
854.94
-2.08
-2.77
-1.99
-4.07
-1.04
-2.6
-2.25
-2.6
-1.21
-0.87
-1.56
-1.65
-124.02
-133.39
-120.9
-143.61
-168.57
-136.51
-143.61
-142.75
-144.39
-149.07
-143.27
-141.19
-144.39
-139.02
-152.71
-144.05
-139.02
-137.72
-135.38
-153.41
-154.62
-147.51
-137.63
-143.87
-135.55
-127.14
-125.32
-124.72
-130.35
-130.61
-119
-128.96
-119.43
-125.15
-132.26
-122.03
-125.76
-107.99
-126.19
-131.3
-121.42
-130.44
-119.78
-123.16
-132.34
-127.06
-136.85
-126.28
-127.66
-132.69
-129.31
-151.67
-142.14
-134.77
-141.45
-145.61
-150.55
-148.99
59.05
56.57
54.02
51.42
48.89
46.65
44.02
41.42
38.92
36.42
33.91
31.4
28.96
26.38
23.88
21.27
19
16.47
13.92
11.34
8.37
4.88
1.38
-2.08
-5.45
-9
-11.93
-14.46
-16.97
-19.54
-21.98
-24.67
-27.15
-29.67
-32.18
-34.69
-37.23
-39.81
-42.25
-44.71
-47.25
-49.79
-52.3
-54.84
-57.47
-59.99
-62.43
-64.97
-67.54
-70.14
-72.57
-74.85
-77.34
-79.97
-82.49
-85.07
-87.5
-90.12
-92.58
-95.13
-97.66
-100.18
-102.75
-104.81
-105.21
-105.22
-105.21
-105.22
-105.22
-105.26
-105.19
-103.36
-100.26
-97.81
-95.26
-92.68
-90.21
-87.71
-85.22
-82.61
-80.12
-77.62
-75.07
-72.59
-70.05
-67.55
-65
-62.47
-59.82
-57.38
-54.87
-52.4
-49.81
-47.32
-44.68
-42.17
-39.94
-37.33
-34.8
-32.25
-29.79
-27.25
-24.67
-22.12
-19.61
-17.07
-14.57
-12.01
-9.52
-6.01
-2.57
0.94
4.43
7.88
11.02
13.53
16.16
18.7
21.23
23.79
26.29
28.88
31.33
33.87
36.26
38.92
41.39
43.95
46.46
48.95
51.56
53.83
56.33
59.01
61.44
64.06
