156
68
89
189.68
196.49
150.14
155.44
166.22
152.6
168.68
164.52
143.52
141.72
159.41
143.61
134.43
121.76
133.68
126.86
110.21
132.82
131.97
120.9
134.72
131.69
133.11
146.07
156.1
152.31
130.74
153.16
138.5
134.81
141.91
140.58
135.47
133.58
149.57
135.1
145.41
130.46
133.01
125.92
138.5
132.92
124.69
131.41
142.95
131.03
136.33
144.74
136.23
130.74
133.2
137.55
129.61
141.81
132.26
130.18
129.99
133.96
123.08
112.77
128.38
122.8
126.58
125.45
126.96
117.4
128.38
128.57
126.96
116.65
118.07
837.25
810.67
813.13
1.82
2.25
-1.04
-0.61
-3.29
-1.99
4.59
-0.69
0.35
-1.82
-5.72
-152.02
-128.88
-130.61
-141.53
-127.75
-122.55
-135.73
-134.95
-126.71
-137.46
-148.99
-132.17
-134.95
-158.95
-144.13
-131.13
-151.5
-154.45
-128.27
-134.6
-148.55
-134.25
-129.66
-150.2
-130.61
-119.6
-141.1
-140.15
-120.38
-136.51
-163.03
-133.47
-142.92
-165.45
-158.17
-135.81
-158.09
-155.23
-131.3
-162.51
-162.16
-130.18
-143.09
-159.56
-132.86
-128.88
-142.49
-141.45
-126.54
-137.63
-136.33
-118.91
-135.47
-156.96
-134.86
-141.88
-162.51
-163.11
-144.05
-177.33
-197
-141.1
-169.87
-205.15
-156.35
-169.44
-169.61
-167.36
-157.74
-195.79
-166.75
65.2
63.14
61.27
59.52
57.52
55.66
53.93
51.86
49.96
48.2
46.19
44.44
42.42
40.53
38.78
36.79
34.89
33.02
31.12
29.4
27.47
25.58
23.79
21.81
20
18.02
16.15
14.33
12.33
10.48
8.23
5.39
2.81
0.19
-2.41
-4.88
-7.6
-10.18
-11.99
-14
-15.94
-17.81
-19.68
-21.5
-23.47
-25.4
-27.17
-29.11
-30.98
-32.93
-34.77
-36.55
-38.58
-40.45
-42.21
-44.26
-46.09
-47.92
-49.89
-51.72
-53.68
-55.57
-57.4
-59.38
-61.22
-63.14
-65.01
-66.84
-68.8
-70.72
-72.44
-72.64
-72.53
-72.63
-72.64
-72.54
-72.64
-72.64
-72.56
-72.66
-72.66
-72.53
-72.65
-72
-70.05
-68.17
-66.13
-64.27
-62.36
-60.47
-58.6
-56.65
-54.81
-52.9
-50.98
-49.14
-47.18
-45.37
-43.49
-41.5
-39.7
-37.79
-35.83
-34
-32.14
-30.25
-28.43
-26.42
-24.64
-22.7
-20.76
-18.98
-17.05
-15.18
-13.3
-11.26
-9.18
-6.54
-3.91
-1.37
1.43
3.81
6.44
9.22
11.18
13.12
15.11
16.86
18.77
20.76
22.52
24.56
26.34
28.24
30.15
31.87
33.81
35.66
37.57
39.59
41.35
43.22
45.22
46.97
49.04
50.79
52.74
54.73
56.44
58.4
60.38
62.14
64.05
66.06
67.82
69.85
