155
68
89
168.96
173.69
170.67
168.49
170.48
153.54
175.49
186.75
158.08
160.45
175.96
161.21
138.6
164.04
164.04
135.66
154.77
168.11
137.74
128.95
158.37
148.53
125.45
156.85
165.08
134.34
143.61
160.17
145.12
141.06
164.9
165.56
140.49
174.92
184.48
138.69
175.49
190.34
137.46
155.34
170.29
147.77
125.45
151.37
144.27
135.38
153.64
170
135.95
148.53
157.42
137.55
148.62
170.19
150.14
132.73
174.17
170.67
135.38
159.03
163.57
135.47
144.84
169.06
149.1
134.62
153.26
162.34
131.03
151.65
152.98
852.29
852.39
849.17
2.43
1.47
3.21
4.59
2.6
0.35
1.99
7.37
3.81
5.98
1.65
-174.21
-146.82
-153.75
-175.85
-148.73
-142.83
-167.01
-164.07
-133.21
-158.52
-181.92
-145.69
-151.59
-174.38
-147.34
-138.41
-166.41
-150.72
-137.63
-156.35
-152.63
-134.6
-147.86
-163.55
-132.6
-137.81
-158.69
-135.12
-131.82
-160.43
-172.91
-130.35
-159.56
-181.66
-150.63
-155.66
-170.31
-161.99
-149.33
-165.45
-166.49
-140.23
-150.89
-170.65
-134.77
-150.98
-162.33
-141.97
-137.98
-157.31
-151.59
-138.41
-158.35
-160.95
-138.93
-158.87
-169.27
-146.91
-150.37
-173.51
-169.18
-139.97
-172.82
-180.62
-154.19
-168.92
-171.17
-166.84
-156.79
-164.59
65.33
63.27
61.52
59.45
57.62
55.87
53.84
51.92
50.17
48.11
46.37
44.31
42.45
40.72
38.66
36.78
34.92
33.06
31.26
29.31
27.49
25.66
23.67
21.81
20.01
17.97
16.26
14.26
12.33
10.56
8.05
5.39
3
0.27
-2.32
-5.07
-7.57
-10.09
-12.12
-14.03
-15.95
-17.84
-19.63
-21.59
-23.5
-25.33
-27.22
-29.17
-30.99
-32.87
-34.69
-36.65
-38.56
-40.35
-42.34
-44.24
-46.04
-48.02
-49.88
-51.76
-53.68
-55.53
-57.48
-59.35
-61.26
-63.14
-64.92
-66.89
-68.83
-70.68
-72.55
-72.79
-72.69
-72.77
-72.68
-72.8
-72.78
-72.67
-72.8
-72.8
-72.78
-72.76
-72.64
-71.92
-69.76
-67.8
-65.88
-63.98
-61.98
-60.15
-58.23
-56.44
-54.46
-52.51
-50.74
-48.84
-46.87
-45.08
-43.09
-41.22
-39.41
-37.4
-35.57
-33.7
-31.74
-30.04
-28.02
-26.19
-24.29
-22.31
-20.52
-18.64
-16.62
-14.88
-12.87
-11
-8.7
-5.99
-3.61
-0.96
1.7
4.25
7.07
9.52
11.51
13.54
15.31
17.18
19.09
21
22.98
24.75
26.66
28.68
30.35
32.23
34.21
35.96
38
39.8
41.66
43.69
45.45
47.32
49.35
51.15
53.21
54.91
56.77
58.87
60.54
62.51
64.53
66.26
68.16
