136
59
80
176.25
202.64
195.45
170.48
169.63
187.51
160.17
160.92
168.11
167.73
145.5
164.42
170.29
157.89
158.65
180.88
167.26
157.61
177.95
178.61
162.15
187.7
192.61
168.4
176.63
192.43
161.3
168.77
181.64
158.27
149.19
175.96
159.5
139.64
155.34
173.22
150.61
162.81
179.37
160.17
153.64
178.14
166.13
165.46
184.1
192.05
163.57
172.37
189.11
147.39
157.8
164.23
150.23
135.66
161.49
146.45
133.39
147.02
153.45
132.64
126.58
145.6
891.27
886.54
882.19
4.16
2.17
0.69
3.99
3.47
4.16
1.99
6.33
2.43
5.2
2.34
-168.75
-150.63
-158.95
-164.5
-145.78
-150.11
-174.99
-162.68
-146.56
-166.93
-176.89
-156.09
-157.91
-190.15
-174.29
-171.26
-195.35
-165.19
-152.63
-174.64
-160.51
-154.01
-155.83
-164.24
-140.75
-154.79
-161.55
-144.83
-143.27
-170.13
-180.71
-154.71
-174.99
-181.14
-166.32
-176.55
-197.95
-169.7
-177.67
-200.81
-175.07
-166.41
-180.01
-176.29
-143.96
-158.87
-163.03
-147.25
-160.17
-175.85
-147.17
-153.23
-170.39
-179.41
-147.25
-191.89
-215.37
-196.57
-213.29
-234.53
48.18
46.17
44.39
42.33
40.46
38.73
36.68
34.83
33.11
31.06
29.22
27.44
25.49
23.64
21.7
19.8
18.04
16.02
14.17
12.22
10.36
8.07
5.25
2.65
0.22
-2.55
-5
-7.74
-10.31
-12.15
-14.16
-16.03
-17.84
-19.83
-21.68
-23.46
-25.5
-27.3
-29.3
-31.14
-32.91
-34.89
-36.76
-38.67
-40.53
-42.3
-44.35
-46.2
-48.03
-50.04
-51.82
-53.75
-55.69
-57.5
-59.45
-61.35
-63.19
-65.08
-66.99
-68.93
-70.82
-72.56
-72.87
-72.87
-72.75
-72.87
-72.88
-72.85
-72.85
-72.76
-72.86
-72.87
-72.77
-72.79
-71.92
-69.88
-67.92
-65.92
-64.06
-62.19
-60.25
-58.43
-56.52
-54.67
-52.77
-50.89
-49
-47.11
-45.24
-43.38
-41.46
-39.66
-37.71
-35.74
-33.93
-32.1
-30.16
-28.35
-26.45
-24.55
-22.62
-20.8
-18.92
-16.97
-15.03
-13.21
-11.17
-9.07
-6.46
-3.82
-1.29
1.32
4.09
6.55
9.15
11.34
13.18
15.15
16.93
18.84
20.83
22.59
24.49
26.42
28.28
30.23
31.97
33.87
35.84
37.61
39.51
41.39
43.29
45.29
47.02
48.99
