156
68
89
143.89
162.06
130.18
132.07
136.8
133.39
135.66
151.46
135.85
121.95
137.65
144.65
123.27
133.49
143.7
115.42
119.3
136.42
126.3
111.82
130.36
143.52
128.19
130.93
138.5
129.14
125.07
135.1
124.12
122.32
138.31
134.91
126.86
134.43
140.49
126.3
128.66
135.1
120.43
128.66
124.22
112.86
113.05
120.34
123.93
111.54
123.18
124.22
119.2
117.97
119.01
119.11
123.65
122.8
126.96
126.58
127.62
122.99
119.39
118.73
120.34
111.25
107.47
120.15
118.16
117.21
112.3
117.69
120.15
101.42
118.82
825.71
817.29
820.13
1.39
3.55
5.37
3.03
4.51
3.9
3.38
6.85
5.46
-2.17
5.63
-130.18
-126.28
-126.88
-121.25
-119.95
-120.04
-129.74
-115.96
-119.26
-128.79
-132.52
-121.25
-123.07
-122.64
-125.15
-120.12
-132.34
-123.24
-115.01
-121.25
-121.34
-108.25
-118.3
-116.4
-109.64
-108.86
-118.91
-118.04
-104.78
-128.18
-126.62
-116.66
-126.8
-134.86
-127.4
-124.11
-141.1
-132.6
-134.69
-142.23
-129.4
-123.85
-131.91
-131.91
-120.56
-125.41
-132
-124.11
-119
-135.12
-124.28
-121.51
-129.92
-136.33
-105.82
-129.14
-138.93
-124.54
-133.39
-135.99
-140.15
-120.04
-147.77
-151.15
-124.11
-136.59
-138.15
-130
-138.07
-137.63
-125.15
65.23
63.51
61.47
59.73
57.71
55.83
54.08
52.03
50.13
48.36
46.32
44.42
42.57
40.67
38.9
36.89
35.01
33.3
31.25
29.54
27.61
25.66
23.9
21.9
20
18.1
16.24
14.47
12.43
10.6
8.29
5.54
2.92
0.5
-2.31
-4.75
-7.45
-10.08
-11.91
-13.95
-15.84
-17.64
-19.56
-21.42
-23.37
-25.3
-27.1
-29.06
-30.95
-32.73
-34.7
-36.46
-38.45
-40.36
-42.12
-44.13
-46.01
-47.86
-49.8
-51.62
-53.57
-55.48
-57.32
-59.26
-61.14
-63.03
-64.93
-66.76
-68.71
-70.63
-72.39
-72.8
-72.76
-72.71
-72.77
-72.76
-72.78
-72.77
-72.67
-72.78
-72.8
-72.7
-72.73
-71.8
-69.94
-68.02
-65.99
-64.19
-62.27
-60.31
-58.48
-56.54
-54.69
-52.83
-50.88
-49.06
-47.15
-45.22
-43.38
-41.42
-39.6
-37.68
-35.73
-33.93
-32.07
-30.15
-28.32
-26.42
-24.53
-22.63
-20.66
-18.86
-16.93
-15.09
-13.17
-11.16
-9.07
-6.45
-3.74
-1.29
1.4
4.11
6.56
9.34
11.3
13.19
15.22
16.98
18.83
20.89
22.63
24.53
26.45
28.32
30.24
31.99
33.9
35.88
37.68
39.66
41.42
43.34
45.36
47.09
48.98
51.06
52.86
54.7
56.59
58.48
60.54
62.25
64.16
66.22
67.91
69.95
