156
68
89
183.72
193.47
145.41
159.69
162.53
145.6
133.11
172.94
153.54
145.5
165.27
158.37
145.22
153.26
159.03
133.49
134.62
158.18
138.41
130.36
136.23
134.43
126.2
142.47
140.11
130.18
129.14
146.83
152.69
130.18
143.8
154.02
140.68
155.53
161.11
159.12
151.27
166.31
151.37
142.85
169.82
148.25
136.04
170.29
155.06
133.58
143.52
161.77
131.41
134.05
143.23
137.93
132.35
154.68
140.01
142.38
148.43
153.54
142.29
130.84
142.66
128.09
128.28
149.57
142.19
127.24
140.3
140.87
117.31
118.44
138.6
875.09
877.17
874.15
0.43
6.33
7.8
3.73
8.84
-2.69
5.37
6.15
2.86
6.33
5.89
-150.46
-119.69
-139.45
-159.99
-138.5
-138.15
-158.52
-142.4
-126.36
-158.43
-156.35
-135.38
-139.97
-158
-137.72
-142.49
-147.34
-146.39
-134.51
-156.87
-144.31
-132.43
-158.78
-167.19
-135.55
-156.27
-179.67
-155.4
-134.34
-170.57
-153.06
-144.48
-169.44
-171.09
-145.43
-164.15
-152.54
-142.14
-153.93
-157.91
-134.17
-138.15
-155.05
-138.76
-131.91
-151.24
-158.43
-142.31
-147.95
-169.01
-158
-150.89
-166.58
-166.93
-135.12
-153.41
-176.46
-141.62
-146.47
-166.23
-142.05
-132.17
-157.13
-161.55
-136.25
-156.79
-173.25
-144.83
-153.58
-175.59
-156.7
65.38
63.35
61.45
59.71
57.68
55.8
53.92
52.02
50.26
48.21
46.32
44.55
42.55
40.66
38.91
36.89
35.13
33.13
31.23
29.52
27.58
25.64
23.79
21.88
20.11
18.09
16.22
14.46
12.43
10.53
8.19
5.54
2.89
0.3
-2.28
-4.74
-7.45
-10.11
-11.92
-13.96
-15.75
-17.75
-19.61
-21.4
-23.37
-25.34
-27.18
-29.08
-30.91
-32.85
-34.69
-36.47
-38.51
-40.38
-42.2
-44.17
-45.98
-47.91
-49.87
-51.64
-53.6
-55.47
-57.32
-59.29
-61.11
-63.07
-64.93
-66.76
-68.78
-70.64
-72.47
-72.69
-72.6
-72.71
-72.7
-72.59
-72.7
-72.71
-72.7
-72.69
-72.59
-72.7
-72.67
-71.8
-69.97
-68.03
-66.08
-64.19
-62.26
-60.4
-58.5
-56.56
-54.7
-52.84
-50.86
-49.05
-47.1
-45.32
-43.39
-41.41
-39.63
-37.69
-35.77
-33.94
-32.07
-30.24
-28.34
-26.36
-24.55
-22.64
-20.8
-18.86
-16.86
-15.07
-13.22
-11.15
-9.11
-6.46
-3.75
-1.29
1.51
3.93
6.52
9.33
11.27
13.2
15.06
16.95
18.92
20.75
22.6
24.66
26.39
28.32
30.11
31.98
34
35.73
37.67
39.67
41.39
43.38
45.3
47.07
49.12
50.91
52.8
54.86
56.58
58.48
60.31
62.2
64.3
65.99
67.92
69.95
