156
68
89
216.46
200.85
179.37
191.2
191.76
181.07
189.49
188.07
183.06
187.13
181.92
173.22
163.67
149.38
153.73
155.91
152.5
144.08
140.2
161.21
156
138.03
154.39
156.38
150.61
158.56
149.38
148.62
164.9
161.68
160.83
163.85
173.5
178.52
175.02
179.65
181.17
173.98
169.25
159.98
154.49
142.76
161.21
157.71
155.15
161.02
143.7
153.26
153.16
153.73
170.19
159.03
164.33
164.42
162.06
168.49
155.91
153.73
159.12
142.95
149.85
152.79
146.73
146.92
137.84
138.31
138.69
126.3
123.74
128.38
128.19
918.04
896.76
899.12
1.39
3.73
-0.26
1.91
2.69
1.39
4.42
3.73
3.55
-5.29
6.76
-153.32
-138.5
-141.71
-149.42
-145.78
-151.15
-158.43
-146.99
-157.74
-156.35
-148.81
-159.82
-152.54
-152.8
-155.66
-154.36
-159.47
-155.14
-147.51
-161.12
-157.05
-145
-146.3
-158
-158.09
-151.5
-160.43
-159.82
-168.31
-162.59
-157.57
-175.33
-168.75
-170.83
-170.39
-165.45
-169.53
-161.81
-171.17
-162.85
-164.76
-169.09
-149.16
-149.68
-158.95
-157.91
-157.22
-150.55
-161.99
-159.3
-154.88
-154.01
-176.2
-159.21
-160.17
-170.83
-177.93
-160.17
-168.05
-183.65
-169.79
-167.79
-171.95
-178.63
-158.43
-167.45
-183.22
-158.69
-159.3
-183.57
-174.55
65.46
63.39
61.5
59.76
57.76
55.84
54.15
52
50.31
48.24
46.39
44.61
42.61
40.68
38.79
36.97
35.16
33.15
31.27
29.57
27.61
25.68
23.82
21.92
20.15
18.15
16.26
14.48
12.48
10.58
8.4
5.61
3.14
0.44
-2.26
-4.68
-7.45
-10.06
-11.97
-13.9
-15.71
-17.66
-19.56
-21.37
-23.34
-25.27
-27.14
-29.04
-30.83
-32.75
-34.65
-36.44
-38.41
-40.34
-42.1
-44.09
-45.92
-47.88
-49.76
-51.6
-53.56
-55.42
-57.32
-59.25
-61.05
-63.02
-64.9
-66.73
-68.7
-70.57
-72.43
-72.88
-72.81
-72.9
-72.9
-72.81
-72.91
-72.91
-72.9
-72.9
-72.81
-72.89
-72.8
-71.85
-70.02
-67.99
-65.96
-64.15
-62.19
-60.36
-58.48
-56.54
-54.68
-52.78
-50.91
-49.01
-47.07
-45.26
-43.36
-41.38
-39.59
-37.67
-35.79
-33.87
-31.94
-30.17
-28.32
-26.31
-24.5
-22.57
-20.65
-18.83
-16.85
-15.06
-13.14
-11.14
-9.03
-6.38
-3.82
-1.24
1.61
4.01
6.59
9.38
11.31
13.24
15.12
17.02
19
20.78
22.67
24.68
26.45
28.35
30.18
32.02
34.08
35.8
37.7
39.67
41.49
43.37
45.23
47.12
49.18
50.95
52.84
54.85
56.6
58.68
60.37
62.28
64.33
66.04
67.94
69.99
