156
68
89
155.62
156.48
146.73
152.69
164.14
152.5
157.61
174.45
153.92
151.27
157.99
157.8
137.65
178.9
183.63
140.58
143.61
168.21
137.84
124.4
139.92
138.6
125.54
127.72
131.97
124.59
133.11
134.34
127.43
123.84
143.52
136.99
137.74
141.91
150.89
143.14
146.54
151.93
134.24
118.26
136.51
134.05
113.71
134.72
131.5
110.59
124.69
127.91
127.53
125.73
127.24
124.88
128.09
133.96
139.35
134.91
151.37
146.16
136.33
151.18
147.02
135.28
140.87
150.7
138.69
129.99
135.66
142.76
130.74
119.67
137.08
857.5
849.45
841.89
2.95
0.87
4.07
-1.91
2.17
0.69
0
3.64
0.61
-0.69
1.39
-155.31
-136.77
-142.92
-151.85
-141.1
-137.72
-156.35
-159.3
-128.88
-143.53
-155.14
-132.17
-141.01
-141.53
-139.45
-129.4
-145.69
-138.93
-133.04
-141.36
-140.93
-125.76
-131.91
-142.66
-130.09
-129.57
-147.6
-149.07
-131.39
-153.15
-154.45
-133.82
-142.66
-149.68
-142.83
-137.46
-143.27
-137.2
-129.14
-138.93
-139.89
-124.2
-131.13
-137.37
-128.36
-132.17
-135.81
-137.03
-132.6
-142.4
-147.95
-123.68
-145.95
-171.43
-144.74
-160.34
-178.8
-169.01
-144.31
-170.48
-161.9
-124.98
-149.77
-150.37
-134.86
-142.83
-150.46
-139.71
-137.72
-155.23
-138.07
65.04
63.2
61.13
59.42
57.35
55.52
53.79
51.75
49.84
48.1
46.05
44.21
42.44
40.38
38.67
36.69
34.78
33.03
31.19
29.27
27.32
25.55
23.65
21.66
19.88
17.98
15.99
14.22
12.16
10.32
7.99
5.22
2.59
0.15
-2.63
-5.21
-7.67
-10.34
-12.22
-14.08
-16.06
-17.89
-19.75
-21.64
-23.61
-25.45
-27.32
-29.32
-31.1
-32.96
-34.91
-36.72
-38.67
-40.61
-42.37
-44.41
-46.24
-48.08
-50.02
-51.93
-53.72
-55.7
-57.55
-59.46
-61.38
-63.21
-65.11
-67.05
-68.96
-70.78
-72.56
-72.76
-72.67
-72.68
-72.76
-72.66
-72.77
-72.79
-72.7
-72.78
-72.78
-72.68
-72.76
-72.12
-70.16
-68.3
-66.27
-64.34
-62.51
-60.57
-58.68
-56.81
-54.96
-53
-51.12
-49.29
-47.29
-45.46
-43.62
-41.65
-39.84
-37.88
-35.96
-34.15
-32.28
-30.4
-28.54
-26.59
-24.69
-22.84
-20.9
-19.03
-17.2
-15.24
-13.32
-11.5
-9.4
-6.59
-4.07
-1.57
1.21
3.76
6.29
9.01
11.05
12.96
14.96
16.75
18.61
20.63
22.39
24.3
26.29
28.08
30.02
31.87
33.67
35.62
37.54
39.46
41.18
43.21
45.09
46.84
48.93
50.81
52.57
54.63
56.44
58.26
60.23
61.99
63.92
65.92
67.69
69.57
