156
68
89
158.84
164.99
137.93
139.54
144.27
145.88
146.64
164.23
148.53
149.29
156.48
164.8
161.21
157.71
167.36
152.12
147.87
154.39
148.06
128
132.07
142.1
137.18
129.51
135.1
134.05
118.44
136.04
134.15
130.84
138.78
150.42
142.66
143.89
166.69
162.53
157.33
163.29
162.06
152.98
152.98
152.69
138.97
132.16
143.14
132.16
123.27
136.89
132.92
123.55
120.72
124.97
124.03
125.82
137.65
139.16
135.95
139.54
141.53
146.54
148.62
143.7
146.45
149.1
142.57
136.61
122.89
125.82
129.14
121.28
118.35
923.81
923.25
921.92
-1.91
1.04
-0.35
1.56
2.08
0.35
-0.52
2.77
-1.3
-1.39
0
-150.55
-137.11
-142.92
-149.77
-145.69
-137.72
-150.29
-152.19
-136.68
-145.26
-142.05
-128.36
-132.43
-124.63
-128.44
-131.22
-131.48
-126.19
-125.32
-143.7
-142.4
-130.78
-148.38
-151.24
-127.92
-139.71
-165.28
-146.56
-139.8
-165.71
-167.45
-143.01
-158.87
-161.03
-141.45
-140.06
-150.46
-128.88
-137.2
-151.07
-131.91
-117.7
-141.62
-152.63
-126.8
-140.15
-154.27
-141.71
-140.58
-160.77
-166.06
-136.85
-154.01
-175.68
-142.49
-148.73
-166.06
-146.04
-133.47
-146.13
-152.89
-117.96
-142.75
-149.07
-124.37
-136.42
-148.29
-142.75
-133.99
-149.33
-139.11
65.42
63.38
61.48
59.74
57.73
55.99
53.96
52.08
50.32
48.26
46.37
44.6
42.61
40.86
38.84
36.94
35.16
33.16
31.28
29.58
27.62
25.74
23.83
21.93
20.15
18.15
16.26
14.51
12.46
10.7
8.22
5.63
3.14
0.39
-2.24
-4.68
-7.44
-9.93
-11.97
-13.92
-15.71
-17.68
-19.58
-21.39
-23.34
-25.16
-27.16
-29.05
-30.84
-32.79
-34.67
-36.41
-38.43
-40.27
-42.17
-44.1
-45.91
-47.87
-49.79
-51.56
-53.53
-55.45
-57.35
-59.22
-61.04
-63.03
-64.9
-66.7
-68.67
-70.59
-72.45
-72.69
-72.61
-72.65
-72.66
-72.58
-72.7
-72.59
-72.66
-72.66
-72.59
-72.68
-72.6
-71.8
-69.88
-67.95
-66.03
-64.13
-62.19
-60.34
-58.48
-56.59
-54.66
-52.78
-50.91
-49.01
-47.07
-45.25
-43.36
-41.38
-39.59
-37.65
-35.75
-33.92
-32.06
-30.18
-28.32
-26.32
-24.47
-22.49
-20.73
-18.82
-16.83
-15.06
-13.14
-11.11
-9.02
-6.39
-3.83
-1.22
1.58
3.98
6.63
9.39
11.31
13.33
15.16
16.99
19
20.79
22.69
24.69
26.46
28.46
30.15
32.01
34.08
35.8
37.67
39.72
41.48
43.36
45.23
47.13
49.19
50.95
52.85
54.87
56.58
58.54
60.38
62.26
64.36
66.05
67.94
69.94
