155
68
89
156.38
146.83
139.45
144.37
144.27
130.36
152.5
151.37
131.5
135
149.76
135.47
123.65
139.83
132.35
117.21
138.03
145.31
121
122.13
147.77
130.36
127.72
134.62
128.85
128.28
133.68
139.07
132.92
132.26
141.91
135.19
137.74
146.73
138.22
137.55
150.52
140.49
133.3
130.27
127.81
126.96
116.17
129.89
126.01
113.62
132.07
134.91
117.12
126.86
127.72
116.36
127.34
119.77
116.46
113.81
108.7
111.82
112.58
109.65
108.98
101.79
113.71
119.77
111.54
99.62
114.47
113.53
112.86
111.07
111.35
720.6
717.67
719.09
-1.56
2.17
-0.26
-2.25
0.61
-2.25
1.39
-0.26
-1.65
-1.82
-3.73
-132.69
-117.61
-125.5
-128.18
-112.5
-123.76
-138.59
-126.97
-112.84
-142.92
-147.08
-123.85
-133.65
-143.01
-137.29
-134.17
-153.49
-145.52
-130.18
-161.99
-157.65
-131.3
-165.89
-155.49
-117.52
-142.31
-159.99
-135.9
-131.13
-163.37
-168.83
-152.45
-179.93
-194.92
-161.29
-166.75
-178.71
-156.35
-151.5
-181.57
-171.78
-147.51
-164.67
-156.79
-132.17
-147.86
-158.26
-133.3
-144.74
-163.46
-149.25
-133.56
-168.23
-178.54
-129.05
-168.83
-177.07
-159.47
-166.15
-179.15
-164.33
-148.47
-183.05
-172.04
-134.86
-166.67
-159.3
-135.55
-151.85
-159.47
65.3
63.23
61.31
59.39
57.57
55.69
53.83
51.89
50.13
48.07
46.21
44.28
42.42
40.52
38.63
36.73
35.04
33.02
31.13
29.3
27.44
25.53
23.64
21.75
19.96
17.98
16.09
14.19
12.29
10.43
7.99
5.34
2.91
0.19
-2.5
-5.05
-7.62
-10.23
-12.15
-14.06
-15.88
-17.86
-19.75
-21.61
-23.52
-25.45
-27.3
-29.19
-31.03
-32.91
-34.85
-36.66
-38.59
-40.5
-42.33
-44.31
-46.07
-48.05
-49.95
-51.8
-53.72
-55.62
-57.53
-59.4
-61.25
-63.18
-65.07
-66.92
-68.89
-70.76
-72.55
-72.68
-72.64
-72.69
-72.69
-72.63
-72.69
-72.68
-72.7
-72.68
-72.6
-72.69
-72.68
-71.96
-69.86
-67.82
-65.88
-63.99
-62.03
-60.15
-58.3
-56.42
-54.47
-52.59
-50.75
-48.86
-46.88
-45.11
-43.17
-41.26
-39.42
-37.48
-35.6
-33.72
-31.78
-30.03
-28.11
-26.24
-24.32
-22.42
-20.58
-18.68
-16.66
-14.89
-13
-11.04
-8.75
-6.14
-3.67
-0.99
1.79
4.22
6.87
9.49
11.45
13.39
15.28
17.1
19.19
21
22.83
24.76
26.62
28.51
30.34
32.2
34.23
35.91
37.85
39.75
41.63
43.52
45.42
47.29
49.35
51.12
53.03
54.87
56.78
58.74
60.54
62.46
64.53
66.2
68.11
