155
68
89
161.3
174.83
131.69
146.26
157.71
144.74
145.41
167.54
138.88
135.38
152.69
155.25
123.93
148.53
150.33
139.83
138.5
143.14
139.07
126.2
128.95
137.55
140.49
127.62
143.89
151.65
143.52
131.41
138.03
149.19
147.87
142.85
152.88
167.54
143.7
147.3
155.91
149.95
140.49
143.7
136.51
144.37
141.91
140.2
145.69
131.97
146.83
151.65
135.76
145.5
152.79
135.28
150.23
147.11
147.96
137.84
140.3
154.58
138.69
137.65
143.04
142.76
136.61
146.54
141.15
134.15
152.41
132.45
123.36
147.2
137.27
832.14
825.52
827.69
-2.6
0.61
0
-0.26
-1.04
0.69
-1.91
-3.29
1.21
-2.77
-3.73
-147.95
-147.43
-154.97
-146.3
-139.97
-148.64
-146.3
-148.55
-150.89
-140.15
-136.77
-148.12
-147.6
-152.71
-140.84
-155.14
-157.39
-145.09
-143.7
-157.31
-140.84
-148.38
-148.64
-136.07
-138.76
-150.63
-154.88
-149.33
-158.95
-150.37
-146.47
-156.44
-163.11
-160.51
-146.65
-159.91
-164.24
-156.7
-156.53
-161.29
-152.97
-155.4
-155.23
-154.71
-150.81
-153.58
-146.13
-144.48
-146.13
-146.21
-137.11
-153.41
-159.39
-151.07
-151.15
-170.74
-155.4
-147.51
-181.49
-175.68
-150.81
-155.66
-194.57
-166.23
-163.98
-183.31
-207.66
-155.14
-187.03
-207.49
65.29
63.25
61.34
59.45
57.59
55.85
53.81
51.92
50.13
48.08
46.21
44.34
42.41
40.58
38.66
36.72
35.02
33.02
31.15
29.3
27.47
25.56
23.64
21.75
20.01
18.01
16.12
14.2
12.32
10.46
8.01
5.38
2.95
0.2
-2.51
-5.04
-7.63
-10.24
-12.09
-14.05
-15.87
-17.85
-19.7
-21.61
-23.49
-25.44
-27.26
-29.2
-31.01
-32.89
-34.81
-36.68
-38.58
-40.48
-42.33
-44.29
-46.06
-48.03
-49.92
-51.82
-53.66
-55.58
-57.49
-59.39
-61.21
-63.15
-65.06
-66.94
-68.82
-70.74
-72.56
-72.78
-72.69
-72.78
-72.76
-72.78
-72.77
-72.79
-72.77
-72.76
-72.7
-72.78
-72.64
-71.94
-69.82
-67.85
-65.87
-63.93
-61.99
-60.16
-58.3
-56.4
-54.5
-52.6
-50.72
-48.84
-46.88
-45.07
-43.15
-41.28
-39.41
-37.46
-35.6
-33.78
-31.76
-29.99
-28.13
-26.22
-24.27
-22.4
-20.56
-18.65
-16.67
-14.89
-12.94
-11.04
-8.75
-6.08
-3.58
-0.97
1.83
4.23
6.93
9.46
11.51
13.44
15.29
17.2
19.2
20.99
22.83
24.72
26.65
28.53
30.35
32.23
34.23
35.97
37.9
39.72
41.64
43.57
45.41
47.28
49.37
51.12
53.07
54.89
56.8
58.71
60.54
62.36
64.55
66.19
68.13
