155
68
89
158.65
170.48
142.66
147.39
159.98
136.8
152.88
157.99
134.91
139.07
149.19
146.07
125.73
144.74
151.37
120.43
133.77
145.03
127.62
120.15
132.07
125.45
112.77
122.7
132.26
115.42
124.4
144.18
119.96
115.32
144.08
135
123.74
141.81
141.06
129.8
131.88
139.07
130.36
118.44
125.45
124.97
108.98
132.16
113.81
109.74
124.03
119.96
126.68
125.16
112.77
117.4
114.76
109.74
111.07
115.13
123.36
119.67
126.58
123.18
125.16
119.86
121.95
114.85
117.12
127.53
122.8
121.47
119.01
119.58
122.7
796.38
782.28
782.28
-0.43
1.39
-0.35
-0.87
1.73
2.6
3.73
-1.21
0.43
1.91
-2.51
-141.36
-130.09
-132
-131.91
-132.08
-127.84
-127.84
-125.06
-127.4
-129.22
-130.35
-126.97
-128.62
-125.5
-115.44
-116.14
-118.91
-122.55
-117.61
-126.1
-122.55
-116.05
-126.1
-132.43
-119.17
-132.52
-149.07
-123.59
-137.03
-147.95
-148.64
-132.78
-143.27
-141.79
-133.39
-132.86
-137.29
-127.49
-127.58
-140.67
-120.38
-116.83
-138.5
-139.37
-115.01
-142.66
-145.43
-134.69
-142.49
-151.85
-133.04
-146.91
-159.13
-164.5
-136.07
-158.17
-157.83
-143.18
-151.24
-150.2
-148.03
-130.7
-157.39
-157.13
-130.26
-161.9
-160.43
-146.21
-160.51
-155.75
65.38
63.31
61.42
59.52
57.66
55.75
53.87
51.96
50.19
48.18
46.3
44.37
42.52
40.62
38.72
36.82
35.09
33.07
31.2
29.37
27.55
25.63
23.73
21.85
20.08
18.06
16.19
14.29
12.39
10.53
8.16
5.48
3.02
0.28
-2.37
-4.95
-7.49
-10.13
-12.06
-13.98
-15.79
-17.77
-19.64
-21.54
-23.44
-25.36
-27.19
-29.12
-30.92
-32.84
-34.73
-36.58
-38.53
-40.42
-42.26
-44.17
-45.99
-47.97
-49.85
-51.73
-53.62
-55.51
-57.4
-59.34
-61.11
-63.11
-64.94
-66.8
-68.76
-70.71
-72.53
-72.85
-72.77
-72.83
-72.83
-72.82
-72.83
-72.83
-72.83
-72.85
-72.74
-72.83
-72.85
-71.99
-70.08
-68.09
-66.13
-64.2
-62.26
-60.44
-58.54
-56.64
-54.77
-52.85
-50.99
-49.09
-47.13
-45.32
-43.44
-41.52
-39.72
-37.73
-35.83
-33.97
-32.01
-30.27
-28.38
-26.46
-24.57
-22.68
-20.83
-18.89
-16.93
-15.12
-13.23
-11.24
-9.11
-6.49
-3.99
-1.3
1.48
3.9
6.5
9.16
11.21
13.17
15.04
16.89
18.93
20.69
22.57
24.6
26.37
28.26
30.08
31.94
33.97
35.71
37.6
39.5
41.37
43.32
45.16
46.98
49.09
50.87
52.78
54.66
56.5
58.45
60.26
62.17
64.28
65.97
67.86
