155
68
89
196.59
182.02
157.89
175.3
188.17
173.13
172.84
187.6
175.87
166.03
182.87
172.65
141.34
160.83
179.18
147.11
154.49
170
146.45
142
161.77
154.39
143.52
156
160.17
132.26
148.34
168.59
156.38
160.45
182.4
172.37
145.03
177.48
177.1
147.11
168.87
180.69
159.5
153.54
176.53
154.49
137.37
155.44
154.21
137.08
165.18
172.56
151.08
172.37
170.86
164.14
160.07
173.88
168.4
155.25
168.49
162.63
144.56
154.87
156.67
142.47
140.2
154.58
143.14
126.77
138.97
142.38
124.4
131.12
150.8
893.16
880.67
881.43
3.29
4.07
5.29
3.81
3.64
1.82
7.45
3.12
4.25
1.04
4.59
-171
-152.89
-152.28
-163.37
-155.14
-149.85
-166.75
-160.86
-156.7
-168.31
-173.43
-157.65
-157.05
-166.41
-163.11
-160.08
-171.61
-168.31
-158.43
-174.29
-165.28
-156.87
-155.57
-171.61
-150.29
-156.01
-173.77
-158.78
-154.71
-179.67
-182.79
-165.11
-171.09
-175.16
-163.72
-163.37
-178.28
-167.79
-163.63
-176.2
-173.6
-149.59
-167.88
-171.26
-154.1
-157.74
-167.62
-165.97
-160.51
-169.44
-167.53
-166.58
-165.19
-191.28
-157.74
-175.85
-184.26
-170.57
-178.54
-186.6
-176.29
-159.73
-177.76
-177.85
-155.05
-167.79
-166.93
-161.03
-159.04
-175.51
65.44
63.38
61.48
59.59
57.72
55.81
53.95
52.05
50.32
48.24
46.35
44.48
42.57
40.68
38.78
36.92
35.17
33.16
31.24
29.42
27.61
25.68
23.78
21.91
20.09
18.11
16.26
14.49
12.42
10.59
8.19
5.55
3.11
0.35
-2.25
-4.89
-7.45
-10.06
-11.99
-13.93
-15.73
-17.74
-19.62
-21.51
-23.35
-25.3
-27.15
-29.04
-30.86
-32.78
-34.69
-36.53
-38.44
-40.34
-42.22
-44.14
-45.91
-47.9
-49.8
-51.66
-53.53
-55.46
-57.37
-59.22
-61.07
-63.04
-64.87
-66.78
-68.71
-70.61
-72.46
-72.76
-72.64
-72.74
-72.8
-72.79
-72.76
-72.74
-72.77
-72.77
-72.66
-72.75
-72.7
-71.94
-69.99
-68.05
-66.05
-64.2
-62.22
-60.38
-58.47
-56.6
-54.7
-52.81
-50.96
-49.05
-47.07
-45.28
-43.38
-41.48
-39.61
-37.67
-35.8
-33.94
-31.98
-30.21
-28.32
-26.34
-24.51
-22.6
-20.76
-18.84
-16.84
-15.06
-13.17
-11.24
-9.02
-6.42
-3.84
-1.23
1.55
3.96
6.59
9.22
11.3
13.22
15.1
17
19
20.76
22.66
24.56
26.43
28.33
30.15
32
34.04
35.77
37.64
39.65
41.46
43.32
45.2
47.08
49.15
50.95
52.84
54.71
56.57
58.51
60.33
62.28
64.33
66.01
67.94
