155
68
89
152.79
167.92
137.93
146.07
149.76
142.85
141.53
141.34
142.95
134.53
137.93
139.92
140.58
128.09
138.12
126.3
124.31
142.47
130.84
130.27
137.84
149.85
136.89
137.65
147.87
138.78
134.72
147.58
137.08
132.82
143.89
141.81
136.61
140.01
148.06
141.62
139.45
135.19
131.31
129.42
140.2
138.5
132.16
129.23
136.7
126.96
137.65
145.6
125.45
127.24
138.6
130.18
117.12
124.31
127.91
121.09
132.73
138.22
117.88
120.81
129.51
117.69
118.16
128.47
123.46
121.19
122.7
128.19
118.54
115.61
128.95
806.69
800.07
802.15
3.03
2.08
-3.9
1.04
2.77
1.13
1.82
0.26
1.73
-5.29
-3.47
-151.93
-123.16
-127.58
-138.85
-122.2
-120.99
-137.29
-130.18
-109.38
-138.15
-133.73
-120.82
-130.87
-142.4
-124.2
-134.51
-138.24
-133.3
-126.02
-136.33
-141.45
-125.84
-140.84
-143.35
-124.11
-128.62
-140.58
-123.42
-124.37
-151.33
-147.34
-123.07
-133.56
-138.15
-130.96
-130.61
-148.29
-128.1
-130.35
-150.03
-136.77
-119.17
-144.57
-141.01
-128.79
-141.19
-140.49
-138.15
-131.48
-139.71
-139.8
-120.99
-140.32
-139.63
-115.36
-129.05
-136.85
-118.48
-126.71
-141.88
-143.09
-130.35
-142.4
-144.13
-130.09
-132.17
-143.35
-131.13
-134.43
-140.67
65.28
63.23
61.33
59.4
57.57
55.83
53.76
51.86
50.14
48.07
46.32
44.3
42.4
40.68
38.63
36.69
35.01
33.02
31.25
29.29
27.43
25.64
23.63
21.77
19.97
17.95
16.22
14.2
12.3
10.53
7.95
5.32
2.85
0.17
-2.5
-5.11
-7.67
-10.14
-12.13
-14.04
-15.9
-17.87
-19.66
-21.63
-23.49
-25.4
-27.3
-29.21
-30.99
-32.96
-34.85
-36.66
-38.62
-40.45
-42.34
-44.3
-46.07
-48.07
-49.9
-51.81
-53.69
-55.55
-57.51
-59.42
-61.2
-63.15
-65.06
-66.94
-68.87
-70.7
-72.6
-72.79
-72.66
-72.78
-72.68
-72.77
-72.77
-72.66
-72.78
-72.76
-72.7
-72.77
-72.65
-71.92
-69.85
-67.8
-65.89
-63.98
-62.03
-60.21
-58.3
-56.43
-54.5
-52.54
-50.77
-48.83
-46.88
-45.12
-43.11
-41.27
-39.46
-37.43
-35.62
-33.74
-31.81
-30.02
-28.15
-26.24
-24.33
-22.34
-20.56
-18.66
-16.65
-14.92
-12.97
-11.03
-8.76
-6.01
-3.66
-0.99
1.8
4.21
6.88
9.47
11.47
13.5
15.28
17.15
19.18
20.95
22.79
24.72
26.63
28.65
30.31
32.18
34.22
35.94
37.89
39.73
41.6
43.68
45.37
47.32
49.33
51.14
53.16
54.88
56.77
58.84
60.55
62.46
64.53
66.23
68.26
