156
68
89
211.72
226.1
196.02
202.08
194.32
181.74
182.59
206.62
191.95
165.27
185.42
193.47
175.78
170.86
201.22
175.4
168.96
197.82
180.51
156.29
176.82
172.75
162.81
163.29
174.07
159.98
151.75
167.54
162.91
145.31
183.91
184.1
157.14
178.05
196.78
167.45
173.03
194.13
181.83
156.48
194.32
196.3
163.57
171.04
196.87
161.58
161.4
180.22
157.89
150.42
178.42
164.61
153.92
160.17
171.99
142.29
151.18
170.48
161.3
139.35
183.44
175.49
159.03
188.26
198.67
161.11
168.96
177.01
158.46
139.83
168.68
964.4
967.24
959.86
0.87
5.46
7.71
5.37
4.25
5.29
4.51
5.03
1.47
11.7
4.42
-186.77
-159.39
-166.58
-175.07
-159.39
-153.41
-173.34
-159.73
-138.76
-162.16
-159.39
-137.29
-148.21
-158.69
-143.35
-151.15
-165.63
-148.47
-152.37
-169.35
-165.8
-154.88
-171.17
-187.81
-152.45
-167.79
-191.45
-162.59
-158.43
-189.55
-169.61
-155.83
-175.85
-178.37
-156.53
-169.27
-172.91
-150.98
-152.8
-177.33
-152.19
-145.61
-164.15
-161.99
-150.72
-168.57
-174.03
-159.65
-164.15
-188.25
-167.62
-166.41
-193.27
-184.52
-148.64
-179.23
-182.35
-148.81
-165.71
-178.45
-159.39
-161.99
-190.76
-180.45
-164.33
-184.35
-181.49
-181.92
-182.96
-188.33
-176.46
65.31
63.45
61.54
59.79
57.76
55.86
54.15
52.11
50.19
48.29
46.39
44.65
42.61
40.74
38.99
36.91
35.08
33.19
31.3
29.6
27.64
25.73
23.96
21.95
20.19
18.18
16.29
14.53
12.51
10.62
8.41
5.61
3.01
0.38
-2.18
-4.65
-7.38
-10.03
-11.84
-13.87
-15.77
-17.66
-19.52
-21.34
-23.28
-25.22
-27.03
-29.01
-30.82
-32.72
-34.62
-36.41
-38.38
-40.31
-42.07
-44.09
-45.94
-47.83
-49.76
-51.57
-53.5
-55.39
-57.25
-59.21
-61.08
-62.98
-64.85
-66.7
-68.67
-70.54
-72.33
-72.72
-72.7
-72.71
-72.7
-72.59
-72.71
-72.68
-72.59
-72.7
-72.72
-72.69
-72.61
-71.7
-69.89
-67.98
-65.96
-64.12
-62.19
-60.31
-58.43
-56.5
-54.63
-52.74
-50.82
-48.98
-47.08
-45.16
-43.34
-41.35
-39.56
-37.63
-35.66
-33.87
-32
-30.15
-28.26
-26.29
-24.45
-22.55
-20.6
-18.81
-16.88
-15.03
-13.12
-11.09
-8.96
-6.36
-3.65
-1.18
1.52
4.07
6.66
9.4
11.38
13.27
15.24
17.03
18.9
20.83
22.69
24.72
26.48
28.37
30.29
32.07
33.96
35.8
37.72
39.73
41.49
43.39
45.39
47.16
49.06
51
52.89
54.87
56.66
58.54
60.53
62.28
64.35
66.09
67.97
69.99
