155
68
88
143.89
152.03
136.42
135
139.26
130.93
134.05
138.5
132.07
124.97
132.26
135.85
119.3
113.81
137.84
117.78
111.16
126.01
118.16
109.84
119.77
124.78
110.4
116.46
116.46
117.03
117.03
122.99
126.11
121.38
125.07
131.03
122.04
134.34
139.16
130.93
125.82
129.8
126.96
118.16
132.64
125.73
122.8
126.2
123.27
121.66
131.31
128.28
126.3
129.04
129.23
128.66
125.63
125.07
133.58
133.11
142.76
137.08
140.77
143.61
141.53
135.76
132.35
140.2
133.49
143.33
131.5
128.28
129.8
123.74
118.35
785.78
776.51
778.78
-3.29
0.09
0.61
-1.3
2.95
-0.17
-1.82
0.17
-0.43
-3.03
-172.65
-143.79
-141.19
-142.31
-143.09
-146.04
-141.53
-142.92
-142.31
-143.79
-148.03
-139.54
-134.34
-137.55
-135.64
-131.48
-133.3
-140.93
-131.39
-132.95
-139.54
-137.2
-128.1
-143.27
-133.13
-118.82
-137.55
-134.25
-121.16
-127.49
-142.49
-130.52
-128.7
-131.39
-133.65
-124.02
-129.57
-132.6
-120.56
-135.99
-140.15
-122.55
-136.94
-139.63
-126.97
-129.4
-142.31
-136.68
-118.74
-135.9
-133.99
-121.42
-135.12
-140.23
-123.5
-115.1
-137.46
-127.23
-117.26
-134.69
-131.22
-129.31
-129.83
-143.35
-139.02
-133.13
-144.39
-135.81
-129.4
-144.48
-137.46
65.32
63.27
61.36
59.46
57.64
55.76
53.83
51.93
50.18
48.15
46.26
44.35
42.46
40.56
38.71
36.79
35.07
33.07
31.17
29.41
27.5
25.58
23.69
21.81
20
18
16.14
14.27
12.34
10.47
8.04
5.42
2.95
0.27
-2.4
-5
-7.59
-10.19
-12.06
-13.99
-15.85
-17.79
-19.69
-21.58
-23.47
-25.4
-27.23
-29.13
-30.92
-32.89
-34.79
-36.63
-38.54
-40.48
-42.31
-44.24
-46.07
-48
-49.9
-51.75
-53.66
-55.57
-57.42
-59.37
-61.15
-63.13
-65.01
-66.83
-68.8
-70.74
-72.59
-72.97
-72.85
-72.93
-72.96
-72.95
-72.94
-72.94
-72.92
-72.96
-72.98
-72.95
-72.86
-71.76
-69.8
-67.75
-65.85
-63.92
-61.96
-60.15
-58.26
-56.33
-54.45
-52.56
-50.7
-48.79
-46.84
-45.05
-43.12
-41.24
-39.4
-37.42
-35.57
-33.68
-31.77
-29.97
-28.06
-26.09
-24.25
-22.36
-20.57
-18.62
-16.61
-14.86
-12.92
-10.98
-8.71
-6.05
-3.57
-0.92
1.76
4.29
6.9
9.51
11.52
13.45
15.34
17.19
19.24
21
22.9
24.92
26.67
28.57
30.36
32.25
34.27
35.98
37.94
39.77
41.67
43.6
45.43
47.33
49.27
51.18
53.08
54.92
56.81
58.74
60.6
62.5
64.55
66.25
68.19
