155
68
88
150.61
144.37
128.66
145.12
141.34
128
138.22
136.61
142
142.57
137.55
127.81
149.38
143.42
139.35
155.91
149.48
150.7
153.83
160.83
154.96
151.18
158.46
150.23
149.29
147.49
135.38
143.23
145.12
146.73
135.85
140.58
144.46
138.78
146.64
151.46
135.76
141.15
143.99
142
135.85
143.89
143.04
143.33
151.27
147.87
138.31
139.83
147.87
138.12
130.36
133.87
133.96
130.55
142
151.56
127.15
140.3
135.47
128.85
128.95
138.97
138.69
139.07
142.38
144.37
150.23
150.42
141.72
129.8
140.49
881.71
882.19
876.61
2.6
3.64
8.93
3.81
8.41
6.59
4.94
5.63
2.77
2.77
-201.33
-148.99
-143.61
-153.84
-138.33
-132.52
-143.44
-140.67
-133.73
-142.23
-133.73
-130.09
-141.97
-147.43
-129.92
-145.87
-140.15
-136.25
-137.72
-132.43
-136.33
-135.99
-145.35
-145.35
-135.64
-146.13
-139.97
-128.7
-138.93
-145.35
-140.15
-140.67
-145.52
-135.99
-137.89
-147.69
-137.98
-144.31
-145.69
-144.22
-138.41
-150.03
-147.17
-135.73
-141.79
-150.37
-140.75
-142.14
-146.65
-146.99
-144.48
-139.45
-135.99
-140.93
-131.56
-131.48
-120.56
-120.82
-124.72
-118.3
-124.37
-122.55
-123.07
-128.88
-134.6
-114.06
-138.5
-143.96
-105.22
-132.26
-135.47
65.29
63.24
61.36
59.47
57.59
55.72
53.82
51.91
50.17
48.14
46.22
44.34
42.5
40.56
38.66
36.79
35.06
33.03
31.14
29.33
27.47
25.57
23.68
21.77
20
18.01
16.13
14.24
12.35
10.43
8.04
5.39
2.96
0.2
-2.42
-5.01
-7.61
-10.21
-12.12
-14.09
-15.85
-17.82
-19.67
-21.61
-23.46
-25.41
-27.27
-29.16
-30.96
-32.92
-34.79
-36.65
-38.56
-40.46
-42.27
-44.24
-46.03
-47.99
-49.93
-51.79
-53.66
-55.55
-57.45
-59.36
-61.21
-63.15
-65.01
-66.87
-68.8
-70.72
-72.53
-72.86
-72.71
-72.81
-72.8
-72.83
-72.82
-72.84
-72.85
-72.84
-72.74
-72.83
-72.73
-71.85
-69.82
-67.81
-65.87
-64
-62.02
-60.17
-58.34
-56.45
-54.56
-52.68
-50.83
-48.91
-46.98
-45.17
-43.28
-41.33
-39.52
-37.57
-35.7
-33.84
-31.89
-30.15
-28.22
-26.32
-24.42
-22.54
-20.67
-18.76
-16.8
-15
-13.11
-11.19
-8.97
-6.33
-3.77
-1.21
1.64
4.06
6.67
9.3
11.35
13.27
15.14
17.05
19.06
20.86
22.72
24.59
26.52
28.4
30.21
32.06
34.09
35.83
37.73
39.6
41.53
43.43
45.26
47.17
49.24
50.98
52.9
54.85
56.64
58.56
60.4
62.3
64.33
66.06
67.95
