156
68
89
168.87
189.59
170.19
160.35
165.65
166.41
174.45
181.36
175.96
163.1
170.48
174.83
167.83
157.61
174.55
168.77
149.38
162.25
163.67
148.25
158.18
157.89
146.73
145.69
144.74
146.16
126.86
142.19
133.2
133.01
146.64
147.96
140.77
143.33
160.83
143.33
133.2
139.26
145.69
130.93
127.34
133.2
128.38
121.09
130.55
119.67
117.31
132.45
123.36
117.69
125.45
127.72
126.49
122.89
127.91
134.34
130.65
134.62
128.09
126.77
132.54
123.18
128.38
121.76
137.65
132.54
123.55
126.01
134.81
121.57
131.5
950.11
950.3
947.94
2.08
3.64
0.52
1.39
1.3
4.25
1.21
-0.09
2.77
0.87
0.43
-156.53
-140.84
-131.13
-140.06
-139.11
-132.86
-136.42
-131.13
-133.21
-129.74
-141.19
-138.15
-138.93
-141.79
-143.01
-128.27
-142.49
-145.95
-132.95
-136.51
-142.31
-138.67
-132.95
-141.62
-132.95
-118.65
-136.68
-135.55
-128.7
-136.94
-150.89
-143.7
-144.57
-148.38
-151.5
-154.62
-157.83
-153.49
-150.81
-151.67
-160.6
-138.07
-147.6
-159.73
-145.35
-141.97
-153.84
-167.71
-140.84
-150.2
-160.51
-152.02
-154.45
-169.18
-162.16
-154.79
-167.79
-165.45
-154.27
-173.08
-178.02
-155.23
-166.41
-185.82
-170.31
-156.27
-160.95
-165.02
-148.81
-159.3
-139.45
65.4
63.36
61.41
59.66
57.65
55.79
54.06
51.99
50.09
48.2
46.28
44.51
42.55
40.65
38.89
36.84
34.97
33.12
31.22
29.49
27.53
25.63
23.87
21.84
20.07
18.08
16.19
14.43
12.38
10.52
8.29
5.47
2.9
0.31
-2.35
-4.78
-7.49
-10.12
-11.95
-13.99
-15.78
-17.75
-19.64
-21.43
-23.4
-25.3
-27.13
-29.07
-30.92
-32.82
-34.71
-36.53
-38.5
-40.41
-42.17
-44.17
-46.01
-47.93
-49.86
-51.71
-53.6
-55.52
-57.34
-59.29
-61.13
-63.08
-64.96
-66.8
-68.73
-70.66
-72.42
-72.78
-72.79
-72.76
-72.78
-72.66
-72.76
-72.78
-72.66
-72.76
-72.77
-72.77
-72.69
-71.83
-69.98
-68.1
-66.07
-64.17
-62.26
-60.49
-58.54
-56.59
-54.73
-52.88
-50.92
-49.09
-47.18
-45.31
-43.42
-41.44
-39.67
-37.7
-35.77
-33.94
-32.08
-30.29
-28.35
-26.39
-24.56
-22.66
-20.71
-18.87
-16.91
-15.12
-13.23
-11.19
-9.13
-6.45
-3.79
-1.33
1.32
3.95
6.51
9.33
11.23
13.16
15.16
16.92
18.85
20.71
22.59
24.62
26.39
28.27
30.23
31.93
33.98
35.7
37.63
39.63
41.42
43.33
45.29
47.06
48.97
50.98
52.79
54.79
56.54
58.43
60.45
62.21
64.09
65.95
67.89
69.92
