155
68
88
161.21
158.94
141.62
129.8
142.47
131.97
131.03
140.87
140.01
131.69
138.41
143.04
129.8
135.85
146.54
128.28
123.08
137.18
121.95
106.24
122.32
121.47
114.09
120.05
119.67
101.89
115.13
117.31
115.61
112.11
132.54
129.99
119.2
138.41
146.54
132.07
142.95
142.85
132.82
140.2
133.39
134.15
112.96
123.84
126.2
114.09
122.8
132.45
111.63
109.55
122.13
112.01
121.85
126.86
126.77
126.11
133.77
133.49
134.24
129.14
140.49
140.96
119.67
130.93
123.36
111.92
116.84
112.77
109.27
98.29
107.85
745.2
738.39
730.35
-2.51
0.09
3.55
-0.69
1.56
-1.56
3.38
-1.65
-0.43
0.61
-171.52
-138.93
-127.75
-130.18
-146.21
-135.21
-131.13
-149.33
-143.01
-131.04
-139.63
-145.95
-126.02
-131.56
-135.64
-123.16
-120.3
-133.65
-131.74
-115.18
-130.87
-131.91
-120.56
-128.01
-136.25
-125.76
-122.98
-141.71
-131.65
-122.46
-136.42
-147.51
-127.4
-146.82
-150.29
-136.16
-136.07
-139.45
-134.17
-123.85
-138.59
-121.94
-113.45
-126.1
-127.92
-118.56
-130.44
-133.99
-134.86
-133.65
-146.47
-142.83
-128.44
-149.33
-146.99
-135.9
-145.87
-142.57
-124.28
-135.38
-140.23
-129.74
-123.94
-133.56
-125.41
-120.47
-141.62
-132.69
-127.75
-131.82
-140.58
65.31
63.25
61.35
59.41
57.59
55.69
53.79
51.9
50.15
48.08
46.21
44.48
42.44
40.58
38.69
36.75
35.03
33.03
31.14
29.29
27.46
25.57
23.66
21.8
19.88
17.99
16.13
14.24
12.32
10.48
8.06
5.4
2.92
0.18
-2.44
-4.92
-7.6
-10.18
-12.1
-14.08
-15.97
-17.81
-19.73
-21.6
-23.47
-25.46
-27.27
-29.16
-30.99
-32.9
-34.82
-36.57
-38.6
-40.47
-42.31
-44.28
-46.06
-48.02
-49.93
-51.79
-53.69
-55.57
-57.49
-59.38
-61.25
-63.14
-65.04
-66.93
-68.82
-70.73
-72.62
-72.88
-72.77
-72.87
-72.85
-72.8
-72.87
-72.87
-72.84
-72.84
-72.77
-72.87
-72.8
-71.88
-69.83
-67.82
-65.81
-63.96
-62
-60.13
-58.28
-56.33
-54.48
-52.55
-50.72
-48.81
-46.82
-45.08
-43.16
-41.25
-39.39
-37.46
-35.59
-33.69
-31.86
-30
-28.08
-26.21
-24.27
-22.39
-20.54
-18.63
-16.66
-14.84
-12.96
-10.94
-8.71
-6.12
-3.58
-0.95
1.87
4.28
6.86
9.49
11.51
13.41
15.32
17.21
19.19
20.98
22.88
24.86
26.66
28.52
30.34
32.22
34.27
35.94
37.89
39.88
41.66
43.56
45.42
47.32
49.38
51.15
53.06
54.9
56.81
58.7
60.56
62.47
64.51
66.26
68.14
