155
68
89
184.95
204.91
187.79
189.49
180.69
170.67
160.54
181.83
163.85
139.45
151.18
159.31
145.69
145.22
158.18
139.54
146.16
154.87
159.22
143.61
136.33
149.76
142.38
136.23
139.35
147.68
136.23
130.74
133.77
129.7
141.72
142.85
132.26
131.03
142.38
131.97
132.82
126.77
129.51
130.36
138.22
143.33
134.34
131.5
140.01
133.49
135.95
145.97
134.43
137.93
140.68
135.95
133.58
134.72
139.07
124.12
122.8
119.58
108.23
118.63
117.31
108.89
111.35
119.86
122.13
119.3
115.89
123.55
121.38
116.84
125.16
823.34
822.87
811.99
-2.69
-1.04
4.51
-0.09
0.87
2.6
-3.64
0
-0.43
-4.16
0.69
-145
-136.25
-136.42
-136.16
-131.65
-133.3
-134.34
-134.25
-134.51
-139.11
-139.54
-139.11
-148.21
-151.93
-145.17
-161.12
-160.86
-151.93
-164.33
-165.11
-158.09
-154.88
-156.18
-151.33
-147.25
-158.69
-156.61
-147.69
-156.87
-161.55
-148.73
-154.62
-156.53
-163.29
-162.68
-155.57
-154.01
-160.08
-161.64
-158.17
-152.11
-161.03
-158.87
-159.56
-164.41
-157.65
-153.15
-140.58
-159.13
-140.84
-137.37
-157.74
-156.01
-150.29
-144.74
-161.47
-162.51
-149.42
-173.6
-169.01
-151.07
-176.11
-175.16
-163.89
-171.09
-185.65
-183.39
-175.51
-199.34
-162.59
65.1
63.25
61.32
59.41
57.56
55.63
53.76
51.86
50.12
48.08
46.18
44.45
42.42
40.51
38.64
36.76
35
32.99
31.09
29.24
27.44
25.56
23.63
21.74
19.94
17.97
16.09
14.19
12.3
10.44
7.98
5.36
2.85
0.15
-2.5
-4.93
-7.67
-10.24
-12.16
-14.09
-15.88
-17.92
-19.73
-21.64
-23.5
-25.44
-27.33
-29.21
-31.12
-32.95
-34.82
-36.68
-38.61
-40.53
-42.34
-44.31
-46.1
-48.08
-49.96
-51.79
-53.72
-55.62
-57.52
-59.41
-61.28
-63.18
-65.05
-66.89
-68.84
-70.77
-72.59
-72.96
-72.84
-72.95
-72.95
-72.86
-72.93
-72.93
-72.93
-72.93
-72.84
-72.94
-72.86
-71.9
-69.82
-67.84
-65.89
-63.97
-62.03
-60.19
-58.3
-56.36
-54.56
-52.61
-50.72
-48.85
-46.86
-45.11
-43.18
-41.22
-39.45
-37.49
-35.61
-33.76
-31.87
-30.01
-28.14
-26.22
-24.31
-22.42
-20.57
-18.67
-16.66
-14.93
-12.94
-10.94
-8.8
-6.13
-3.64
-1.02
1.81
4.21
6.83
9.61
11.47
13.39
15.28
17.17
19
20.95
22.84
24.73
26.61
28.52
30.32
32.18
34.1
35.96
37.88
39.87
41.63
43.53
45.39
47.28
49.36
51.12
53.01
54.87
56.77
58.66
60.51
62.43
64.34
66.16
68.14
