126
51
76
73.03
82.31
77.2
72.37
84.39
76.91
80.6
84.58
77.29
76.06
78.14
78.62
67.36
92.05
63.86
74.36
75.31
67.64
72.18
77.48
70.86
72.37
83.91
84.67
82.59
95.08
74.45
80.7
69.16
62.44
62.34
65.37
73.13
69.16
60.45
68.3
68.59
66.22
70.86
86.37
71.52
78.71
80.98
77.67
83.35
75.78
75.31
83.54
77.86
71.24
86.94
82.68
71.14
70.2
79.85
68.78
82.4
75.21
72.66
637.73
867.24
868.56
1.21
1.3
0.61
1.82
2.95
3.81
-0.52
0.17
-90.48
-99.32
-95.94
-92.82
-91.87
-96.38
-92.74
-97.5
-90.92
-92.48
-98.37
-86.93
-89.7
-93.34
-102.7
-95.68
-86.67
-91
-91.7
-90.48
-75.06
-83.2
-79.65
-34.75
-86.76
-94.56
-82.34
-86.24
-83.12
-83.9
-96.64
-88.32
-84.94
-92.22
-88.49
-91
-84.76
-84.16
-86.24
-85.54
-83.38
-77.92
-85.02
-83.12
-81.21
-88.06
-77.83
-93.6
-95.42
-85.98
-93.78
-90.22
-90.4
-94.64
-80.95
-79.48
60.11
57.72
55.48
53.05
50.76
48.27
45.97
43.55
41.33
38.85
36.66
34.12
31.95
29.56
27.4
24.89
22.69
20.19
18
15.58
13.26
10.81
8.03
4.62
1.53
-1.94
-5
-8.26
-11.17
-13.58
-15.87
-18.2
-20.54
-22.93
-25.23
-27.66
-29.91
-32.31
-34.66
-36.98
-39.34
-41.7
-43.9
-46.36
-48.68
-51.14
-53.27
-55.86
-57.99
-60.6
-62.79
-65.17
-67.37
-69.93
-72.06
-74.59
-76.73
-79.31
-81.47
-83.43
-83.79
-83.77
-83.79
-83.78
-83.81
-83.79
-83.74
-81.67
-78.77
-76.49
-74.32
-71.72
-69.31
-67.12
-64.71
-62.3
-60.21
-57.73
-55.33
-52.98
-50.66
-48.31
-45.97
-43.62
-41.26
-38.95
-36.51
-34.19
-31.86
-29.61
-27.1
-24.89
-22.49
-20.22
-17.71
-15.59
-12.94
-10.78
-7.61
-4.57
-1.18
1.96
5.28
8.44
11.28
13.57
15.87
18.26
20.65
22.95
25.35
27.84
29.91
32.18
34.67
36.88
39.37
41.66
44.03
46.34
48.85
51.06
53.59
55.83
58.25
60.44
