126
51
76
71.52
78.81
76.54
72.09
84.2
74.55
79.66
84.67
77.76
75.21
106.9
63.2
68.78
74.08
63.01
74.26
71.99
64.71
70.57
76.82
66.6
73.79
83.44
86.09
82.12
72.09
77.76
80.32
64.99
59.22
61.78
64.14
142.29
65.84
59.41
64.71
71.9
65.94
69.91
81.27
74.83
76.72
78.99
79.85
80.32
77.86
78.05
83.06
76.16
71.43
79.94
83.44
68.97
69.91
78.52
68.12
84.95
79.94
70.95
660.62
858.35
858.54
1.82
1.04
1.47
-0.09
1.65
0.61
1.82
1.73
-91.52
-96.38
-100.19
-95.16
-96.9
-91.78
-93.08
-96.55
-91.52
-89.44
-101.92
-90.74
-88.32
-93.34
-87.71
-83.98
-86.58
-87.71
-88.23
-92.74
-76.1
-85.46
-79.39
-86.15
-80.43
-95.6
-88.66
-82.25
-81.12
-86.41
-91.78
-89.62
-86.67
-91.35
-86.06
-86.93
-68.99
-82.16
-81.82
-87.88
-86.5
-79.82
-76.18
-86.58
-81.12
-51.66
-84.42
-94.38
-96.64
-91.61
-86.32
-87.71
-85.98
-92.04
-83.2
-66.04
59.93
57.65
55.32
52.91
50.68
48.14
45.93
43.47
41.19
38.73
36.49
34.03
31.81
29.45
27.23
24.86
22.59
20.08
17.89
15.45
13.17
10.7
7.89
4.45
1.39
-2.02
-5.13
-8.42
-11.25
-13.64
-15.91
-18.32
-20.56
-23.02
-25.27
-27.73
-29.97
-32.39
-34.63
-37.03
-39.33
-41.8
-44.04
-46.47
-48.93
-51.28
-53.38
-55.93
-58.37
-60.64
-62.94
-65.24
-67.7
-70.09
-72.39
-74.67
-77.08
-79.44
-81.77
-83.45
-83.52
-83.52
-83.55
-83.55
-83.54
-83.54
-83.52
-82.13
-78.96
-76.59
-74.25
-72
-69.58
-67.29
-64.77
-62.56
-60.14
-57.93
-55.45
-53.2
-50.79
-48.54
-46.07
-43.85
-41.38
-39.13
-36.64
-34.19
-31.99
-29.6
-27.25
-24.85
-22.58
-20.29
-17.87
-15.52
-13.21
-10.81
-7.73
-4.55
-1.43
2.02
5.09
8.52
11.14
13.6
15.88
18.42
20.59
23.07
25.21
27.79
29.86
32.32
34.54
37.01
39.22
41.69
43.97
46.35
48.71
51.15
53.4
55.83
58.11
60.5
