169
73
97
143.04
156.74
149.1
148.34
149.4
151.06
147.96
157.87
150.46
151.06
158.26
144.02
150.76
147.96
137.37
130.55
149.4
142.89
130.25
143.42
143.04
132.98
136.69
145.46
138.42
142.44
134.11
134.49
142.97
132.22
133.5
137.59
140.92
136.83
138.5
129.12
121.4
129.34
123.22
106.18
126.09
137.74
125.26
123.22
132.52
134.79
123.14
139.86
129.65
141.61
132.67
133.43
140.54
141
133.58
143.95
153.41
133.28
141.38
148.72
150.84
147.89
145.84
146.22
149.25
148.72
150.69
160.22
158.1
141.98
148.94
155.91
146.6
142.89
152.05
141
138.73
808.15
777.58
774.78
-3.4
-1.94
2.15
-2.78
-1.74
0.14
-0.28
-3.12
-0.97
-1.38
0.34
2.08
-2.5
-142.76
-149.28
-154.55
-149.14
-151.22
-152.54
-152.19
-148.24
-156.9
-149.9
-145.26
-157.26
-150.18
-156.56
-149.98
-148.1
-150.04
-148.24
-135.69
-137.42
-139.92
-143.87
-136.52
-152.61
-142.21
-140.34
-140.68
-146.58
-143.94
-144.01
-148.94
-134.58
-139.58
-136.94
-142.76
-137.77
-126.12
-124.11
-143.18
-130.01
-133.26
-139.5
-144.91
-142.97
-144.22
-140.54
-134.3
-139.16
-144.57
-139.37
-138.33
-148.86
-140.75
-141.38
-138.74
-144.7
-153.44
-144.08
-132.98
-148.17
-150.39
-148.31
-150.53
-154.97
-145.33
-151.85
-157.39
-151.43
-142.49
-152.06
-152.06
-149.49
-147.9
-148.45
-154.2
-152.74
67.11
65.41
63.34
61.46
59.52
57.67
55.8
53.92
52.04
50.24
48.23
46.45
44.39
42.59
40.63
38.77
36.85
34.98
33.11
31.23
29.38
27.52
25.62
23.8
21.88
19.97
18.13
16.18
14.4
12.41
10.65
8.1
5.52
2.91
0.22
-2.33
-4.9
-7.49
-9.92
-12.01
-13.96
-15.7
-17.74
-19.54
-21.54
-23.39
-25.22
-27.2
-29.09
-30.99
-32.81
-34.68
-36.58
-38.47
-40.41
-42.28
-44.12
-46.02
-47.92
-49.86
-51.73
-53.58
-55.42
-57.41
-59.28
-61.2
-63.06
-64.89
-66.9
-68.72
-70.66
-72.5
-74.45
-76.28
-78.17
-80.12
-81.95
-83.18
-83.12
-83.2
-83.21
-83.06
-83.23
-83.21
-83.18
-83.21
-83.06
-83.22
-82.89
-81.32
-79.45
-77.37
-75.43
-73.71
-71.73
-69.89
-67.88
-66.02
-64.23
-62.25
-60.41
-58.47
-56.59
-54.7
-52.86
-50.92
-49.05
-47.15
-45.32
-43.34
-41.45
-39.61
-37.73
-35.91
-33.92
-32.09
-30.23
-28.33
-26.44
-24.52
-22.65
-20.77
-18.9
-16.98
-15.03
-13.15
-11.14
-9.05
-6.48
-3.69
-1.22
1.39
3.94
6.58
9.24
11.26
13.16
15.2
16.93
18.9
20.76
22.61
24.67
26.39
28.31
30.24
31.99
33.9
35.78
37.66
39.52
41.43
43.34
45.21
47.13
49.01
50.87
52.81
54.8
56.55
58.42
60.47
62.27
64.11
66.01
67.89
69.88
71.69
73.55
