169
73
97
141
153.79
149.55
145.62
152.35
151.52
151.14
159.84
153.94
157.73
161.06
144.18
151.74
152.66
141.46
132.52
145.77
145.09
129.04
147.06
144.48
133.05
136.98
147.43
144.41
140.09
137.97
135.86
147.66
137.9
136.08
142.74
139.41
141.15
143.34
126.39
120.26
134.18
122.98
110.5
133.66
140.09
128.06
134.72
137.14
136.46
129.12
140.39
141.15
141.53
134.34
129.87
141.75
138.58
133.35
141.98
148.19
140.39
144.94
146.22
147.58
144.94
150.38
146.38
144.86
143.12
152.27
157.42
153.64
145.09
148.79
155.15
141.68
145.99
154.78
144.86
140.77
812.38
771.52
772.42
-2.08
-0.42
-0.28
1.18
-2.01
-2.98
-1.38
-3.19
2.08
-2.08
0.97
-2.29
-3.4
-146.71
-148.24
-152.95
-145.33
-149.98
-151.57
-150.39
-146.99
-153.51
-148.79
-147.54
-155.31
-146.78
-154.48
-146.37
-148.03
-150.32
-140.2
-139.3
-137.08
-148.1
-145.12
-140.2
-157.18
-141.93
-141.86
-142.14
-146.58
-144.01
-144.08
-144.84
-138.67
-141.51
-145.61
-147.34
-142.62
-128.48
-128.82
-145.46
-132.71
-135.48
-138.88
-143.25
-135.14
-142.76
-140.62
-136.31
-142
-146.65
-142.21
-140.68
-144.42
-152.4
-147.9
-140.68
-141.1
-154.41
-146.58
-135.48
-150.81
-146.71
-152.12
-151.7
-157.6
-145.82
-149.56
-161.69
-151.29
-144.84
-155.8
-152.95
-149.14
-153.99
-149.42
-153.51
-143.66
66.93
65.04
63.18
61.48
59.41
57.54
55.79
53.71
51.86
49.92
48.06
46.1
44.27
42.37
40.64
38.55
36.72
34.83
32.96
31.07
29.26
27.39
25.62
23.61
21.66
19.98
17.93
16.07
14.2
12.22
10.51
7.91
5.49
2.89
0.09
-2.58
-5.11
-7.73
-10.12
-12.23
-14.11
-15.94
-17.91
-19.64
-21.68
-23.54
-25.4
-27.38
-29.2
-31.04
-33
-34.84
-36.71
-38.61
-40.58
-42.38
-44.32
-46.13
-48.08
-50
-51.87
-53.71
-55.61
-57.54
-59.43
-61.36
-63.21
-65.13
-67
-68.94
-70.72
-72.68
-74.63
-76.48
-78.4
-80.22
-82.11
-83.32
-83.21
-83.34
-83.34
-83.34
-83.37
-83.32
-83.37
-83.35
-83.36
-83.32
-83.03
-81.5
-79.64
-77.48
-75.61
-73.87
-71.85
-69.99
-68.07
-66.22
-64.3
-62.5
-60.56
-58.67
-56.71
-54.89
-53
-51.02
-49.22
-47.32
-45.51
-43.49
-41.71
-39.75
-37.89
-35.91
-34.17
-32.24
-30.47
-28.46
-26.52
-24.66
-22.8
-20.86
-19.03
-17.15
-15.19
-13.32
-11.25
-9.29
-6.64
-3.97
-1.53
1.14
3.73
6.4
9.16
11.15
13.01
15.04
16.82
18.86
20.57
22.52
24.49
26.29
28.16
29.97
31.84
33.75
35.59
37.55
39.5
41.24
43.16
45.14
46.99
48.8
50.75
52.64
54.66
56.41
58.28
60.2
62.12
63.97
65.88
67.76
69.56
71.55
73.39
