171
74
99
138.73
148.49
152.58
148.87
151.98
154.09
152.81
155.98
151.37
148.49
158.1
156.59
143.57
152.88
150.16
135.7
141.68
140.39
138.05
129.5
150.16
143.34
137.22
140.17
144.63
136.61
136.38
134.94
142.21
142.74
133.43
138.27
136.38
136.61
135.32
131.84
116.18
129.26
129.72
112.46
119.81
126.92
126.46
118.74
126.02
125.71
120.11
118.45
126.17
127.38
125.56
112.54
127.45
138.12
120.18
120.03
143.04
138.27
130.7
134.64
140.62
145.84
142.06
148.72
145.46
147.58
146.38
158.56
156.21
147.28
142.44
148.87
150.01
139.64
146.52
151.9
134.11
145.54
761.38
757.74
759.86
-1.53
-2.7
-0.9
0.21
-1.18
-2.98
-0.83
-4.78
0.62
-1.04
-0.42
-0.62
-3.46
-2.36
-143.25
-147.54
-153.86
-145.82
-156.22
-151.02
-149
-149
-152.54
-150.04
-143.38
-152.47
-146.02
-149.21
-144.91
-146.78
-147.9
-148.66
-136.73
-135.14
-145.05
-135.55
-132.22
-149.7
-139.58
-135.27
-140.34
-144.63
-137.5
-136.1
-142.97
-137.5
-138.12
-134.86
-142
-141.45
-129.8
-125.29
-140.68
-132.02
-133.19
-142.07
-143.04
-134.93
-142.14
-144.5
-132.98
-147.54
-141.66
-138.54
-136.66
-148.17
-150.46
-146.09
-138.6
-141.3
-153.23
-144.36
-134.44
-151.78
-149.21
-150.32
-152.61
-153.16
-146.58
-150.39
-161.14
-148.58
-144.5
-158.22
-149.21
-150.32
-150.6
-146.44
-148.24
-148.45
67.44
65.69
63.7
61.76
59.97
57.97
56.26
54.25
52.31
50.55
48.54
46.74
44.73
42.8
41.1
39.05
37.2
35.45
33.47
31.54
29.71
27.82
26.12
24.05
22.13
20.46
18.38
16.55
14.62
12.71
10.97
8.57
5.98
3.54
0.69
-1.88
-4.56
-7
-9.61
-11.74
-13.65
-15.46
-17.41
-19.2
-21.23
-23.09
-24.92
-26.92
-28.75
-30.59
-32.5
-34.44
-36.2
-38.14
-40.02
-41.92
-43.88
-45.69
-47.62
-49.48
-51.4
-53.25
-55.12
-57.05
-58.99
-60.84
-62.81
-64.68
-66.53
-68.44
-70.26
-72.21
-74.11
-75.96
-77.87
-79.78
-81.66
-83.39
-83.22
-83.36
-83.36
-83.28
-83.35
-83.26
-83.38
-83.33
-83.21
-83.34
-83.32
-83.28
-82.91
-80.97
-79.1
-77.01
-75.24
-73.3
-71.45
-69.57
-67.72
-65.75
-63.87
-61.98
-60.06
-58.16
-56.32
-54.38
-52.52
-50.66
-48.68
-46.85
-44.94
-43.04
-41.2
-39.27
-37.43
-35.56
-33.56
-31.79
-29.88
-27.97
-26.15
-24.21
-22.36
-20.39
-18.54
-16.7
-14.68
-12.84
-10.91
-8.54
-6.02
-3.41
-0.81
1.77
4.55
7.01
9.72
11.64
13.52
15.35
17.29
19.17
21.01
22.93
24.84
26.88
28.65
30.45
32.32
34.23
36.17
37.97
39.8
41.91
43.66
45.65
47.49
49.3
51.33
53.13
55.01
57.05
58.79
60.63
62.58
64.42
66.48
68.18
70.07
72.17
73.86
