169
73
96
137.14
145.16
149.7
143.87
147.89
149.7
151.29
154.85
145.31
154.7
158.02
151.37
148.94
143.34
145.84
137.22
150.3
149.7
132.45
141.75
152.35
140.39
146.82
153.1
148.42
146.22
141.83
140.39
141.83
143.87
136.15
147.06
146.22
142.74
147.58
137.22
128.58
130.86
131.16
107.32
127.07
142.36
127.68
125.26
128.97
137.06
127
137.29
134.18
143.8
134.03
132.82
142.36
150.46
128.82
130.78
150.61
144.55
139.03
148.19
151.37
142.58
148.04
147.13
157.42
147.5
148.94
157.5
158.63
143.8
146.6
150.38
146.07
143.72
151.22
145.16
132.06
376.45
781.06
783.7
3.33
5.13
1.74
4.71
5.41
4.37
4.92
5.06
6.52
1.18
1.04
2.01
-164.81
-136.46
-139.43
-147.96
-139.85
-147.62
-141.66
-141.38
-143.18
-149.83
-139.78
-141.51
-146.58
-149.35
-149.28
-137.14
-139.92
-144.36
-141.24
-127.51
-133.34
-140.26
-130.42
-137.22
-150.11
-140.26
-133.89
-142.49
-134.38
-138.46
-135.83
-137.08
-139.22
-141.93
-135.14
-140.13
-133.34
-126.19
-131.81
-141.1
-134.79
-136.1
-137.7
-144.42
-138.05
-141.17
-141.93
-130.28
-145.54
-149.77
-136.04
-134.3
-144.36
-145.54
-138.81
-135.14
-139.3
-152.89
-129.8
-138.95
-144.22
-139.43
-141.38
-142.76
-144.36
-142.62
-144.57
-147.34
-133.19
-137.91
-147.27
-144.42
-146.78
-142
-136.38
-146.09
-133.96
67.76
65.78
63.84
62
60.02
58.38
56.31
54.42
52.64
50.61
48.74
46.79
44.9
43.21
41.1
39.18
37.39
35.49
33.62
31.71
29.91
28.03
26.17
24.26
22.34
20.49
18.63
16.72
14.86
13
11.01
8.87
6.3
3.64
0.97
-1.68
-4.21
-6.62
-9.41
-11.46
-13.32
-15.33
-17.25
-19.07
-21
-22.8
-24.77
-26.7
-28.51
-30.49
-32.25
-34.16
-36.11
-37.97
-39.9
-41.75
-43.58
-45.58
-47.46
-49.27
-51.26
-53.05
-55.01
-56.84
-58.75
-60.67
-62.58
-64.46
-66.37
-68.2
-70.13
-72.01
-73.87
-75.84
-77.66
-79.57
-81.45
-83.2
-83.15
-83.2
-83.2
-83.18
-83.15
-83.22
-83.18
-83.09
-83.15
-83.16
-82.63
-80.7
-78.97
-76.79
-75.07
-73.12
-71.27
-69.38
-67.45
-65.57
-63.68
-61.76
-59.89
-57.98
-56.11
-54.21
-52.23
-50.48
-48.56
-46.68
-44.83
-42.78
-40.99
-39.13
-37.12
-35.33
-33.41
-31.59
-29.77
-27.73
-25.93
-23.98
-22.06
-20.21
-18.39
-16.49
-14.58
-12.55
-10.71
-8.33
-5.6
-3.17
-0.63
2.01
4.75
7.41
9.94
11.76
13.79
15.56
17.49
19.36
21.23
23.26
25.06
26.92
28.91
30.62
32.53
34.41
36.23
38.3
40.02
41.93
43.81
45.72
47.61
49.46
51.42
53.34
55.18
57.07
59.11
60.81
62.77
64.59
66.54
68.54
70.23
72.17
74.04
