169
73
97
137.37
154.09
159.62
152.96
156.74
154.78
157.65
155.53
155.61
158.02
169.15
151.44
152.27
156.97
148.34
139.03
154.78
148.64
134.79
146.98
157.04
143.95
146.45
152.42
152.58
148.19
146.3
146.75
155.68
153.64
147.58
152.5
149.86
148.94
156.51
142.06
127.38
138.58
146.82
118.14
135.02
144.86
135.62
134.49
135.7
148.19
128.06
139.64
135.47
150.16
143.5
136.15
146.45
156.06
132.37
132.9
156.59
148.87
145.92
150.61
151.14
153.49
150.76
148.72
155.3
156.59
145.01
158.33
157.42
141.83
148.11
150.91
154.24
145.84
152.58
150.46
139.03
625.9
766.3
770.23
1.25
0.07
-1.8
-1.38
0.97
-1.32
-2.91
0.28
-0.55
-0.14
0.76
-3.26
-1.04
-147.9
-141.3
-146.23
-148.94
-144.36
-151.57
-148.73
-141.45
-151.5
-149.83
-144.98
-148.73
-149
-157.46
-148.86
-150.25
-148.86
-150.04
-140.26
-143.11
-146.65
-149.28
-137.01
-151.36
-152.54
-146.44
-150.25
-151.78
-147.75
-153.86
-148.38
-147.48
-148.94
-148.03
-154.27
-149.9
-141.51
-136.18
-152.06
-145.12
-137.29
-150.18
-152.82
-148.94
-154.14
-150.39
-140.26
-145.19
-152.12
-148.45
-145.82
-146.86
-157.18
-153.02
-138.95
-145.33
-149.21
-138.88
-140.47
-148.86
-151.7
-146.37
-153.02
-154.55
-148.24
-147.34
-155.86
-152.12
-141.1
-151.36
-147.9
-145.12
-151.98
-149.07
-150.74
-142.83
66.97
65.11
63.24
61.56
59.42
57.52
55.87
53.82
51.92
50.13
48.11
46.3
44.29
42.42
40.69
38.59
36.73
35.03
33.02
31.25
29.26
27.46
25.66
23.69
21.75
20.03
17.96
16.21
14.25
12.27
10.51
7.94
5.36
2.97
0.12
-2.4
-5.01
-7.66
-10.07
-12.18
-14.08
-15.87
-17.85
-19.63
-21.65
-23.47
-25.32
-27.33
-29.16
-31.02
-32.94
-34.7
-36.68
-38.56
-40.46
-42.39
-44.27
-46.12
-48.1
-49.86
-51.84
-53.69
-55.58
-57.55
-59.38
-61.25
-63.17
-65.03
-66.94
-68.87
-70.66
-72.63
-74.56
-76.38
-78.25
-80.12
-82.06
-83.32
-83.24
-83.31
-83.22
-83.18
-83.31
-83.19
-83.31
-83.29
-83.23
-83.35
-83.05
-81.39
-79.57
-77.38
-75.53
-73.84
-71.83
-69.98
-68.03
-66.14
-64.31
-62.34
-60.5
-58.64
-56.7
-54.83
-52.92
-51
-49.19
-47.22
-45.42
-43.49
-41.57
-39.75
-37.8
-35.86
-34.05
-32.12
-30.38
-28.44
-26.48
-24.61
-22.78
-20.79
-18.93
-17.02
-15.2
-13.3
-11.25
-9.25
-6.56
-3.91
-1.43
1.31
3.78
6.38
9.19
11.15
13.08
14.98
16.86
18.87
20.57
22.55
24.56
26.31
28.19
29.99
31.89
33.92
35.66
37.56
39.4
41.29
43.22
45.2
47.02
49.01
50.76
52.69
54.74
56.45
58.33
60.35
62.16
64.14
65.88
67.8
69.79
71.6
73.43
