169
73
97
145.54
155.22
157.19
150.16
153.94
157.19
155.76
166.5
160.3
158.41
171.12
155.83
156.66
159.46
145.92
140.24
155
152.2
142.06
152.96
153.71
143.12
148.87
162.04
155.83
146.52
146.52
148.49
151.06
148.11
150.76
155.38
154.47
144.18
158.71
142.82
137.29
147.28
138.2
128.97
145.16
153.1
143.65
147.06
146.9
151.06
141.3
148.57
150.84
152.81
149.62
144.02
157.87
148.87
141
150.08
162.79
147.35
151.14
155.76
157.65
150.38
152.66
147.13
148.79
149.86
149.18
161.74
157.73
145.92
146.82
153.49
139.71
147.06
152.96
141.83
144.55
804.66
782.04
779.7
-1.74
0.97
-2.15
-0.42
0.34
0.49
-0.28
-0.07
-2.36
1.66
-2.57
-3.33
-1.8
-144.91
-147.34
-151.5
-143.94
-147.34
-144.7
-143.04
-149
-148.24
-152.26
-137.98
-147.62
-149.56
-152.12
-143.8
-140.34
-152.33
-149.49
-134.72
-141.66
-143.87
-145.88
-136.38
-158.92
-150.04
-145.12
-147.9
-151.98
-143.25
-149.98
-154.48
-143.46
-148.73
-143.32
-151.91
-147.41
-138.46
-133.61
-151.64
-146.44
-137.29
-149.56
-151.08
-141.51
-148.66
-152.4
-140.2
-145.54
-155.03
-145.88
-143.32
-155.1
-152.4
-150.18
-141.51
-145.54
-152.54
-146.92
-142
-153.3
-150.87
-151.85
-150.53
-154.48
-146.99
-150.87
-159.4
-146.86
-147.27
-153.44
-153.02
-144.5
-151.02
-149.62
-151.29
-144.36
66.92
65.06
63.17
61.34
59.39
57.48
55.82
53.71
51.98
50.05
48
46.17
44.22
42.39
40.62
38.58
36.71
34.84
32.92
31.24
29.19
27.39
25.44
23.62
21.68
19.87
17.92
16.02
14.17
12.25
10.45
7.94
5.32
2.65
0.06
-2.56
-5.05
-7.75
-10.13
-12.22
-14.11
-16.04
-17.91
-19.75
-21.65
-23.54
-25.47
-27.36
-29.3
-31.13
-33
-34.82
-36.78
-38.62
-40.51
-42.42
-44.34
-46.23
-48.1
-49.97
-51.88
-53.82
-55.61
-57.54
-59.41
-61.36
-63.23
-65.16
-67.06
-68.9
-70.77
-72.68
-74.61
-76.49
-78.26
-80.24
-82.19
-83.31
-83.25
-83.3
-83.35
-83.19
-83.35
-83.35
-83.34
-83.34
-83.34
-83.32
-83.05
-81.47
-79.67
-77.54
-75.58
-73.85
-71.86
-70.06
-68.06
-66.29
-64.35
-62.48
-60.59
-58.7
-56.7
-54.88
-52.94
-51.08
-49.25
-47.32
-45.52
-43.51
-41.61
-39.81
-37.83
-35.93
-34.12
-32.19
-30.44
-28.46
-26.52
-24.7
-22.77
-20.94
-18.98
-17.17
-15.24
-13.32
-11.33
-9.28
-6.69
-3.94
-1.46
1.12
3.74
6.39
9.08
11.14
12.99
14.92
16.8
18.72
20.57
22.49
24.48
26.25
28.1
30.09
31.81
33.77
35.61
37.49
39.51
41.27
43.16
45.13
46.98
48.95
50.71
52.66
54.62
56.36
58.27
60.33
62.12
63.97
65.84
67.77
69.56
71.52
73.39
