171
74
99
136.83
144.86
150.99
149.47
153.71
153.03
157.87
157.65
150.61
151.74
163.55
154.93
140.92
151.22
145.31
138.35
143.8
143.95
132.52
135.55
147.58
136.38
138.66
144.18
152.66
139.56
139.64
138.27
150.16
145.39
136.46
148.64
139.94
140.77
150.08
140.09
125.56
130.86
135.55
120.79
127.98
142.97
137.29
133.89
138.66
143.19
134.49
141.15
136.08
138.05
142.74
130.02
140.17
150.16
132.3
128.51
150.99
144.26
140.24
142.74
145.62
141.22
150.38
145.92
153.79
148.79
142.97
153.56
154.7
142.74
147.06
149.32
156.06
139.18
152.27
152.73
138.5
144.1
778.18
779.39
777.5
-0.83
0.76
-1.53
-2.98
-0.49
-0.83
-1.04
-4.58
-1.11
-3.88
-3.88
-2.01
0.34
-1.18
-141.93
-151.36
-152.95
-150.39
-146.5
-155.52
-146.92
-147.2
-149.28
-152.54
-141.03
-148.17
-144.5
-150.46
-144.29
-147.34
-149.83
-143.04
-138.54
-139.09
-147.69
-146.58
-134.79
-154.14
-146.16
-141.86
-144.5
-147.41
-144.22
-144.08
-149.21
-141.38
-143.74
-136.8
-150.18
-144.15
-132.43
-128.76
-145.74
-139.02
-137.29
-143.74
-150.94
-146.02
-149.14
-147.96
-135.27
-141.3
-150.94
-145.26
-135.14
-148.86
-149.9
-149.9
-141.45
-144.7
-154.76
-149.35
-143.38
-149
-148.31
-148.58
-148.31
-153.37
-149.42
-148.79
-153.02
-151.5
-139.58
-149.21
-149.14
-148.66
-151.29
-146.5
-151.64
-142
67.37
65.5
63.63
61.9
59.8
57.97
56.19
54.19
52.24
50.39
48.41
46.7
44.66
42.76
41.06
39.01
37.15
35.26
33.38
31.61
29.65
27.76
26.13
24
22.23
20.28
18.32
16.6
14.58
12.66
10.94
8.54
6
3.3
0.62
-1.71
-4.59
-7.13
-9.66
-11.76
-13.65
-15.57
-17.47
-19.25
-21.26
-23.1
-25.07
-26.94
-28.77
-30.65
-32.58
-34.36
-36.3
-38.26
-40.04
-42
-43.91
-45.81
-47.65
-49.46
-51.45
-53.4
-55.17
-57.12
-59.04
-60.9
-62.83
-64.62
-66.58
-68.42
-70.31
-72.24
-74.15
-76.01
-77.91
-79.75
-81.71
-83.29
-83.15
-83.29
-83.28
-83.17
-83.32
-83.18
-83.29
-83.27
-83.19
-83.27
-83.26
-83.28
-82.94
-81.01
-79.17
-77.03
-75.26
-73.37
-71.45
-69.6
-67.71
-65.78
-63.9
-62.03
-60.11
-58.23
-56.3
-54.42
-52.58
-50.65
-48.79
-46.91
-44.94
-43.12
-41.26
-39.32
-37.46
-35.49
-33.65
-31.85
-29.91
-28.05
-26.14
-24.25
-22.41
-20.45
-18.59
-16.76
-14.72
-12.91
-11.01
-8.77
-6.07
-3.34
-0.9
1.65
4.48
6.91
9.51
11.52
13.5
15.42
17.26
19.14
21
22.87
24.79
26.71
28.58
30.49
32.23
34.19
36.13
37.94
39.75
41.74
43.56
45.58
47.37
49.25
51.29
53.06
54.95
56.89
58.72
60.73
62.54
64.35
66.45
68.14
70.05
72.1
73.83
