169
73
97
151.74
155.61
154.85
150.99
158.86
152.66
152.81
167.03
152.58
159.62
165.45
148.72
155.91
158.48
145.54
145.92
159.09
151.37
137.97
157.95
152.73
143.5
142.82
160.07
155.07
155.3
145.46
150.38
152.5
148.57
146.22
156.44
150.61
150.01
148.57
141.15
134.42
137.67
139.71
122
144.33
152.42
141.07
139.49
144.7
150.01
139.41
149.78
150.38
151.29
146.22
144.63
152.35
147.58
142.66
143.34
152.73
143.72
143.57
154.85
149.47
150.46
150.54
149.18
150.84
143.8
148.64
156.9
156.29
144.78
147.13
161.66
139.86
148.64
150.46
147.43
143.27
804.59
771.44
772.42
-1.46
-0.97
-1.59
-0.49
0.42
-1.18
0.62
-1.66
-0.21
-1.38
-3.46
-1.87
-0.97
-143.94
-147.82
-150.6
-146.92
-147.48
-149.7
-149.07
-150.32
-145.46
-153.86
-142.62
-150.25
-143.04
-152.54
-140.68
-147.34
-151.02
-145.33
-140.96
-142.7
-145.88
-142.7
-141.1
-154.06
-147.82
-142.76
-146.44
-149.49
-143.53
-145.33
-155.18
-136.04
-147.2
-150.25
-148.66
-148.58
-135.55
-133.75
-148.58
-142.49
-142.7
-145.26
-149.28
-145.19
-147.96
-150.66
-139.22
-144.5
-150.18
-143.25
-139.37
-149.83
-153.86
-149.83
-142.34
-142.14
-154.48
-145.33
-136.66
-149
-148.52
-143.94
-150.39
-149.98
-144.15
-149.62
-156.9
-143.32
-145.74
-155.94
-153.37
-147.96
-148.94
-151.78
-146.92
-139.92
66.95
65.27
63.17
61.29
59.54
57.51
55.68
53.74
51.8
50.13
48.05
46.16
44.37
42.41
40.45
38.59
36.71
34.97
32.94
31.1
29.37
27.41
25.49
23.57
21.73
19.88
17.96
16.05
14.19
12.2
10.33
7.91
5.28
2.67
0.07
-2.55
-4.95
-7.72
-10.3
-12.19
-14.11
-15.86
-17.91
-19.78
-21.58
-23.62
-25.49
-27.35
-29.23
-31.02
-32.98
-34.85
-36.71
-38.68
-40.55
-42.42
-44.29
-46.16
-48.1
-49.96
-51.86
-53.77
-55.58
-57.54
-59.39
-61.27
-63.26
-65.07
-66.97
-68.84
-70.79
-72.65
-74.58
-76.43
-78.32
-80.24
-82.14
-83.33
-83.37
-83.27
-83.35
-83.25
-83.32
-83.38
-83.32
-83.32
-83.32
-83.36
-83.07
-81.49
-79.66
-77.6
-75.5
-73.84
-71.9
-70.03
-68.1
-66.16
-64.32
-62.48
-60.51
-58.67
-56.77
-54.88
-52.98
-51.16
-49.26
-47.28
-45.38
-43.51
-41.55
-39.86
-37.83
-35.93
-34.09
-32.25
-30.28
-28.45
-26.6
-24.7
-22.8
-20.93
-19
-17.16
-15.27
-13.29
-11.45
-9.25
-6.66
-3.9
-1.49
1.14
3.92
6.39
8.96
11.14
13.02
15.06
16.86
18.66
20.62
22.46
24.39
26.26
28.14
30.13
31.85
33.72
35.75
37.51
39.38
41.25
43.15
45.15
46.92
48.84
50.86
52.67
54.5
56.38
58.3
60.3
62.07
63.97
66
67.78
69.59
71.47
73.44
