169
73
97
134.87
150.54
160.3
148.42
152.5
148.57
161.96
161.06
147.13
156.21
163.25
154.39
154.54
150.84
144.86
134.57
151.9
143.42
136
139.56
145.77
136.3
139.03
148.57
145.84
147.21
138.66
145.62
147.43
144.18
135.62
147.13
141.3
140.77
150.46
134.42
124.2
135.62
132.82
114.13
126.24
144.02
129.57
128.66
137.59
136.23
123.74
130.02
134.34
139.49
137.97
134.49
144.1
147.66
130.94
135.7
146.14
146.07
145.92
154.32
151.9
155.22
152.13
150.54
154.02
152.81
149.7
158.94
157.42
140.54
144.7
155.3
155.22
143.34
152.5
148.94
140.17
526.38
786.66
773.86
-0.62
1.25
-2.29
1.59
0.97
-2.98
1.38
1.04
-3.95
-4.78
0.07
-3.12
-0.28
-147.62
-141.66
-148.45
-148.73
-142.97
-150.94
-152.06
-150.11
-156.42
-150.25
-147.9
-146.99
-143.74
-149.49
-153.02
-149.56
-149.98
-150.66
-139.64
-137.91
-142.97
-147.75
-133.34
-149.28
-149.98
-140.06
-144.29
-146.92
-145.05
-148.17
-144.5
-145.4
-142.28
-142.07
-147.48
-141.72
-134.17
-134.51
-149.07
-144.29
-136.38
-145.82
-147.69
-141.17
-149.21
-146.86
-138.6
-143.25
-149.56
-145.26
-143.53
-148.03
-151.78
-153.58
-141.58
-140.06
-149.07
-155.03
-135.97
-151.7
-150.74
-147.2
-146.16
-151.02
-148.38
-146.09
-157.18
-153.44
-137.98
-153.86
-144.15
-144.36
-149.77
-149.56
-148.86
-144.91
67.07
65.17
63.14
61.45
59.32
57.48
55.73
53.67
51.82
50.02
48.01
46.22
44.26
42.31
40.57
38.49
36.64
34.79
32.88
31.17
29.22
27.33
25.49
23.58
21.58
19.79
17.85
16.17
14.12
12.17
10.42
7.81
5.27
2.8
-0.05
-2.56
-5.16
-7.77
-10.21
-12.27
-14.05
-15.99
-17.99
-19.68
-21.72
-23.61
-25.42
-27.5
-29.28
-31.12
-33.04
-34.87
-36.83
-38.68
-40.58
-42.42
-44.38
-46.27
-48.15
-49.94
-51.99
-53.79
-55.72
-57.58
-59.49
-61.32
-63.27
-65.11
-67.07
-68.96
-70.81
-72.71
-74.59
-76.44
-78.38
-80.23
-82.19
-83.32
-83.16
-83.29
-83.32
-83.2
-83.33
-83.18
-83.34
-83.32
-83.16
-83.32
-83.04
-81.54
-79.64
-77.54
-75.65
-73.91
-71.89
-70.09
-68.15
-66.29
-64.36
-62.53
-60.61
-58.7
-56.78
-54.89
-53.03
-51.09
-49.28
-47.31
-45.49
-43.58
-41.72
-39.84
-37.9
-35.95
-34.16
-32.22
-30.42
-28.53
-26.56
-24.71
-22.75
-20.83
-19.05
-17.23
-15.29
-13.35
-11.32
-9.38
-6.72
-4.09
-1.59
1.17
3.67
6.3
9.13
11.07
13.01
14.98
16.75
18.76
20.51
22.46
24.42
26.18
28.09
30.04
31.79
33.82
35.57
37.49
39.46
41.22
43.13
45.09
46.92
48.78
50.75
52.6
54.64
56.36
58.36
60.27
62.04
64.06
65.84
67.71
69.7
71.5
73.34
