169
73
97
144.41
153.41
152.42
152.05
152.05
147.28
151.59
163.48
149.62
152.73
163.7
146.82
146.67
150.84
140.17
131.23
148.57
139.78
134.87
141.22
141.46
136.08
138.58
148.34
140.02
142.66
133.5
138.5
143.19
138.66
142.21
146.38
141.46
143.42
137.82
126.46
120.18
130.94
124.35
110.19
132.14
146.07
134.11
137.74
138.58
145.31
133.5
142.36
138.73
141.38
140.32
136.98
146.67
141
135.02
141.15
151.44
137.06
143.57
151.98
149.25
146.98
149.86
151.37
147.43
144.86
146.22
158.48
154.47
146.67
147.58
159.16
145.01
147.21
154.02
141.9
142.89
813.14
759.71
758.35
1.8
-3.19
-1.59
-1.18
0.21
-1.87
0.07
-2.91
-3.61
-4.09
-1.25
-2.5
-0.49
-154.76
-147.62
-155.18
-149.35
-154.2
-149.14
-147.82
-146.37
-158.02
-150.81
-142.83
-152.68
-149
-152.54
-150.11
-147.62
-148.45
-144.7
-133.47
-139.58
-144.42
-141.66
-132.3
-151.64
-144.57
-141.72
-144.29
-148.03
-143.46
-146.5
-145.88
-140.75
-141.51
-142.07
-144.84
-139.22
-131.46
-125.64
-142.49
-138.12
-128.97
-141.3
-143.94
-135.69
-142.14
-143.04
-134.1
-144.08
-144.15
-144.57
-140.75
-145.82
-146.16
-144.36
-137.77
-140.82
-152.61
-147.06
-134.1
-149.21
-149.83
-145.19
-151.36
-151.7
-147.62
-146.71
-156.01
-148.52
-147.41
-155.8
-151.36
-145.74
-148.73
-148.79
-149.42
-149.07
67.01
65.36
63.26
61.39
59.44
57.57
55.91
53.8
51.92
50.17
48.14
46.26
44.31
42.42
40.58
38.67
36.81
35.05
33.07
31.15
29.44
27.46
25.53
23.72
21.78
19.88
18.04
16.17
14.35
12.31
10.39
8.04
5.38
3.01
0.13
-2.43
-5.04
-7.61
-10.17
-12.07
-14.01
-15.8
-17.83
-19.72
-21.58
-23.48
-25.26
-27.31
-29.16
-30.97
-32.93
-34.77
-36.68
-38.54
-40.38
-42.33
-44.22
-46.06
-48.05
-49.87
-51.75
-53.65
-55.61
-57.48
-59.33
-61.19
-63.18
-65.03
-66.93
-68.79
-70.72
-72.63
-74.47
-76.35
-78.25
-80.19
-82.03
-83.2
-83.21
-83.18
-83.23
-83.12
-83.2
-83.21
-83.16
-83.21
-83.15
-83.18
-82.96
-81.38
-79.58
-77.39
-75.5
-73.8
-71.88
-69.93
-68.02
-66.16
-64.27
-62.34
-60.44
-58.6
-56.71
-54.86
-52.89
-51.02
-49.16
-47.2
-45.39
-43.46
-41.59
-39.71
-37.74
-35.84
-34.01
-32.09
-30.36
-28.35
-26.55
-24.57
-22.72
-20.77
-18.9
-17.07
-15.16
-13.23
-11.23
-9.19
-6.61
-3.83
-1.34
1.25
3.91
6.44
9.11
11.14
13.12
15.12
16.9
18.82
20.7
22.55
24.59
26.35
28.21
30.2
31.92
33.8
35.67
37.59
39.43
41.36
43.27
45.23
47.01
48.93
50.82
52.75
54.62
56.44
58.4
60.4
62.19
64
66.06
67.84
69.66
71.62
73.5
