169
73
96
135.86
145.09
152.66
145.92
150.3
153.18
153.71
161.06
148.64
151.52
154.93
143.95
149.4
147.5
137.82
129.95
137.37
139.26
131.38
138.66
139.71
133.35
134.64
138.35
141.61
136
130.86
137.59
145.99
141.53
128.28
146.6
137.97
136
139.64
134.42
123.14
131.31
128.97
114.21
128.82
141.98
134.42
129.26
134.11
143.72
130.02
134.79
133.35
138.05
134.87
130.25
134.57
146.07
126.85
131.01
153.71
141.38
140.62
143.5
149.62
142.74
143.8
150.23
149.32
150.76
149.18
157.12
160.68
139.41
143.27
150.23
154.09
140.92
150.61
152.73
135.78
425.79
760.7
749.04
-3.19
-3.05
-2.15
-2.63
-0.07
-2.42
-3.54
1.04
-1.66
-1.46
-0.7
-4.37
-182.22
-147.34
-148.31
-151.78
-135.62
-155.59
-146.65
-147.96
-153.99
-151.02
-147.62
-142.7
-144.98
-149.35
-150.94
-144.91
-145.95
-146.09
-143.18
-131.39
-141.03
-142.83
-129.73
-142.21
-153.37
-146.16
-133.82
-139.3
-143.25
-138.74
-132.92
-142.7
-139.3
-138.67
-132.43
-138.88
-134.38
-125.91
-132.57
-138.33
-130.42
-132.02
-142.28
-140.47
-139.92
-142.55
-135.48
-134.79
-141.93
-139.02
-139.92
-137.7
-143.66
-146.3
-139.78
-134.86
-142.83
-146.86
-134.51
-139.02
-150.46
-142.14
-149.77
-151.36
-150.74
-142.55
-152.95
-153.23
-136.8
-149
-142.76
-149.35
-146.58
-150.81
-146.23
-154.27
-140.96
67.34
65.61
63.59
61.71
59.8
57.96
56.08
54.21
52.36
50.53
48.5
46.55
44.88
42.8
40.95
38.99
37.16
35.43
33.44
31.51
29.74
27.82
25.97
24.11
22.15
20.43
18.34
16.55
14.7
12.72
10.84
8.53
5.96
3.55
0.72
-1.87
-4.37
-7.06
-9.59
-11.74
-13.6
-15.56
-17.43
-19.27
-21.11
-23.08
-24.97
-26.94
-28.75
-30.6
-32.54
-34.33
-36.27
-38.11
-40.12
-41.91
-43.86
-45.69
-47.62
-49.5
-51.32
-53.27
-55.2
-57.06
-58.95
-60.8
-62.73
-64.63
-66.49
-68.44
-70.3
-72.19
-74.1
-75.95
-77.84
-79.7
-81.63
-83.35
-83.33
-83.32
-83.32
-83.23
-83.35
-83.31
-83.36
-83.36
-83.26
-83.3
-82.67
-80.76
-78.95
-76.76
-75.12
-73.2
-71.25
-69.4
-67.45
-65.51
-63.65
-61.8
-59.94
-58.03
-56.15
-54.21
-52.36
-50.38
-48.52
-46.68
-44.86
-42.88
-41.02
-39.09
-37.22
-35.25
-33.44
-31.63
-29.79
-27.81
-25.95
-24.02
-22.16
-20.15
-18.34
-16.55
-14.58
-12.66
-10.63
-8.33
-5.74
-2.98
-0.53
2.01
4.62
7.25
9.96
11.74
13.71
15.68
17.44
19.37
21.22
23.12
25.12
26.92
28.79
30.73
32.49
34.37
36.26
38.18
40.03
41.91
43.85
45.78
47.61
49.46
51.41
53.26
55.17
57.08
58.88
60.95
62.76
64.62
66.56
68.38
70.24
72.23
74.02
