169
73
97
134.42
155.07
151.67
151.29
151.9
152.73
154.47
156.06
150.16
159.84
167.11
152.96
149.55
151.22
149.47
136.15
148.49
146.07
134.94
146.6
149.02
141.61
146.14
148.42
153.94
147.58
148.94
143.12
149.25
147.06
139.86
148.87
144.78
144.7
149.02
137.37
125.56
135.93
142.97
119.5
137.22
150.16
142.74
132.52
137.97
143.5
133.28
142.97
138.12
143.42
140.09
141.9
144.94
157.5
135.55
133.96
154.24
139.26
142.29
148.72
148.11
148.11
149.93
153.18
149.78
149.86
150.3
156.97
154.02
143.87
145.84
157.87
152.81
142.21
147.96
141.75
139.03
422.54
770.01
768.64
-2.5
1.11
1.04
-2.98
-0.55
-2.08
0.14
-2.01
0.34
-0.55
-2.29
-3.4
3.26
-139.92
-140.89
-143.59
-152.33
-143.8
-152.54
-144.91
-146.09
-153.44
-152.68
-143.32
-148.52
-150.94
-150.94
-150.6
-148.52
-144.91
-145.61
-140.47
-137.42
-146.65
-145.12
-132.15
-146.65
-155.24
-149.21
-146.65
-145.95
-142.42
-148.45
-145.88
-145.12
-146.5
-143.38
-145.33
-143.87
-136.25
-132.64
-142.83
-142
-136.04
-143.94
-149.49
-142.7
-149.28
-147.06
-138.39
-140.34
-153.37
-149.07
-147.9
-147.41
-151.7
-147.27
-140.13
-139.85
-151.36
-148.38
-136.52
-148.52
-154.2
-149.42
-148.31
-155.73
-147.06
-148.86
-153.23
-151.7
-145.4
-153.02
-148.58
-146.92
-150.39
-144.78
-149.83
-144.22
67.03
65.13
63.22
61.53
59.39
57.58
55.84
53.88
51.9
50.16
48.08
46.28
44.27
42.45
40.69
38.68
36.78
34.84
33
31.1
29.29
27.4
25.65
23.69
21.76
20
17.96
16.07
14.24
12.3
10.54
7.97
5.35
2.97
0.07
-2.47
-5.07
-7.64
-10.02
-12.16
-14.05
-15.9
-17.88
-19.68
-21.63
-23.52
-25.31
-27.36
-29.18
-31.06
-32.92
-34.74
-36.68
-38.59
-40.44
-42.36
-44.28
-46.13
-48.06
-49.92
-51.84
-53.67
-55.55
-57.48
-59.42
-61.22
-63.22
-65.05
-66.97
-68.87
-70.69
-72.61
-74.56
-76.37
-78.26
-80.19
-82.03
-83.31
-83.24
-83.33
-83.36
-83.18
-83.32
-83.32
-83.33
-83.32
-83.21
-83.32
-83.03
-81.38
-79.57
-77.46
-75.56
-73.73
-71.83
-70
-68.05
-66.14
-64.31
-62.4
-60.5
-58.56
-56.72
-54.84
-52.93
-51
-49.18
-47.28
-45.39
-43.48
-41.54
-39.78
-37.83
-35.84
-34.02
-32.19
-30.3
-28.46
-26.5
-24.59
-22.74
-20.71
-18.96
-17.06
-15.22
-13.28
-11.31
-9.2
-6.59
-3.82
-1.44
1.4
3.78
6.38
9.07
11.13
13.11
15.06
16.87
18.9
20.61
22.55
24.54
26.31
28.22
30.15
31.86
33.79
35.6
37.58
39.5
41.36
43.18
45.07
46.99
48.86
50.76
52.69
54.71
56.48
58.32
60.34
62.13
63.97
65.91
67.72
69.83
71.56
73.45
