169
73
96
139.71
149.02
154.62
149.32
155.38
153.03
155.46
156.21
151.98
153.49
162.65
152.05
148.34
146.14
140.85
135.55
145.31
144.94
130.63
141.9
151.14
139.18
148.49
149.47
146.67
146.75
142.58
145.62
145.54
146.52
138.35
146.3
142.21
139.78
148.79
137.67
125.41
136.08
139.64
117.38
136.54
145.92
141.3
141.68
140.62
140.39
134.57
142.06
135.55
143.8
138.8
134.49
147.58
152.81
133.43
142.74
151.74
142.14
140.39
144.41
145.31
146.14
142.58
150.84
154.78
146.6
148.26
156.9
155.3
139.86
141.75
152.66
150.69
144.33
151.67
149.86
133.2
460.08
767.81
761.68
-1.59
-3.54
-1.11
-0.14
0.55
-0.97
-3.95
-1.94
-2.15
-5.13
-2.01
-1.74
-174.58
-143.8
-150.39
-152.06
-143.46
-147.54
-151.08
-150.46
-152.68
-154.62
-147.48
-147.75
-154.41
-154.82
-155.03
-144.63
-143.04
-151.22
-150.04
-136.46
-144.78
-147.96
-140.68
-140.06
-158.64
-150.74
-141.24
-151.43
-150.74
-146.37
-143.38
-147.62
-141.86
-142.42
-143.66
-152.33
-143.53
-132.3
-140.41
-149.35
-140.06
-141.93
-148.66
-144.7
-148.17
-148.79
-146.5
-144.36
-149.62
-150.81
-148.52
-144.29
-156.07
-155.73
-146.09
-139.64
-148.1
-158.15
-140.96
-147.54
-152.12
-147.62
-152.61
-154.62
-155.59
-147.54
-152.19
-151.43
-146.3
-140.68
-153.58
-152.68
-151.7
-150.32
-145.88
-153.44
-139.22
67.49
65.72
63.67
61.82
60
58.02
56.29
54.26
52.33
50.47
48.57
46.63
44.88
42.87
40.96
39.09
37.19
35.31
33.48
31.55
29.88
27.84
26
24.09
22.19
20.32
18.43
16.55
14.67
12.75
10.9
8.59
5.99
3.42
0.74
-1.81
-4.49
-7.06
-9.57
-11.73
-13.64
-15.53
-17.42
-19.28
-21.11
-23.04
-24.95
-26.88
-28.73
-30.67
-32.49
-34.4
-36.2
-38.08
-40.07
-41.93
-43.82
-45.64
-47.59
-49.48
-51.35
-53.27
-55.17
-57.05
-58.97
-60.82
-62.76
-64.62
-66.51
-68.42
-70.3
-72.17
-74.09
-75.96
-77.84
-79.71
-81.58
-83.32
-83.27
-83.32
-83.27
-83.32
-83.36
-83.32
-83.22
-83.3
-83.28
-83.28
-82.78
-80.94
-79.15
-76.96
-75.19
-73.3
-71.42
-69.52
-67.61
-65.71
-63.84
-61.97
-60.01
-58.13
-56.32
-54.41
-52.48
-50.65
-48.7
-46.85
-44.93
-43.04
-41.2
-39.27
-37.4
-35.44
-33.59
-31.75
-29.81
-27.97
-26.11
-24.2
-22.34
-20.36
-18.53
-16.62
-14.76
-12.82
-10.91
-8.61
-6
-3.32
-0.77
1.87
4.55
7.02
9.7
11.61
13.56
15.5
17.31
19.2
21.16
22.95
24.84
26.77
28.64
30.47
32.39
34.19
36.22
37.97
39.82
41.82
43.64
45.67
47.46
49.32
51.37
53.13
55.15
56.95
58.76
60.66
62.59
64.44
66.52
68.22
70.1
72.01
73.93
