169
73
97
141.07
150.76
150.99
142.66
151.44
153.03
153.18
153.64
147.96
153.26
157.8
147.21
146.6
145.54
149.32
133.81
145.09
137.22
136
133.58
143.12
133.5
134.57
140.77
144.63
143.5
137.9
140.09
146.67
145.01
136.98
146.98
140.85
145.99
143.57
143.87
125.18
130.48
132.22
116.55
127.3
143.12
135.86
130.55
138.2
140.24
133.66
135.25
131.77
135.7
135.62
130.4
138.73
144.55
133.05
127.07
148.49
140.62
140.24
140.32
145.69
144.94
141.75
149.4
150.91
147.58
146.9
156.59
163.4
147.13
143.12
149.18
152.96
140.17
157.8
157.58
138.73
312.27
766.6
763.5
-1.59
-4.02
-4.71
1.18
1.38
-2.57
-2.42
-1.32
-0.07
-4.02
-3.12
-0.97
-1.11
-149.7
-147.13
-152.74
-151.29
-151.29
-150.6
-149.7
-146.86
-152.12
-151.57
-139.92
-152.26
-141.38
-154.34
-146.09
-145.33
-148.03
-141.03
-134.86
-136.66
-141.45
-140.26
-134.72
-149.9
-140.75
-141.17
-140.26
-148.79
-141.45
-142.7
-146.3
-137.14
-141.72
-139.78
-140.68
-137.42
-128.69
-128.14
-138.12
-138.18
-132.09
-138.6
-146.5
-140.82
-140.62
-142.49
-135.42
-137.22
-142.55
-140.06
-130.28
-142
-151.22
-143.46
-136.73
-134.51
-150.11
-143.94
-136.31
-149.83
-145.67
-144.7
-145.95
-152.4
-144.36
-149.7
-156.98
-147.82
-142.62
-155.03
-153.37
-145.61
-148.31
-151.36
-154.55
-149.14
67.46
65.61
63.74
61.97
59.95
58.05
56.34
54.37
52.51
50.45
48.57
46.8
44.78
42.87
41.2
39.09
37.22
35.37
33.46
31.74
29.76
27.97
26.05
24.14
22.33
20.34
18.41
16.77
14.68
12.78
11.06
8.64
6.02
3.39
0.8
-1.59
-4.42
-6.94
-9.49
-11.67
-13.55
-15.49
-17.33
-19.16
-21.12
-22.99
-24.84
-26.85
-28.76
-30.62
-32.43
-34.23
-36.23
-38.05
-39.97
-41.9
-43.75
-45.66
-47.61
-49.36
-51.36
-53.23
-55.1
-57
-58.86
-60.77
-62.71
-64.52
-66.46
-68.39
-70.17
-72.19
-74.03
-75.97
-77.8
-79.62
-81.62
-83.19
-83.07
-83.21
-83.15
-83.19
-83.22
-83.08
-83.22
-83.22
-83.2
-83.15
-82.65
-80.89
-79.1
-76.9
-75.16
-73.27
-71.4
-69.51
-67.59
-65.68
-63.77
-61.9
-60.01
-58.14
-56.19
-54.32
-52.48
-50.57
-48.69
-46.75
-44.93
-43.02
-41.07
-39.22
-37.33
-35.45
-33.61
-31.63
-29.91
-27.96
-25.99
-24.16
-22.26
-20.34
-18.47
-16.5
-14.7
-12.78
-10.85
-8.59
-5.87
-3.37
-0.78
1.99
4.47
7.1
9.85
11.65
13.59
15.42
17.4
19.37
21.1
23.03
25.01
26.85
28.76
30.46
32.42
34.37
36.14
38.03
40.06
41.85
43.81
45.52
47.52
49.49
51.32
53.17
55.27
56.94
58.82
60.72
62.61
64.63
66.39
68.26
70.16
72.05
73.92
