169
73
97
138.8
149.78
153.49
150.23
150.84
152.05
156.51
156.9
148.79
156.14
163.78
150.99
152.2
153.56
145.39
133.58
146.82
143.5
131.38
139.64
145.99
134.26
139.86
144.86
147.66
139.94
142.74
135.02
144.7
145.54
130.4
144.48
138.12
134.42
144.86
135.62
117.62
131.08
135.62
111.02
127.07
139.03
136.46
128.43
134.42
143.19
128.89
135.25
130.25
144.55
135.1
125.86
136.76
142.66
126.24
127.83
150.69
143.04
142.14
141.61
145.84
146.6
140.24
147.13
148.94
148.19
147.81
157.04
159.39
140.17
143.5
153.49
151.67
141.9
149.25
150.16
138.35
417.24
778.71
771.98
-1.87
-1.32
1.74
-0.42
3.88
-2.22
-1.38
1.66
3.26
-3.19
3.05
-3.67
-2.42
-152.19
-145.95
-148.03
-153.16
-145.19
-152.61
-148.31
-150.53
-159.75
-151.78
-145.33
-153.78
-149.9
-152.95
-154.48
-149.28
-146.58
-146.5
-136.87
-137.42
-146.5
-139.58
-133.89
-149.62
-151.29
-143.32
-140.26
-147.82
-143.18
-145.12
-147.34
-143.46
-137.63
-139.58
-147.06
-141.1
-135.06
-129.8
-146.37
-139.09
-136.31
-144.01
-146.16
-142
-149.62
-143.8
-138.33
-146.58
-150.81
-143.04
-140.96
-140.89
-146.71
-149.62
-137.5
-140.62
-147.06
-151.02
-134.1
-146.3
-154.14
-147.27
-147.27
-155.18
-145.33
-148.66
-159.89
-146.71
-140.75
-157.39
-148.86
-146.37
-145.61
-148.52
-155.59
-148.52
66.96
65.25
63.18
61.56
59.4
57.57
55.79
53.82
51.85
50.09
48.07
46.17
44.28
42.42
40.65
38.61
36.72
34.96
33
31.06
29.42
27.37
25.66
23.59
21.65
19.92
17.92
16.2
14.23
12.25
10.51
7.9
5.25
2.94
0.02
-2.51
-5.12
-7.72
-10.12
-12.2
-14.1
-16.01
-17.88
-19.71
-21.68
-23.55
-25.35
-27.39
-29.22
-31.06
-32.94
-34.85
-36.63
-38.61
-40.52
-42.42
-44.32
-46.14
-48.06
-49.97
-51.82
-53.71
-55.61
-57.55
-59.43
-61.2
-63.23
-65.13
-67.02
-68.91
-70.77
-72.57
-74.58
-76.36
-78.31
-80.22
-82.07
-83.34
-83.23
-83.35
-83.34
-83.22
-83.36
-83.36
-83.27
-83.36
-83.23
-83.37
-82.98
-81.38
-79.61
-77.47
-75.63
-73.8
-71.86
-70.02
-68.05
-66.15
-64.31
-62.42
-60.57
-58.65
-56.72
-54.88
-52.96
-51.05
-49.22
-47.32
-45.43
-43.54
-41.63
-39.8
-37.83
-35.9
-34.07
-32.23
-30.39
-28.44
-26.51
-24.64
-22.81
-20.79
-19.03
-17.12
-15.16
-13.31
-11.3
-9.24
-6.66
-3.93
-1.47
1.18
3.91
6.42
9.18
11.13
13.05
15.06
16.79
18.84
20.64
22.49
24.53
26.29
28.19
30.1
31.84
33.79
35.6
37.54
39.49
41.33
43.17
45.14
46.98
48.84
50.77
52.65
54.7
56.46
58.26
60.17
62.15
63.98
66.05
67.78
69.81
71.5
73.45
