169
73
96
142.21
152.58
150.69
151.44
149.86
147.89
153.79
159.84
147.96
154.39
160.6
146.45
146.45
146.98
145.31
133.43
140.39
140.92
132.82
142.51
150.76
136.69
138.5
146.9
148.57
143.19
143.27
144.18
146.67
147.13
135.78
150.54
144.94
140.92
146.45
139.94
124.05
136
138.95
122
132.06
145.99
137.22
134.11
136.46
146.52
130.4
144.02
138.35
145.77
143.5
135.93
149.25
151.06
137.06
143.19
148.72
141.22
144.48
149.47
147.13
144.1
146.67
148.64
150.16
147.43
150.84
155.38
154.62
145.62
149.4
145.84
148.04
144.33
152.66
146.6
136.91
534.25
785.06
773.64
-2.36
1.66
-0.42
-1.87
-2.63
0
-2.84
-2.78
-2.36
-3.33
0.55
-0.62
-118.22
-147.34
-152.12
-152.54
-144.98
-153.1
-148.1
-153.37
-155.03
-154.76
-150.39
-145.54
-152.47
-151.64
-150.11
-146.99
-151.15
-153.78
-151.08
-134.58
-140.54
-145.61
-136.94
-138.46
-157.26
-149
-140.75
-146.16
-150.94
-146.78
-146.65
-147.96
-143.8
-141.03
-143.18
-154.62
-142.42
-133.06
-137.42
-148.58
-140.47
-143.8
-144.63
-145.82
-147.48
-151.64
-146.99
-140.82
-151.29
-155.31
-145.82
-138.88
-154.48
-150.32
-149.21
-139.37
-146.23
-155.86
-139.58
-142.97
-154.62
-149.07
-149.83
-148.73
-149
-145.61
-152.74
-154.62
-141.38
-147.69
-151.57
-154.34
-146.58
-152.54
-148.03
-154.9
-146.44
67.48
65.54
63.7
61.75
59.86
58.02
56.12
54.37
52.37
50.44
48.54
46.6
44.95
42.86
40.97
39.04
37.2
35.34
33.42
31.56
29.88
27.83
26.01
24.1
22.18
20.34
18.44
16.56
14.81
12.74
10.88
8.57
6
3.5
0.73
-1.79
-4.34
-7.01
-9.6
-11.69
-13.58
-15.53
-17.44
-19.25
-21.09
-23.02
-24.98
-26.84
-28.79
-30.71
-32.51
-34.37
-36.15
-38.07
-40.06
-41.91
-43.78
-45.65
-47.59
-49.48
-51.29
-53.27
-55.16
-57.06
-58.95
-60.85
-62.78
-64.61
-66.44
-68.37
-70.31
-72.14
-74.1
-75.94
-77.86
-79.7
-81.59
-83.26
-83.22
-83.27
-83.21
-83.15
-83.24
-83.21
-83.15
-83.25
-83.22
-83.22
-82.69
-80.95
-79.09
-77.02
-75.2
-73.36
-71.47
-69.57
-67.58
-65.78
-63.8
-61.97
-60.03
-58.16
-56.32
-54.32
-52.49
-50.56
-48.7
-46.82
-44.93
-43.03
-41.17
-39.19
-37.36
-35.49
-33.58
-31.81
-29.92
-28.02
-26.08
-24.23
-22.33
-20.36
-18.53
-16.68
-14.67
-12.83
-10.84
-8.46
-5.98
-3.38
-0.82
1.83
4.49
7.11
9.79
11.8
13.55
15.36
17.3
19.22
21.2
23
24.88
26.88
28.67
30.45
32.33
34.18
36.3
37.97
39.87
41.77
43.66
45.54
47.45
49.29
51.4
53.15
55.01
57.06
58.76
60.68
62.55
64.45
66.56
68.24
70.12
72.17
73.9
