170
73
98
147.06
161.51
150.46
156.59
155.91
154.54
153.26
158.63
152.81
172.71
162.11
146.82
151.44
150.46
142.21
146.22
147.66
138.05
136.69
146.3
138.66
138.2
137.9
145.31
140.32
140.85
133.89
139.26
144.55
134.79
141.15
138.35
137.22
139.78
139.34
121.1
126.77
126.24
113.9
118.67
128.66
130.63
122.53
132.6
134.79
124.65
117.69
120.64
127.83
131.99
120.94
135.47
148.26
129.42
130.33
148.11
144.55
133.43
141.15
146.22
151.82
146.22
156.21
153.1
147.5
146.22
152.35
155.15
144.02
147.28
145.84
152.96
136.61
155.91
153.03
141
145.69
779.84
776.9
778.02
-1.53
-1.94
2.57
2.78
1.94
-2.01
-2.36
-1.04
1.18
0
-3.74
-1.74
-0.9
6.1
-149.28
-148.94
-148.66
-145.54
-151.91
-146.58
-146.92
-147.41
-149.14
-153.72
-147.34
-151.98
-152.95
-153.1
-140.62
-146.5
-152.19
-144.91
-139.99
-140.68
-144.7
-139.02
-138.6
-155.59
-141.45
-140.96
-140.68
-141.79
-135
-137.29
-144.42
-140.34
-138.74
-133.13
-146.78
-140.68
-129.1
-131.6
-146.09
-133.47
-135.14
-137.91
-142.42
-142.55
-141.24
-146.44
-131.18
-143.11
-148.24
-144.22
-141.17
-151.29
-151.5
-151.22
-137.22
-143.38
-154.62
-144.36
-144.91
-152.54
-147.48
-149.42
-151.22
-149.7
-144.36
-151.98
-155.94
-145.26
-143.18
-154.97
-151.57
-147.2
-147.82
-148.45
-152.54
-139.16
65.77
64.08
61.99
60.14
58.4
56.41
54.49
52.74
50.72
48.91
46.84
45
43.27
41.28
39.29
37.53
35.55
33.81
31.84
29.94
28.23
26.27
24.3
22.43
20.53
18.82
16.82
14.92
13.08
11.08
8.91
6.49
3.62
1.36
-1.54
-4.14
-6.49
-9.31
-11.47
-13.39
-15.29
-17.04
-19.03
-20.95
-22.74
-24.72
-26.56
-28.47
-30.39
-32.2
-34.12
-36.03
-37.82
-39.84
-41.56
-43.51
-45.44
-47.3
-49.25
-51.11
-52.95
-54.91
-56.79
-58.63
-60.63
-62.45
-64.4
-66.28
-68.12
-70.07
-71.96
-73.73
-75.77
-77.57
-79.43
-81.41
-83.21
-83.35
-83.32
-83.31
-83.33
-83.18
-83.31
-83.33
-83.18
-83.35
-83.32
-83.2
-83.3
-82.6
-80.72
-78.83
-76.74
-74.99
-73.08
-71.15
-69.29
-67.34
-65.51
-63.59
-61.7
-59.9
-57.88
-56.02
-54.12
-52.27
-50.33
-48.51
-46.54
-44.73
-42.8
-40.92
-39.04
-37.05
-35.25
-33.37
-31.47
-29.6
-27.77
-25.75
-23.96
-22.07
-20.16
-18.28
-16.32
-14.52
-12.47
-10.52
-8.26
-5.64
-3.08
-0.5
2.31
4.74
7.41
9.92
11.81
13.86
15.63
17.55
19.54
21.31
23.26
25.23
26.97
28.98
30.66
32.6
34.56
36.37
38.17
40.23
42.06
43.98
45.77
47.67
49.75
51.49
53.35
55.35
57.14
59.15
60.92
62.8
64.87
66.58
68.45
70.5
72.27
74.27
