169
73
97
131.16
144.33
153.86
148.64
153.41
149.55
154.39
157.58
146.52
151.52
164.08
145.84
151.06
146.98
145.01
138.88
146.45
146.67
131.54
144.33
154.09
140.09
146.07
150.91
152.35
140.92
146.75
141.9
153.18
150.38
139.71
149.1
146.6
143.57
149.47
137.9
125.86
136.76
143.5
119.88
135.25
149.55
136.98
136.23
142.82
148.34
136.38
145.31
134.34
149.18
144.1
132.45
141.07
152.42
134.18
139.1
157.8
140.47
142.58
142.51
151.37
147.5
145.99
147.81
148.42
149.7
150.84
161.51
154.93
137.52
143.57
147.28
145.99
147.28
146.67
151.14
133.96
350.18
773.1
771.9
3.46
2.15
6.94
5.96
5.27
3.46
2.15
3.67
2.29
1.59
3.88
4.3
0.34
-137.42
-133.13
-139.99
-140.75
-138.05
-142.7
-144.22
-138.74
-149.49
-144.78
-134.44
-142.76
-139.99
-146.09
-142.49
-142.07
-143.74
-141.38
-132.15
-134.44
-141.45
-139.85
-129.03
-143.32
-147.48
-139.78
-136.66
-141.72
-142.97
-142.7
-140.62
-141.1
-143.53
-142.83
-147.27
-143.8
-135.69
-129.94
-147.75
-139.78
-127.86
-139.3
-141.86
-139.64
-151.57
-144.29
-137.63
-138.18
-148.03
-142.76
-145.61
-141.86
-155.45
-146.44
-139.78
-131.6
-146.23
-146.3
-128.69
-141.38
-145.26
-140.41
-143.18
-150.11
-141.1
-141.58
-150.46
-143.11
-137.5
-149.77
-140.13
-137.29
-144.42
-145.33
-140.26
-142.76
67.14
65.44
63.37
61.52
59.79
57.72
55.81
54.21
52.04
50.31
48.21
46.37
44.55
42.57
40.69
38.92
36.91
35.16
33.12
31.3
29.55
27.55
25.73
23.92
21.92
19.98
18.18
16.24
14.48
12.43
10.53
8.36
5.53
2.97
0.39
-2.26
-4.74
-7.34
-9.97
-11.97
-13.96
-15.84
-17.67
-19.58
-21.37
-23.36
-25.26
-27.06
-29.07
-30.93
-32.8
-34.67
-36.42
-38.44
-40.34
-42.15
-44.13
-46.02
-47.91
-49.76
-51.6
-53.54
-55.44
-57.34
-59.28
-61.11
-63.09
-64.91
-66.79
-68.67
-70.62
-72.43
-74.37
-76.29
-78.13
-79.99
-81.92
-83.16
-83.18
-83.2
-83.16
-83.09
-83.18
-83.19
-83.08
-83.2
-83.18
-83.1
-82.92
-81.24
-79.41
-77.33
-75.4
-73.66
-71.75
-69.75
-67.91
-66.01
-64.16
-62.29
-60.28
-58.48
-56.6
-54.62
-52.79
-50.87
-48.98
-47.13
-45.2
-43.34
-41.43
-39.55
-37.61
-35.79
-33.92
-32.03
-30.24
-28.28
-26.4
-24.47
-22.57
-20.7
-18.82
-16.93
-14.98
-13.09
-11.21
-8.83
-6.37
-3.81
-1.22
1.38
4.12
6.69
9.21
11.47
13.22
15.12
17.04
18.84
20.92
22.67
24.66
26.6
28.34
30.19
32.04
33.9
35.96
37.7
39.58
41.64
43.36
45.34
47.14
49.05
51.06
52.84
54.78
56.61
58.5
60.37
62.26
64.18
66.21
67.9
69.82
71.66
73.63
