170
74
98
140.47
147.13
151.37
147.43
147.58
147.06
158.94
146.6
151.29
146.82
154.17
146.82
141.22
142.66
139.41
129.57
134.03
133.96
125.18
130.63
142.89
128.97
129.95
137.82
140.92
134.26
128.28
131.54
140.47
138.12
128.82
140.62
141.61
134.57
142.36
137.22
119.96
129.87
134.94
120.34
122.76
136.69
136.54
124.27
138.5
136.08
135.25
131.92
132.6
133.35
134.49
125.41
131.08
148.64
127.45
124.73
149.1
142.66
136.08
144.1
145.77
146.14
143.57
149.7
148.57
145.99
144.78
157.04
161.28
142.82
142.51
145.92
155.3
140.77
150.99
153.26
142.29
152.35
718.69
720.81
717.7
-3.33
-1.87
0.9
-0.9
-0.55
1.18
0.14
-1.11
-3.67
-1.66
2.63
1.11
-3.46
-158.22
-141.17
-144.98
-147.62
-142.55
-153.78
-149.83
-148.94
-157.18
-151.15
-139.37
-141.51
-147.69
-148.66
-150.04
-145.61
-142.76
-143.32
-136.87
-132.22
-141.79
-135.48
-133.34
-141.45
-150.04
-136.59
-138.74
-142.55
-138.26
-142.14
-136.66
-135.06
-139.64
-138.39
-137.84
-139.58
-134.02
-124.6
-132.15
-130.7
-125.64
-136.59
-138.39
-139.02
-141.66
-142.76
-126.68
-125.7
-140.89
-132.85
-133.06
-129.1
-140.68
-140.82
-130.56
-132.85
-136.66
-133.26
-124.53
-134.65
-137.29
-138.26
-142.83
-146.3
-137.7
-142.55
-154.34
-146.99
-134.58
-150.74
-145.67
-141.38
-147.06
-145.74
-147.82
-149.83
67.88
66.04
64.13
62.19
60.33
58.43
56.53
54.82
52.82
50.92
48.99
47.03
45.14
43.3
41.46
39.62
37.61
35.77
33.85
32.02
30.13
28.32
26.4
24.67
22.63
20.77
18.85
16.97
15.11
13.21
11.26
9.33
6.58
4.1
1.54
-1.3
-3.85
-6.4
-8.96
-11.15
-13.2
-15.11
-16.85
-18.85
-20.66
-22.65
-24.52
-26.3
-28.35
-30.22
-32
-33.92
-35.79
-37.69
-39.65
-41.5
-43.37
-45.27
-47.22
-48.99
-50.93
-52.87
-54.72
-56.55
-58.49
-60.44
-62.34
-64.14
-66.1
-67.96
-69.84
-71.71
-73.63
-75.58
-77.36
-79.22
-81.24
-83.1
-83.28
-83.15
-83.32
-83.27
-83.28
-83.28
-83.28
-83.23
-83.29
-83.24
-83.28
-83.22
-82.43
-80.33
-78.21
-76.21
-74.53
-72.54
-70.68
-68.77
-66.87
-64.99
-63.04
-61.19
-59.32
-57.43
-55.54
-53.58
-51.77
-49.82
-47.94
-46.09
-44.17
-42.21
-40.4
-38.48
-36.64
-34.69
-32.75
-31.03
-29.1
-27.25
-25.32
-23.41
-21.49
-19.64
-17.77
-15.87
-14
-11.95
-10.09
-7.48
-4.75
-2.36
0.28
2.88
5.53
8.26
10.46
12.4
14.4
16.19
18.09
19.93
21.87
23.86
25.66
27.71
29.36
31.2
33.12
34.99
36.91
38.73
40.62
42.56
44.4
46.3
48.17
50.1
52.07
54.04
55.75
57.69
59.49
61.49
63.3
65.28
67.11
68.95
70.88
72.8
