169
73
97
139.34
151.44
156.44
150.23
159.46
154.62
155.38
158.02
155.76
156.97
160.14
154.17
150.69
149.47
151.29
138.05
147.89
148.94
134.03
146.52
148.79
139.49
140.62
152.27
149.86
145.39
143.8
143.8
149.62
143.5
138.88
148.49
142.29
142.21
147.58
135.25
121.62
133.89
131.69
112.39
126.24
137.52
133.74
131.01
135.17
141.38
131.08
133.35
133.05
140.54
142.21
132.9
144.7
148.72
130.63
134.57
149.32
143.04
136.83
144.63
151.59
148.87
153.71
147.06
152.73
148.11
148.87
155.83
158.56
146.22
143.72
151.82
144.78
136.69
151.59
147.13
137.06
417.85
785.9
783.48
0.76
-1.94
-2.57
-2.36
0.21
-3.12
0.76
-0.9
0.28
-0.97
-2.42
1.18
-0.14
-149.07
-141.58
-141.79
-146.86
-145.46
-149.35
-143.11
-147.62
-149.28
-150.94
-140.47
-151.08
-144.98
-151.08
-151.43
-147.9
-149.07
-147.27
-136.94
-136.25
-147.54
-146.09
-134.23
-140.54
-150.11
-139.85
-140.41
-145.46
-140.13
-144.42
-143.18
-143.8
-145.4
-143.74
-149.98
-143.8
-132.09
-130.49
-143.59
-144.63
-133.34
-141.3
-147.13
-143.87
-148.58
-144.84
-140.13
-151.22
-145.4
-147.2
-144.98
-144.57
-155.18
-153.44
-139.85
-135.34
-151.85
-150.04
-136.31
-148.86
-155.8
-150.53
-150.32
-153.1
-146.16
-145.82
-152.95
-149.56
-139.3
-154.06
-145.33
-144.91
-150.53
-150.39
-150.32
-146.71
67
65.11
63.29
61.53
59.42
57.59
55.82
53.84
51.86
50.2
48.05
46.32
44.33
42.41
40.68
38.66
36.88
35.07
32.99
31.24
29.33
27.4
25.71
23.62
21.76
19.85
17.99
16.22
14.24
12.28
10.54
8.02
5.39
2.74
0.16
-2.32
-5.06
-7.56
-10.11
-12.13
-14.01
-15.94
-17.83
-19.6
-21.63
-23.45
-25.32
-27.33
-29.09
-31.05
-32.88
-34.82
-36.65
-38.61
-40.44
-42.37
-44.26
-46.18
-48.03
-49.88
-51.77
-53.71
-55.6
-57.48
-59.41
-61.24
-63.18
-64.98
-66.98
-68.85
-70.67
-72.61
-74.53
-76.4
-78.28
-80.09
-82.09
-83.36
-83.21
-83.34
-83.28
-83.32
-83.28
-83.25
-83.28
-83.32
-83.23
-83.32
-82.94
-81.38
-79.49
-77.44
-75.6
-73.78
-71.86
-69.94
-68.05
-66.18
-64.28
-62.36
-60.51
-58.62
-56.68
-54.78
-52.88
-51.07
-49.15
-47.24
-45.4
-43.47
-41.49
-39.74
-37.81
-35.93
-34.07
-32.11
-30.35
-28.39
-26.41
-24.62
-22.74
-20.83
-18.97
-16.98
-15.19
-13.23
-11.28
-9.22
-6.59
-3.99
-1.42
1.37
3.81
6.49
9.19
11.16
13.11
14.97
16.92
18.86
20.7
22.56
24.55
26.34
28.31
30.02
31.94
33.91
35.69
37.57
39.53
41.35
43.18
45.24
47
48.99
50.82
52.7
54.75
56.44
58.45
60.27
62.1
64.18
65.94
67.8
69.85
71.55
73.49
