169
73
97
138.66
149.4
160.82
151.14
150.08
152.35
155.61
156.59
147.28
159.09
163.55
151.59
150.61
154.32
148.42
138.58
150.54
148.94
134.87
148.11
150.61
145.39
147.43
149.93
152.05
153.1
148.49
148.94
153.41
148.34
140.32
153.18
144.78
150.76
153.49
141.53
130.33
141.9
136.3
122.83
138.73
155.07
141.22
138.12
147.96
147.89
138.2
141.61
138.12
147.28
141.98
134.49
146.38
152.58
134.57
136.76
154.62
147.74
140.54
144.78
150.16
148.04
147.81
152.81
156.74
153.79
150.61
161.13
156.14
140.47
144.78
150.99
150.23
139.18
152.42
150.61
140.54
337.47
770.69
775.68
-2.15
-1.11
-1.18
0.07
-1.94
-4.23
0.9
-0.83
-3.05
-3.26
0.97
0.9
0.07
-143.94
-138.26
-143.87
-148.58
-141.51
-143.32
-150.6
-149.07
-152.19
-146.16
-138.05
-152.68
-147.75
-152.06
-146.92
-148.1
-153.02
-151.22
-140.54
-137.98
-148.79
-146.65
-138.54
-149.98
-156.07
-143.18
-141.38
-149.56
-144.08
-150.66
-149.35
-143.59
-148.17
-144.36
-153.78
-145.12
-139.78
-136.25
-151.5
-148.66
-131.26
-147.34
-150.94
-145.74
-153.02
-151.98
-137.42
-142.62
-156.14
-147.41
-146.78
-148.31
-157.94
-148.86
-142.62
-143.8
-153.16
-155.1
-139.09
-151.5
-154.06
-146.44
-152.68
-152.95
-144.29
-147.13
-161.21
-148.38
-136.94
-153.65
-149.49
-143.59
-146.71
-148.03
-152.47
-145.74
67.04
65.16
63.29
61.4
59.52
57.63
55.88
53.9
51.94
50.24
48.13
46.22
44.32
42.47
40.74
38.68
36.81
35.08
33.01
31.18
29.33
27.43
25.76
23.69
21.82
20.02
18.05
16.29
14.27
12.33
10.53
8.07
5.63
2.97
0.27
-2.38
-5.01
-7.51
-10.06
-12.05
-14.03
-15.83
-17.81
-19.58
-21.61
-23.48
-25.26
-27.25
-29.14
-30.95
-32.87
-34.68
-36.6
-38.56
-40.36
-42.35
-44.26
-46.07
-48
-49.87
-51.79
-53.66
-55.47
-57.47
-59.4
-61.22
-63.14
-65
-66.95
-68.77
-70.66
-72.58
-74.48
-76.39
-78.19
-80.11
-82.03
-83.28
-83.22
-83.35
-83.32
-83.24
-83.28
-83.32
-83.27
-83.32
-83.25
-83.32
-83.03
-81.35
-79.46
-77.4
-75.46
-73.76
-71.82
-69.93
-68
-66.1
-64.26
-62.38
-60.4
-58.6
-56.65
-54.79
-52.87
-50.97
-49.13
-47.18
-45.34
-43.47
-41.47
-39.71
-37.72
-35.83
-34.02
-32.1
-30.31
-28.4
-26.47
-24.59
-22.69
-20.73
-18.93
-16.96
-15.19
-13.19
-11.25
-9.08
-6.55
-3.79
-1.31
1.22
3.87
6.46
9.25
11.23
13.13
15.14
16.97
18.76
20.69
22.57
24.64
26.36
28.22
30.08
31.95
33.82
35.7
37.6
39.61
41.39
43.24
45.27
47.04
48.91
50.83
52.73
54.79
56.49
58.4
60.42
62.15
64.1
66.1
67.85
69.89
71.62
73.53
