155
68
89
151.56
145.22
135.76
142.19
142.19
129.8
129.7
134.62
135.28
145.22
131.03
119.77
132.45
131.12
136.14
142.19
143.61
144.93
141.62
147.68
143.7
139.92
143.42
141.15
134.91
133.39
131.59
140.3
132.54
136.8
134.62
137.74
147.49
144.56
146.73
157.52
144.27
140.3
135.47
134.24
130.36
123.93
134.43
120.72
125.16
135.19
117.5
128.38
133.01
132.45
117.97
126.77
127.24
124.31
137.08
143.42
126.58
125.07
134.62
120.15
119.3
135.28
130.65
130.18
134.81
138.88
129.32
135.57
125.07
111.92
118.44
772.54
776.04
770.08
10.23
9.88
8.15
9.45
11.01
8.32
7.89
11.53
11.27
10.31
3.21
-128.79
-115.01
-126.71
-132.69
-114.66
-113.54
-119
-115.7
-121.86
-124.28
-106
-127.84
-129.31
-113.88
-127.23
-126.19
-120.64
-119.17
-124.72
-119.43
-118.13
-124.8
-119.95
-112.5
-122.2
-118.48
-109.46
-112.5
-124.2
-122.38
-120.21
-127.4
-124.11
-126.8
-135.81
-124.28
-132.34
-129.92
-125.84
-126.8
-125.93
-129.66
-115.18
-122.46
-132.69
-122.03
-122.46
-126.36
-119.95
-122.46
-122.38
-123.76
-117.96
-115.88
-118.3
-102.36
-107.38
-109.9
-95.08
-114.23
-106
-110.94
-113.54
-122.2
-107.38
-127.49
-132.86
-106.08
-115.53
-134.77
65.29
63.21
61.51
59.42
57.58
55.85
53.8
51.9
50.17
48.13
46.19
44.28
42.46
40.68
38.65
36.79
35.02
33.02
31.13
29.27
27.44
25.66
23.65
21.76
19.99
18.01
16.24
14.25
12.31
10.56
8.01
5.41
2.95
0.17
-2.38
-5.02
-7.61
-10.06
-12.11
-14.05
-15.88
-17.82
-19.61
-21.63
-23.5
-25.36
-27.29
-29.16
-30.93
-32.94
-34.71
-36.65
-38.59
-40.44
-42.3
-44.24
-46.07
-48
-49.88
-51.81
-53.67
-55.52
-57.48
-59.4
-61.2
-63.17
-64.98
-66.94
-68.84
-70.69
-72.59
-72.81
-72.73
-72.8
-72.72
-72.84
-72.82
-72.75
-72.81
-72.83
-72.71
-72.83
-72.77
-71.85
-69.85
-67.77
-65.89
-63.96
-61.99
-60.14
-58.24
-56.39
-54.48
-52.54
-50.71
-48.82
-46.88
-45.08
-43.14
-41.26
-39.4
-37.38
-35.6
-33.74
-31.78
-30.01
-28.1
-26.19
-24.27
-22.34
-20.53
-18.62
-16.69
-14.87
-12.87
-11.01
-8.72
-5.97
-3.61
-0.99
1.81
4.25
6.9
9.52
11.5
13.53
15.29
17.2
19.2
20.96
22.99
24.74
26.66
28.69
30.34
32.21
34.22
35.98
37.9
39.77
41.66
43.71
45.38
47.32
49.37
51.12
53.16
54.91
56.79
58.86
60.56
62.48
64.58
66.21
68.29
