155
68
88
203.87
193.09
183.63
187.13
169.34
167.54
168.21
185.52
175.87
177.76
174.45
175.02
184.01
182.11
195.64
188.45
181.64
184.38
176.72
169.63
172.75
181.83
178.71
176.44
181.55
177.1
164.8
176.72
176.53
176.44
181.07
177.38
175.59
173.6
180.79
174.26
160.64
173.22
167.92
163.1
154.68
164.23
164.61
160.35
166.5
164.8
164.61
163.1
160.54
167.07
173.69
162.91
168.11
176.06
191.76
182.59
182.87
186.47
186.75
174.26
181.45
181.17
178.8
180.6
165.27
166.6
168.11
175.96
171.8
167.07
166.31
871.4
867.14
860.81
6.07
5.03
8.06
9.27
8.84
6.24
6.07
9.53
11.01
5.46
-186.25
-164.24
-161.99
-173.25
-160.51
-158.52
-160.51
-165.11
-155.57
-164.93
-177.93
-164.59
-159.82
-170.39
-159.13
-155.92
-168.66
-160.17
-135.47
-149.59
-164.76
-135.81
-138.15
-170.74
-169.96
-143.61
-165.89
-162.77
-161.99
-164.85
-153.41
-158.26
-171.43
-170.13
-152.45
-169.35
-170.05
-167.27
-159.73
-157.74
-165.54
-162.33
-162.77
-159.91
-164.24
-173.51
-169.7
-158.09
-183.91
-181.75
-168.57
-171.95
-181.4
-186.95
-172.13
-178.97
-179.49
-176.03
-160.25
-161.99
-153.15
-149.68
-160.43
-165.02
-142.57
-145
-167.79
-168.23
-148.73
-173.43
-191.54
65.29
63.22
61.3
59.43
57.55
55.71
53.79
51.93
50.17
48.11
46.21
44.28
42.44
40.69
38.65
36.77
35.02
33.01
31.11
29.27
27.45
25.54
23.67
21.75
19.99
17.98
16.11
14.21
12.32
10.56
7.99
5.37
2.9
0.15
-2.47
-5.03
-7.65
-10.13
-12.11
-14.09
-15.88
-17.84
-19.71
-21.63
-23.5
-25.44
-27.31
-29.2
-31.02
-32.92
-34.79
-36.68
-38.58
-40.4
-42.44
-44.26
-46.07
-48.05
-49.94
-51.82
-53.69
-55.62
-57.49
-59.42
-61.22
-63.18
-65.03
-66.93
-68.85
-70.77
-72.6
-72.9
-72.81
-72.93
-72.91
-72.9
-72.97
-72.83
-72.91
-72.93
-72.83
-72.93
-72.81
-71.88
-69.89
-67.81
-65.9
-63.97
-62.01
-60.2
-58.31
-56.45
-54.48
-52.6
-50.78
-48.85
-46.86
-45.06
-43.16
-41.29
-39.43
-37.4
-35.6
-33.75
-31.81
-30.01
-28.15
-26.22
-24.32
-22.42
-20.58
-18.65
-16.66
-14.87
-12.95
-11.04
-8.77
-6.14
-3.67
-1.05
1.78
4.23
6.85
9.47
11.48
13.51
15.31
17.2
19.17
20.97
22.88
24.75
26.63
28.52
30.33
32.2
34.21
35.94
37.88
39.73
41.62
43.56
45.4
47.3
49.38
51.14
53.03
54.9
56.79
58.83
60.53
62.44
64.55
66.2
68.12
