156
68
89
184.76
197.72
166.22
172.65
170
157.61
168.11
175.49
158.94
144.27
162.34
163.1
147.02
163.85
163.48
151.75
161.68
166.6
159.03
154.49
163.1
166.41
155.81
154.77
161.21
151.37
152.79
161.77
158.75
154.77
154.3
161.58
146.16
165.65
173.88
169.15
181.55
179.46
168.68
158.18
158.84
158.84
164.14
168.02
179.18
159.79
162.34
169.44
165.75
156.48
158.56
164.8
145.5
149.19
157.71
158.84
161.49
174.64
169.82
163.38
168.3
156.76
154.87
168.59
170.95
166.6
168.49
176.15
171.23
161.02
157.89
954.46
948.13
946.61
2.51
2.86
2.95
-0.52
2.08
0.26
3.12
2.69
6.85
1.91
2.43
-166.93
-157.48
-162.94
-166.32
-157.13
-156.61
-163.2
-152.19
-155.57
-168.75
-162.77
-153.84
-153.93
-165.28
-158.87
-157.05
-161.55
-160.25
-152.37
-169.53
-161.9
-153.84
-167.27
-174.9
-153.32
-167.62
-174.99
-155.23
-149.07
-177.33
-175.68
-159.73
-172.99
-181.66
-167.97
-165.37
-178.89
-156.61
-152.45
-179.49
-163.55
-149.94
-167.36
-168.31
-144.31
-165.63
-171.61
-164.85
-163.29
-179.93
-167.71
-150.81
-168.49
-177.24
-154.71
-168.49
-175.68
-165.28
-154.36
-172.21
-174.29
-136.94
-167.36
-172.99
-137.2
-166.58
-167.97
-152.19
-159.3
-178.71
-154.62
65.19
63.5
61.45
59.68
57.7
55.75
54.08
52
50.1
48.37
46.32
44.54
42.55
40.66
38.88
36.88
35
33.24
31.22
29.52
27.55
25.64
23.91
21.81
19.98
18.22
16.2
14.31
12.43
10.56
8.27
5.51
2.91
0.52
-2.33
-4.78
-7.47
-10.12
-11.95
-13.98
-15.85
-17.67
-19.59
-21.44
-23.39
-25.33
-27.12
-29.06
-31.03
-32.73
-34.7
-36.48
-38.48
-40.38
-42.14
-44.17
-46.04
-47.88
-49.83
-51.64
-53.59
-55.51
-57.32
-59.3
-61.14
-62.99
-64.93
-66.84
-68.74
-70.64
-72.39
-72.73
-72.74
-72.64
-72.74
-72.64
-72.73
-72.75
-72.63
-72.75
-72.74
-72.73
-72.65
-71.83
-69.98
-68.05
-66.05
-64.2
-62.29
-60.37
-58.53
-56.63
-54.73
-52.84
-50.9
-49.06
-47.15
-45.24
-43.41
-41.43
-39.66
-37.7
-35.76
-33.95
-32.08
-30.15
-28.35
-26.37
-24.53
-22.66
-20.69
-18.89
-16.95
-15.04
-13.2
-11.18
-9.11
-6.45
-3.75
-1.29
1.34
4.09
6.58
9.3
11.26
13.18
15.18
16.93
18.85
20.86
22.62
24.66
26.42
28.32
30.23
31.97
33.87
35.88
37.63
39.63
41.4
43.31
45.32
47.08
49
51.05
52.79
54.84
56.54
58.48
60.43
62.19
64.13
66.16
67.92
69.93
