156
68
89
143.99
160.45
148.53
145.22
153.83
149.76
152.88
164.23
161.77
148.34
169.91
166.31
159.88
164.33
164.52
150.99
143.61
148.25
141.53
131.59
132.45
131.31
136.8
132.54
133.01
129.61
143.52
142
136.7
142.95
140.11
146.07
151.46
148.34
163.67
154.11
154.11
172.56
152.98
145.41
152.03
142.85
139.35
137.55
152.6
132.26
132.92
147.3
139.26
129.32
135.85
141.24
135.95
149.95
149.57
150.14
157.42
148.06
142.1
144.37
150.14
150.33
142.66
149.29
146.26
124.97
133.01
136.23
126.86
131.78
128.85
874.52
864.12
857.12
1.82
6.07
7.54
3.03
2.77
-0.78
2.86
4.25
0.17
7.71
5.29
-147.77
-136.33
-140.23
-150.37
-132.69
-136.07
-150.29
-144.57
-133.13
-148.9
-143.7
-136.77
-132.17
-138.15
-128.01
-126.36
-142.31
-129.57
-115.36
-138.15
-133.3
-133.82
-145.87
-141.01
-130.61
-134.69
-147.17
-139.54
-135.12
-151.76
-160.17
-149.68
-152.45
-154.97
-145.61
-149.94
-142.75
-134.34
-132.6
-147.08
-137.72
-132.17
-132
-139.97
-136.07
-134.43
-146.56
-135.64
-142.31
-146.73
-140.15
-140.67
-159.91
-159.99
-141.1
-160.25
-171.87
-153.32
-145.95
-164.33
-158.35
-130.78
-146.21
-154.53
-130.35
-147.69
-145.78
-139.97
-130.61
-139.63
-131.65
65.35
63.31
61.39
59.62
57.64
55.75
54
51.99
50.21
48.17
46.26
44.51
42.51
40.6
38.69
36.83
35.08
33.06
31.19
29.48
27.49
25.59
23.71
21.85
20.05
18.05
16.17
14.4
12.37
10.47
8.28
5.44
3.02
0.26
-2.38
-4.81
-7.55
-10.13
-12.07
-13.99
-15.8
-17.78
-19.64
-21.47
-23.43
-25.39
-27.13
-29.16
-30.94
-32.86
-34.77
-36.53
-38.51
-40.41
-42.28
-44.22
-46
-47.98
-49.87
-51.67
-53.61
-55.54
-57.39
-59.33
-61.18
-63.14
-65.03
-66.81
-68.78
-70.7
-72.47
-72.84
-72.75
-72.83
-72.81
-72.75
-72.86
-72.87
-72.83
-72.85
-72.73
-72.85
-72.76
-71.92
-70.04
-68.14
-66.08
-64.25
-62.3
-60.45
-58.57
-56.67
-54.76
-52.9
-50.98
-49.11
-47.14
-45.36
-43.47
-41.46
-39.7
-37.81
-35.78
-34.01
-32.12
-30.29
-28.38
-26.41
-24.59
-22.68
-20.77
-18.92
-16.94
-15.17
-13.25
-11.21
-9.17
-6.51
-3.97
-1.39
1.39
3.89
6.5
9.24
11.22
13.13
15.12
16.91
18.91
20.7
22.56
24.59
26.37
28.25
30.2
31.92
33.97
35.69
37.61
39.61
41.36
43.3
45.27
47.02
49.06
50.85
52.75
54.79
56.52
58.42
60.43
62.19
64.24
65.96
67.85
69.92
