156
68
89
188.93
190.06
194.13
186.75
170.76
168.11
183.91
189.78
178.61
177.1
175.11
177.95
170.29
171.14
183.63
175.02
159.98
185.71
178.52
156.95
158.37
159.31
155.72
164.71
166.98
155.25
151.75
151.08
167.17
159.5
171.23
188.17
167.07
171.61
183.53
166.41
173.88
186.84
168.87
171.33
182.59
169.53
160.73
168.11
161.21
149.76
155.44
169.53
143.04
142.47
159.41
147.02
144.27
168.11
153.35
139.83
166.13
166.79
157.99
154.49
165.56
153.73
156.67
166.69
165.27
138.22
161.87
150.14
138.97
138.22
146.92
919.08
905.36
908.2
13.78
11.01
13.78
6.76
9.88
11.53
12.65
10.31
11.01
10.49
9.53
-163.2
-129.22
-142.66
-168.66
-140.58
-138.59
-166.23
-151.5
-129.74
-160.51
-150.81
-127.32
-134.6
-149.42
-131.39
-134.6
-161.64
-142.14
-120.12
-160.6
-143.27
-128.44
-157.48
-160.95
-135.12
-138.59
-175.51
-161.38
-134.34
-163.2
-173.69
-123.42
-156.53
-159.47
-135.21
-158.17
-152.97
-139.11
-142.4
-154.27
-134.86
-130.87
-156.87
-155.57
-132.34
-157.22
-163.81
-141.79
-155.75
-163.89
-143.53
-150.37
-170.13
-158.35
-130.96
-160.25
-157.05
-144.39
-154.1
-154.71
-153.32
-150.89
-161.29
-150.29
-140.58
-152.63
-159.82
-160.86
-152.71
-156.01
-148.55
65.26
63.24
61.38
59.58
57.62
55.72
53.85
51.96
50.2
48.16
46.26
44.52
42.51
40.62
38.88
36.86
35.12
33.12
31.23
29.5
27.55
25.64
23.76
21.88
20.11
18.09
16.25
14.43
12.41
10.68
8.17
5.56
3.04
0.3
-2.33
-4.78
-7.47
-10.1
-11.92
-13.96
-15.75
-17.73
-19.61
-21.44
-23.4
-25.31
-27.18
-29.05
-30.99
-32.81
-34.74
-36.48
-38.48
-40.31
-42.24
-44.17
-45.96
-47.89
-49.83
-51.65
-53.56
-55.51
-57.34
-59.26
-61.08
-63.06
-64.9
-66.77
-68.73
-70.63
-72.5
-72.78
-72.69
-72.8
-72.8
-72.7
-72.79
-72.79
-72.79
-72.78
-72.71
-72.79
-72.73
-71.94
-70.02
-68.06
-66.06
-64.18
-62.23
-60.39
-58.5
-56.56
-54.71
-52.74
-50.97
-49.05
-47.08
-45.31
-43.42
-41.39
-39.64
-37.69
-35.73
-33.94
-32.02
-30.22
-28.35
-26.37
-24.55
-22.59
-20.8
-18.89
-16.86
-15.14
-13.2
-11.17
-9.07
-6.31
-3.91
-1.27
1.36
3.97
6.55
9.32
11.26
13.2
15.19
16.94
18.97
20.75
22.62
24.66
26.42
28.28
30.11
31.97
34
35.67
37.66
39.63
41.42
43.33
45.2
47.06
49.15
50.89
52.83
54.84
56.57
58.48
60.45
62.22
64.29
66.02
67.92
69.93
