155
68
88
201.51
217.21
175.49
186.18
195.74
180.98
208.98
215.41
195.26
212.86
215.7
215.6
199.99
215.41
207.94
181.83
187.6
205.76
180.88
164.14
180.13
180.98
166.69
172.75
173.69
168.59
182.3
179.28
173.69
179.56
193.75
183.63
169.63
181.17
189.49
189.87
191.76
201.89
181.17
187.51
177.95
162.53
168.02
165.94
154.39
153.35
165.08
174.83
162.91
161.96
174.36
164.42
173.79
165.94
166.6
174.17
171.61
169.72
177.57
169.91
192.33
185.05
180.98
180.69
188.26
170.67
173.13
163
170.1
171.61
159.31
898.46
900.82
893.92
4.59
6.67
6.85
7.63
7.54
4.94
9.27
5.63
-4.25
2.86
-161.03
-186.86
-169.7
-168.83
-175.42
-171.26
-171.95
-170.22
-164.24
-162.68
-174.64
-160.51
-155.66
-154.97
-162.16
-150.72
-154.62
-160.51
-147.95
-148.73
-161.81
-153.15
-146.99
-160.95
-155.49
-145.61
-156.53
-176.03
-159.65
-152.8
-174.9
-175.94
-164.33
-176.81
-178.02
-160.25
-161.03
-166.23
-151.59
-164.41
-182.35
-151.85
-151.41
-161.38
-167.01
-145.87
-164.15
-168.92
-148.12
-176.2
-181.05
-155.23
-164.07
-184.61
-173.69
-150.29
-182.01
-188.51
-147.43
-165.71
-169.96
-167.27
-153.84
-175.85
-165.11
-147.17
-171.87
-150.72
-146.82
-168.05
-154.53
65.36
63.29
61.39
59.45
57.63
55.73
53.86
51.95
50.22
48.17
46.24
44.51
42.49
40.59
38.69
36.81
35.09
33.07
31.17
29.43
27.51
25.61
23.71
21.83
20.05
18.04
16.15
14.28
12.34
10.49
8.08
5.45
2.97
0.23
-2.32
-5
-7.59
-10.15
-12.08
-14
-15.82
-17.83
-19.68
-21.49
-23.42
-25.37
-27.27
-29.13
-30.94
-32.87
-34.74
-36.62
-38.51
-40.42
-42.31
-44.2
-46.02
-47.99
-49.87
-51.76
-53.61
-55.55
-57.46
-59.35
-61.16
-63.09
-65
-66.83
-68.77
-70.7
-72.56
-72.93
-72.84
-72.92
-72.92
-72.93
-72.9
-72.94
-72.92
-72.92
-72.83
-72.94
-72.86
-72.05
-70.09
-68.15
-66.15
-64.22
-62.3
-60.48
-58.56
-56.64
-54.8
-52.92
-51.01
-49.09
-47.14
-45.36
-43.47
-41.53
-39.72
-37.73
-35.87
-33.99
-32.07
-30.28
-28.39
-26.51
-24.6
-22.7
-20.85
-18.95
-16.93
-15.15
-13.25
-11.23
-9.19
-6.53
-3.99
-1.39
1.44
3.83
6.52
9.08
11.2
13.12
15.01
16.93
18.93
20.69
22.56
24.44
26.35
28.2
30.06
31.91
33.95
35.7
37.6
39.64
41.35
43.27
45.08
47
49.06
50.85
52.7
54.74
56.5
58.46
60.24
62.18
64.26
65.92
67.86
