155
68
89
168.02
179.18
139.16
155.15
157.52
143.42
145.69
166.22
168.4
153.07
164.61
144.56
140.96
148.43
154.58
134.72
133.11
145.97
126.86
125.26
133.68
127.72
119.86
127.43
133.68
128
125.63
122.61
132.16
134.72
145.31
149.76
142.95
155.25
159.22
154.68
161.3
158.56
145.88
142.38
143.89
133.77
128.38
132.16
132.26
111.73
121.19
129.32
104.44
124.88
131.78
116.27
115.13
129.99
128.85
128.57
129.89
135.76
126.3
122.23
130.93
107.28
113.43
131.69
118.07
109.17
113.15
115.04
94.23
104.16
109.65
783.33
781.62
775.47
7.37
14.47
6.59
6.24
12.91
7.45
11.79
8.84
9.45
4.85
7.19
-127.75
-103.74
-123.33
-116.57
-115.62
-118.39
-129.4
-108.51
-113.02
-137.98
-130.35
-119.08
-137.72
-135.21
-114.32
-121.86
-128.44
-110.5
-116.14
-132.08
-116.74
-104.26
-129.57
-135.12
-113.36
-134.25
-139.8
-135.99
-136.94
-144.91
-146.04
-130.35
-152.71
-143.44
-139.97
-138.93
-145
-139.54
-139.02
-140.41
-128.96
-131.3
-126.36
-123.16
-114.49
-141.27
-134.51
-123.59
-130.44
-134.86
-122.9
-128.36
-145.69
-138.76
-121.25
-144.31
-141.53
-117.09
-131.48
-147.77
-124.28
-131.82
-140.23
-122.64
-129.48
-129.4
-142.14
-117
-130.78
-142.75
65.18
63.29
61.37
59.48
57.64
55.73
53.87
51.96
50.1
48.17
46.26
44.34
42.48
40.75
38.72
36.84
35.09
33.03
31.14
29.32
27.55
25.73
23.73
21.85
20.04
18.04
16.17
14.27
12.38
10.5
8.1
5.45
2.84
0.18
-2.37
-4.98
-7.5
-10.05
-12.07
-14.02
-15.79
-17.78
-19.66
-21.54
-23.44
-25.27
-27.25
-29.11
-31.05
-32.85
-34.73
-36.6
-38.5
-40.41
-42.27
-44.19
-46.03
-47.96
-49.9
-51.74
-53.63
-55.49
-57.42
-59.31
-61.13
-63.11
-64.98
-66.85
-68.78
-70.73
-72.56
-72.76
-72.65
-72.76
-72.76
-72.77
-72.74
-72.73
-72.75
-72.75
-72.75
-72.73
-72.73
-72.06
-70.07
-68.06
-66.11
-64.23
-62.26
-60.45
-58.54
-56.66
-54.75
-52.81
-51.03
-49.1
-47.19
-45.34
-43.44
-41.53
-39.68
-37.76
-35.84
-33.99
-32.12
-30.27
-28.39
-26.48
-24.59
-22.6
-20.83
-18.91
-16.93
-15.14
-13.25
-11.3
-9.15
-6.4
-3.97
-1.36
1.29
3.89
6.5
9.12
11.18
13.17
15.14
16.9
18.82
20.72
22.52
24.5
26.37
28.36
30.08
31.94
33.99
35.7
37.59
39.49
41.35
43.42
45.14
47
48.92
50.88
52.75
54.64
56.52
58.42
60.26
62.18
64.25
65.96
67.84
