154
67
87
173.32
169.63
157.52
169.82
175.87
168.4
184.29
193.66
144.74
159.88
171.9
148.72
134.62
155.72
143.7
125.45
140.3
148.25
132.26
127.62
145.97
140.01
134.15
151.75
149.85
140.77
154.87
174.07
163
162.72
184.19
166.98
151.56
170.48
160.64
140.96
153.83
153.45
132.54
139.16
147.96
116.74
116.93
140.77
131.5
123.18
140.3
151.56
136.23
149.85
163.57
142.76
148.25
165.18
146.35
141.34
160.17
150.52
136.14
150.33
150.61
121.38
136.51
144.37
124.03
123.18
123.84
131.78
121.19
133.96
704.52
933.27
927.5
6.07
6.24
6.33
5.37
3.81
3.9
6.24
5.55
7.37
4.33
-141.19
-128.18
-133.47
-149.33
-133.3
-132.43
-152.89
-152.45
-129.05
-142.57
-152.71
-133.91
-148.73
-164.07
-146.47
-143.87
-163.72
-142.4
-131.65
-144.83
-142.31
-119.08
-136.33
-134.69
-110.42
-113.88
-141.1
-127.92
-115.18
-148.9
-158.95
-127.49
-145.87
-158.87
-142.57
-152.11
-172.82
-155.49
-141.45
-177.59
-154.36
-130.7
-145.43
-136.59
-119.95
-132.95
-132.69
-125.84
-118.13
-133.99
-120.47
-107.04
-138.07
-141.88
-121.77
-148.9
-172.91
-154.79
-167.45
-191.37
-188.51
-151.85
-190.33
-207.75
-154.45
-167.62
-172.91
-150.37
-142.14
-156.09
-129.57
64.61
62.53
60.65
58.75
56.9
55.15
53.12
51.22
49.46
47.41
45.49
43.62
41.75
39.86
37.98
36.07
34.18
32.32
30.44
28.64
26.78
24.84
22.98
21.1
19.2
17.31
15.42
13.53
11.61
9.67
7.03
4.43
1.99
-0.8
-3.43
-5.96
-8.54
-10.8
-12.83
-14.73
-16.55
-18.52
-20.43
-22.3
-24.21
-26.11
-27.98
-29.87
-31.68
-33.6
-35.5
-37.35
-39.3
-41.15
-43.05
-44.95
-46.74
-48.71
-50.62
-52.48
-54.38
-56.23
-58.19
-60.04
-61.89
-63.84
-65.73
-67.64
-69.56
-71.34
-72.93
-72.94
-72.81
-72.92
-72.9
-72.92
-72.9
-72.9
-72.91
-72.93
-72.82
-72.49
-70.77
-68.94
-66.84
-64.94
-63.09
-61.17
-59.22
-57.43
-55.55
-53.66
-51.74
-49.78
-47.97
-46.08
-44.19
-42.27
-40.41
-38.55
-36.56
-34.65
-32.86
-31.02
-29.03
-27.23
-25.36
-23.39
-21.57
-19.67
-17.76
-15.94
-13.94
-12.06
-10.12
-7.56
-4.98
-2.43
0.25
2.82
5.57
8.06
10.46
12.33
14.32
16.29
18.06
19.95
21.93
23.73
25.61
27.51
29.35
31.2
33.11
34.96
36.82
38.73
40.6
42.48
44.4
46.26
48.15
50.1
52.13
53.86
55.72
57.67
59.55
61.55
63.38
65.14
67.24
68.97
