155
68
89
163.67
180.32
168.49
160.17
163.85
158.37
164.33
171.99
159.41
155.81
159.22
161.96
152.12
161.96
154.87
150.89
137.65
147.3
151.75
125.07
139.64
129.7
122.89
137.37
134.05
133.11
140.49
129.14
130.36
137.55
135.85
133.87
128.28
137.37
138.22
137.27
149.85
145.12
140.96
144.37
144.84
128.38
130.74
134.81
135.47
119.11
134.34
153.83
134.24
119.39
141.34
123.65
122.32
140.3
130.08
119.77
134.72
133.87
125.73
120.05
136.14
130.84
122.51
138.41
133.11
123.84
136.23
136.04
110.69
122.99
137.65
785.69
790.14
782.76
11.09
11.7
8.58
10.05
10.75
7.63
9.45
12.13
9.97
5.89
10.49
-136.59
-118.56
-130.96
-126.88
-105.3
-133.56
-130.18
-112.15
-117.78
-115.96
-123.33
-112.84
-127.06
-130
-113.8
-127.92
-136.25
-110.94
-126.02
-127.75
-122.46
-127.4
-135.12
-132.17
-115.79
-129.31
-131.04
-118.56
-125.06
-135.03
-134.34
-127.58
-143.27
-136.77
-122.29
-131.3
-123.33
-126.8
-129.57
-125.32
-124.72
-123.24
-127.49
-136.07
-131.91
-147.95
-143.18
-123.5
-142.49
-138.33
-126.54
-151.5
-153.06
-146.91
-149.59
-160.86
-156.53
-147.25
-166.49
-160.25
-150.89
-172.39
-176.2
-158.17
-152.11
-168.49
-179.15
-169.27
-184.26
-164.41
64.98
63.14
61.25
59.29
57.49
55.58
53.7
51.77
50.03
47.97
46.1
44.2
42.31
40.57
38.55
36.65
34.92
32.86
31.03
29.16
27.35
25.4
23.51
21.66
19.87
17.89
16.01
14.11
12.2
10.45
7.86
5.22
2.75
0
-2.65
-5.18
-7.78
-10.33
-12.24
-14.18
-16
-17.98
-19.84
-21.74
-23.6
-25.47
-27.37
-29.28
-31.12
-33.04
-34.93
-36.79
-38.72
-40.51
-42.47
-44.4
-46.16
-48.13
-50.07
-51.92
-53.82
-55.68
-57.63
-59.5
-61.32
-63.29
-65.14
-67.04
-68.94
-70.8
-72.67
-72.84
-72.73
-72.83
-72.89
-72.81
-72.83
-72.84
-72.84
-72.82
-72.87
-72.82
-72.83
-72.05
-69.93
-67.97
-65.99
-64.07
-62.09
-60.33
-58.43
-56.54
-54.59
-52.64
-50.83
-48.93
-46.97
-45.2
-43.28
-41.37
-39.54
-37.51
-35.7
-33.83
-31.89
-30.11
-28.26
-26.32
-24.41
-22.52
-20.66
-18.76
-16.86
-15
-13.07
-11.16
-8.94
-6.13
-3.75
-1.15
1.68
4.13
6.7
9.34
11.41
13.42
15.19
17.04
19.07
20.86
22.73
24.62
26.54
28.41
30.22
32.1
34.11
35.85
37.8
39.63
41.53
43.56
45.27
47.19
49.25
51.01
52.91
54.78
56.66
58.73
60.42
62.31
64.4
66.08
68.02
