155
68
88
171.71
194.41
188.07
158.56
167.45
162.81
183.44
187.79
169.72
155.62
178.52
165.08
141.53
165.37
183.15
142.66
170.95
202.74
167.92
163.95
194.7
191.57
163.1
181.83
191.67
156.67
158.75
173.88
158.37
140.49
164.33
164.71
138.03
152.31
177.29
145.31
162.25
173.79
160.07
155.44
183.44
183.15
140.2
171.71
190.25
155.62
170.29
200.56
163.57
147.11
170.48
163.1
133.3
152.12
149.85
121.57
145.12
169.53
136.51
130.55
155.91
157.61
144.74
162.15
173.98
139.83
156.19
174.07
147.77
139.45
172.37
808.3
808.87
804.14
10.83
14.65
13.26
8.49
13.09
8.58
13.43
13.43
11.87
10.23
-119.43
-159.3
-133.47
-138.15
-147.69
-135.03
-124.28
-146.13
-145.78
-117.18
-137.81
-142.75
-126.19
-130.35
-144.05
-127.84
-133.3
-149.25
-141.62
-128.7
-143.27
-144.65
-130.78
-136.85
-148.29
-131.65
-132.26
-151.41
-141.36
-138.24
-148.03
-146.56
-128.62
-142.75
-147.34
-136.94
-129.66
-142.31
-140.75
-126.36
-148.73
-149.07
-130
-139.28
-152.8
-136.33
-145.52
-155.75
-145.17
-134.86
-159.3
-149.07
-119
-146.82
-143.27
-116.05
-133.3
-143.61
-128.88
-117.78
-141.1
-132.52
-127.84
-135.55
-133.91
-123.42
-122.2
-119.6
-144.22
-140.58
-132.43
65.14
63.14
61.22
59.28
57.44
55.74
53.69
51.76
49.98
47.97
46.09
44.21
42.3
40.42
38.57
36.6
34.89
32.92
30.98
29.17
27.33
25.52
23.51
21.64
19.88
17.85
15.96
14.07
12.16
10.41
7.88
5.19
2.72
-0.03
-2.64
-5.23
-7.8
-10.32
-12.25
-14.19
-16.07
-17.96
-19.87
-21.74
-23.61
-25.5
-27.44
-29.28
-31.13
-33.05
-34.92
-36.8
-38.73
-40.58
-42.46
-44.41
-46.2
-48.14
-50.1
-51.92
-53.81
-55.64
-57.61
-59.5
-61.31
-63.29
-65.15
-67.01
-68.98
-70.81
-72.68
-72.84
-72.75
-72.86
-72.83
-72.85
-72.82
-72.82
-72.84
-72.85
-72.85
-72.85
-72.82
-72.08
-69.97
-67.94
-66.01
-64.1
-62.14
-60.33
-58.43
-56.55
-54.64
-52.67
-50.87
-48.96
-46.99
-45.21
-43.31
-41.38
-39.56
-37.59
-35.74
-33.89
-31.98
-30.15
-28.23
-26.33
-24.42
-22.46
-20.66
-18.76
-16.79
-15.01
-13.11
-11.19
-8.92
-6.18
-3.78
-1.18
1.55
4.05
6.68
9.3
11.36
13.28
15.16
17.06
19.03
20.83
22.7
24.62
26.52
28.52
30.18
32.08
34.14
35.82
37.73
39.62
41.53
43.42
45.27
47.16
49.08
50.98
52.91
54.77
56.66
58.7
60.42
62.33
64.37
66.12
68.02
