155
68
89
220.05
221.37
160.35
188.17
199.62
165.65
172.18
183.06
151.65
153.07
161.77
160.07
146.64
157.33
176.34
156.19
158.27
169.72
163.57
156.29
180.22
190.34
164.42
183.44
192.9
168.96
162.63
171.52
164.23
159.03
167.17
163.85
151.18
178.33
172.75
149.1
159.41
175.87
154.02
159.12
171.52
162.72
146.16
170.76
159.69
144.08
156.85
171.33
145.5
149.76
162.06
142.19
136.7
151.84
151.27
132.35
146.26
163.29
131.78
146.83
160.07
133.77
140.2
156.85
151.27
136.8
155.91
161.96
128.19
133.96
159.6
840.47
837.82
830.72
5.11
9.53
8.67
6.85
8.58
3.47
7.71
5.63
4.68
7.71
8.32
-143.18
-133.39
-146.21
-149.25
-123.42
-140.93
-149.42
-128.62
-132.6
-150.63
-143.01
-128.53
-152.11
-153.75
-130.09
-152.28
-162.07
-133.3
-146.82
-163.46
-145.95
-144.57
-163.03
-159.47
-146.47
-160.25
-165.45
-151.33
-163.81
-174.38
-153.49
-153.75
-179.06
-170.57
-145.09
-161.47
-172.21
-155.23
-166.75
-176.11
-169.18
-174.03
-178.71
-175.59
-170.65
-191.45
-169.79
-158.52
-171.87
-171.61
-148.03
-160.77
-169.01
-159.56
-146.3
-170.22
-160.43
-139.37
-160.51
-173.51
-136.42
-152.89
-181.49
-165.97
-159.99
-167.62
-190.24
-151.5
-176.2
-190.67
65.21
63.16
61.22
59.36
57.5
55.74
53.7
51.8
50.06
48.05
46.14
44.23
42.35
40.59
38.58
36.7
34.98
32.92
31.04
29.19
27.37
25.47
23.54
21.68
19.95
17.9
16.05
14.15
12.22
10.36
7.85
5.28
2.83
0.12
-2.57
-5.19
-7.74
-10.29
-12.2
-14.16
-15.95
-17.92
-19.81
-21.68
-23.57
-25.44
-27.37
-29.24
-31.1
-33.02
-34.86
-36.78
-38.69
-40.48
-42.43
-44.37
-46.1
-48.08
-50.08
-51.9
-53.76
-55.68
-57.57
-59.44
-61.34
-63.26
-65.1
-67.01
-68.97
-70.82
-72.61
-72.76
-72.66
-72.74
-72.77
-72.76
-72.79
-72.67
-72.76
-72.76
-72.65
-72.76
-72.7
-72.01
-69.89
-67.94
-65.95
-64.05
-62.11
-60.26
-58.37
-56.5
-54.58
-52.67
-50.84
-48.92
-46.94
-45.2
-43.26
-41.35
-39.52
-37.57
-35.66
-33.81
-31.91
-30.06
-28.21
-26.29
-24.37
-22.46
-20.65
-18.74
-16.76
-14.96
-13.06
-11.11
-8.87
-6.15
-3.71
-1.08
1.74
4.13
6.78
9.38
11.41
13.34
15.23
17.07
19.11
20.89
22.77
24.66
26.55
28.4
30.25
32.12
34.14
35.88
37.83
39.65
41.54
43.62
45.34
47.21
49.25
51.08
52.96
54.81
56.7
58.64
60.46
62.34
64.43
66.12
68.05
