156
68
89
217.31
201.22
189.4
194.13
194.41
183.34
186.28
202.45
192.33
195.17
200.18
183.06
181.26
165.18
160.45
166.79
156.38
148.06
160.45
154.3
146.35
143.33
148.81
153.83
147.11
158.65
148.81
149.76
161.77
162.44
166.98
175.4
181.07
191.2
187.51
181.45
179.65
170.19
160.73
152.03
148.25
143.04
153.64
150.52
143.04
150.52
141.72
144.37
149.48
141.43
162.91
146.54
164.99
161.96
160.73
171.8
147.58
164.14
165.46
148.34
147.49
149.95
154.96
144.65
146.92
142.1
143.8
126.96
130.18
125.73
126.58
882.85
855.89
856.93
6.15
6.33
7.8
8.06
-1.65
8.93
6.93
8.15
5.03
1.04
11.09
-139.54
-131.22
-130.35
-136.25
-139.28
-149.59
-148.03
-131.82
-151.59
-142.66
-146.04
-153.32
-151.24
-140.58
-154.27
-150.89
-154.19
-146.13
-137.03
-149.94
-144.74
-138.85
-137.11
-147.34
-138.67
-142.14
-143.79
-145.43
-156.87
-142.49
-147.08
-165.11
-158.43
-167.27
-167.53
-160.34
-165.11
-150.2
-164.67
-147.25
-148.9
-154.71
-134.17
-135.03
-149.25
-145.26
-137.72
-143.96
-146.99
-145.87
-146.39
-145.61
-163.11
-148.9
-152.11
-160.77
-159.47
-154.53
-165.89
-174.81
-163.46
-158.87
-164.41
-168.83
-145.52
-157.83
-172.82
-157.13
-147.25
-177.41
-168.75
65.18
63.31
61.38
59.65
57.64
55.75
54.03
51.96
50.06
48.14
46.27
44.51
42.49
40.55
38.83
36.86
34.95
33.23
31.18
29.34
27.49
25.58
23.86
21.85
19.94
18.18
16.17
14.4
12.36
10.52
8.25
5.47
2.84
0.28
-2.4
-4.8
-7.57
-10.16
-11.97
-14
-15.92
-17.67
-19.66
-21.57
-23.42
-25.37
-27.16
-29.13
-31
-32.79
-34.78
-36.53
-38.49
-40.41
-42.19
-44.23
-46.07
-47.97
-49.89
-51.69
-53.62
-55.5
-57.38
-59.35
-61.21
-63.11
-64.98
-66.83
-68.77
-70.68
-72.49
-72.97
-72.94
-72.84
-72.91
-72.95
-72.93
-72.93
-72.84
-72.92
-72.93
-72.82
-72.87
-71.92
-70.08
-68.09
-66.08
-64.22
-62.36
-60.44
-58.57
-56.63
-54.78
-52.89
-50.95
-49.12
-47.2
-45.28
-43.44
-41.46
-39.68
-37.75
-35.8
-34.01
-32.11
-30.2
-28.38
-26.42
-24.57
-22.66
-20.76
-18.91
-17.04
-15.03
-13.25
-11.22
-9.17
-6.54
-3.85
-1.39
1.29
3.98
6.46
9.09
11.24
13.13
15.12
16.9
18.79
20.8
22.56
24.6
26.39
28.24
30.2
31.91
33.84
35.68
37.59
39.57
41.41
43.26
45.26
46.98
48.95
50.85
52.74
54.78
56.51
58.41
60.4
62.16
64.1
66.09
67.83
69.72
