156
68
89
194.79
198.01
173.98
189.3
176.82
168.02
176.44
173.69
162.06
151.37
176.34
166.13
153.16
163.19
159.31
153.92
167.07
171.04
162.91
165.75
170.29
158.94
171.99
175.87
153.45
168.11
168.11
153.73
169.44
166.6
142.57
175.87
169.82
159.31
170.76
192.9
167.07
182.3
187.6
168.68
184.01
185.99
171.52
162.91
179.09
174.92
154.3
168.68
173.6
155.44
150.52
164.33
149
144.65
164.52
149.38
141.53
152.79
154.21
136.14
154.21
165.84
140.87
163.1
169.53
153.45
149.48
171.71
152.5
141.43
161.68
948.6
940.65
938.57
7.71
8.23
7.97
9.1
8.93
5.03
8.49
7.02
5.29
5.63
8.75
-168.23
-155.14
-168.92
-163.29
-145.87
-157.74
-154.27
-138.76
-145.87
-151.07
-136.77
-138.15
-150.72
-135.55
-130.87
-149.33
-144.91
-134.95
-146.47
-158.61
-141.45
-147.69
-169.18
-156.7
-153.84
-169.27
-163.89
-156.61
-168.75
-169.01
-151.07
-154.88
-178.45
-154.36
-159.04
-169.44
-154.36
-153.15
-171.09
-147.86
-150.55
-167.27
-160.43
-160.17
-166.75
-164.76
-164.15
-170.83
-159.99
-161.29
-164.15
-153.75
-159.91
-167.01
-145.87
-154.62
-166.06
-158.43
-148.21
-163.46
-162.59
-144.48
-165.19
-169.79
-159.82
-170.22
-176.81
-175.16
-160.34
-169.01
-153.67
65.41
63.32
61.45
59.69
57.69
55.77
54.08
52.02
50.27
48.2
46.28
44.57
42.54
40.65
38.86
36.87
35.14
33.1
31.23
29.52
27.56
25.64
23.9
21.88
20.09
18.09
16.17
14.44
12.42
10.56
8.27
5.55
2.88
0.32
-2.31
-4.73
-7.5
-10.12
-11.95
-13.95
-15.77
-17.73
-19.62
-21.42
-23.39
-25.33
-27.2
-29.09
-30.91
-32.84
-34.71
-36.49
-38.48
-40.4
-42.24
-44.19
-45.98
-47.92
-49.83
-51.65
-53.57
-55.46
-57.33
-59.28
-61.18
-63.04
-64.94
-66.77
-68.74
-70.64
-72.42
-72.9
-72.81
-72.91
-72.88
-72.81
-72.9
-72.89
-72.88
-72.88
-72.79
-72.91
-72.8
-71.84
-70.02
-68.06
-66.02
-64.2
-62.3
-60.43
-58.52
-56.57
-54.72
-52.84
-50.9
-49.05
-47.11
-45.3
-43.41
-41.42
-39.66
-37.7
-35.77
-33.97
-31.98
-30.25
-28.35
-26.35
-24.56
-22.66
-20.7
-18.89
-16.97
-15.13
-13.21
-11.15
-9.12
-6.48
-3.77
-1.31
1.49
3.96
6.54
9.3
11.28
13.18
15.14
16.97
18.95
20.76
22.61
24.62
26.39
28.28
30.24
31.94
33.89
35.75
37.63
39.63
41.41
43.32
45.32
47.02
49.11
50.91
52.79
54.84
56.54
58.47
60.48
62.21
64.26
66
67.92
69.92
