156
68
89
153.16
179.09
150.89
152.22
170.86
158.56
159.79
187.22
188.83
146.54
186.09
194.13
165.46
171.99
179.94
157.8
144.37
159.6
156.19
131.88
142.85
154.3
144.46
147.58
165.94
157.52
150.7
164.8
171.42
142.57
167.64
192.99
151.84
168.49
190.82
146.83
145.79
164.33
155.72
129.99
141.43
146.16
137.74
129.7
151.65
123.65
134.81
151.93
148.25
121.66
152.22
161.4
146.83
161.77
176.72
151.46
162.06
172.94
155.06
145.31
164.71
165.46
137.18
150.52
157.52
131.12
131.03
147.39
126.96
118.54
129.61
923.62
910.57
907.26
3.12
5.89
2.51
3.73
2.86
2.17
3.03
4.25
0.35
3.21
-1.65
-160.25
-134.6
-147.95
-156.96
-133.47
-152.97
-162.33
-148.55
-152.11
-156.96
-161.38
-142.75
-162.33
-157.83
-136.25
-149.33
-154.97
-132.95
-141.45
-151.41
-137.81
-124.98
-139.8
-140.15
-120.04
-137.72
-143.18
-121.86
-134.51
-148.9
-141.27
-128.88
-148.38
-168.83
-137.81
-160.17
-164.24
-146.99
-149.68
-160.86
-145.35
-135.64
-148.55
-157.31
-127.06
-148.73
-147.08
-130.96
-143.96
-150.29
-138.33
-142.14
-166.41
-163.98
-135.29
-159.13
-172.73
-144.91
-161.03
-168.23
-155.57
-127.4
-158.52
-156.53
-127.75
-146.13
-149.68
-136.68
-136.07
-141.71
-127.32
65.42
63.58
61.63
59.9
57.89
56
54.27
52.21
50.48
48.38
46.5
44.78
42.72
40.82
39.09
37.08
35.17
33.35
31.43
29.7
27.74
25.88
24.07
22.07
20.32
18.29
16.39
14.65
12.63
10.74
8.61
5.82
3.17
0.54
-2.05
-4.49
-7.23
-9.86
-11.74
-13.76
-15.55
-17.53
-19.41
-21.23
-23.21
-25.13
-26.9
-28.87
-30.71
-32.63
-34.48
-36.28
-38.29
-40.17
-41.97
-43.97
-45.83
-47.69
-49.62
-51.48
-53.4
-55.29
-57.15
-59.07
-60.96
-62.87
-64.74
-66.61
-68.53
-70.43
-72.23
-72.66
-72.7
-72.66
-72.7
-72.61
-72.66
-72.68
-72.56
-72.7
-72.59
-72.68
-72.59
-71.63
-69.76
-67.84
-65.85
-64.01
-62.03
-60.22
-58.32
-56.4
-54.49
-52.62
-50.7
-48.83
-46.98
-45.13
-43.19
-41.22
-39.45
-37.51
-35.55
-33.74
-31.8
-30.05
-28.15
-26.18
-24.32
-22.45
-20.49
-18.69
-16.78
-14.9
-12.97
-10.97
-8.75
-6.16
-3.49
-1
1.67
4.22
6.85
9.59
11.47
13.4
15.38
17.16
19.13
20.96
22.83
24.83
26.62
28.5
30.43
32.15
34.06
35.94
37.85
39.83
41.61
43.49
45.51
47.24
49.35
51.12
53
55
56.76
58.67
60.7
62.4
64.5
66.2
68.12
70.13
