155
68
88
213.81
212.67
194.7
187.32
181.64
173.98
173.6
180.13
182.4
173.98
172.37
157.52
157.71
161.49
158.84
154.49
154.3
167.17
131.97
139.45
152.41
132.07
150.8
144.84
141.15
142.95
139.92
153.54
149.1
136.7
152.31
146.35
146.83
156.76
152.22
159.69
150.42
145.31
155.91
153.73
157.14
150.89
152.5
147.2
149
154.21
144.46
151.27
169.53
154.02
161.58
145.31
157.23
157.14
160.17
174.64
145.31
151.93
155.44
145.97
148.81
146.83
148.81
156.1
148.25
153.83
141.91
140.77
151.46
134.15
136.42
840.75
833.84
832.61
5.46
7.54
10.4
8.75
8.32
4.16
6.93
7.63
6.76
4.07
-192.93
-143.35
-150.03
-137.37
-138.15
-153.23
-146.99
-156.01
-135.81
-139.45
-152.45
-139.11
-148.81
-156.7
-147.69
-168.4
-142.92
-148.64
-154.27
-144.05
-150.37
-139.89
-146.13
-139.02
-132.95
-141.01
-137.63
-136.59
-147.17
-143.87
-140.67
-139.45
-141.53
-144.13
-135.64
-151.24
-136.85
-148.55
-145.95
-141.71
-140.58
-139.71
-142.83
-143.61
-136.16
-146.65
-142.75
-133.91
-146.39
-137.81
-150.89
-134.77
-138.93
-168.92
-156.7
-149.59
-164.67
-167.36
-159.04
-171.43
-184.61
-162.16
-182.35
-200.29
-176.98
-177.41
-195.27
-200.9
-173.86
-203.07
-209.13
65.04
63.18
61.22
59.34
57.45
55.75
53.69
51.79
49.88
48.01
46.11
44.21
42.33
40.58
38.54
36.67
34.79
32.92
31
29.16
27.36
25.59
23.56
21.64
19.75
17.88
16.02
14.12
12.21
10.43
7.86
5.23
2.59
0.05
-2.64
-5.18
-7.78
-10.2
-12.19
-14.12
-16.06
-17.95
-19.83
-21.71
-23.59
-25.41
-27.4
-29.3
-31.16
-33.06
-34.93
-36.77
-38.7
-40.51
-42.48
-44.35
-46.22
-48.16
-50.01
-51.93
-53.82
-55.62
-57.59
-59.48
-61.36
-63.24
-65.16
-67.04
-68.92
-70.8
-72.71
-72.93
-72.95
-72.93
-72.97
-72.95
-72.95
-72.84
-72.93
-72.95
-72.93
-72.93
-72.87
-72.01
-69.94
-67.89
-65.99
-64.07
-62.15
-60.27
-58.33
-56.5
-54.6
-52.64
-50.82
-48.91
-47.04
-45.18
-43.27
-41.38
-39.51
-37.51
-35.72
-33.81
-31.97
-30.11
-28.23
-26.29
-24.4
-22.45
-20.63
-18.75
-16.85
-14.97
-13.05
-11.16
-8.89
-6.12
-3.73
-1.13
1.56
4.08
6.74
9.35
11.4
13.44
15.18
17.09
18.97
20.84
22.73
24.66
26.53
28.55
30.24
32.13
34.01
35.83
37.76
39.63
41.53
43.6
45.29
47.15
49.09
51.01
52.91
54.78
56.67
58.61
60.4
62.34
64.27
66.09
68.02
