155
68
89
181.26
199.9
174.64
176.06
176.25
160.92
169.44
181.45
160.73
150.23
178.05
181.74
165.46
180.32
194.03
170.29
171.52
192.71
181.07
168.68
184.1
177.29
156.76
169.25
170
159.12
156.48
159.98
153.73
152.98
164.33
166.6
166.69
190.63
201.98
189.02
198.86
205.29
186.56
178.9
186.84
178.52
167.73
162.34
165.94
154.77
156.29
160.07
143.7
138.88
143.23
133.3
138.6
148.25
144.93
149.85
165.94
164.23
174.26
181.17
181.92
182.97
179.94
181.83
177.48
181.74
184.1
193.66
178.05
176.06
165.37
901.77
890.61
888.62
5.55
8.15
4.51
6.15
6.5
5.03
8.32
6.67
5.81
5.55
8.06
-173.6
-170.05
-173.34
-171.43
-157.74
-163.55
-168.14
-165.45
-163.29
-162.94
-162.25
-148.81
-142.83
-139.28
-135.29
-133.3
-146.04
-132.34
-133.3
-151.33
-156.79
-147.69
-161.73
-168.49
-152.89
-160.95
-172.91
-163.89
-165.37
-182.01
-182.79
-164.93
-180.27
-182.61
-170.83
-160.69
-161.12
-148.29
-145.09
-157.31
-154.01
-135.81
-160.25
-168.23
-160.69
-162.16
-180.71
-173.77
-166.49
-199.77
-174.29
-162.51
-191.37
-179.75
-166.58
-175.94
-176.37
-164.41
-159.39
-162.85
-155.92
-134.86
-164.5
-182.79
-149.33
-167.62
-173.25
-179.41
-187.81
-177.24
65.1
63.27
61.5
59.44
57.59
55.82
53.83
51.9
50.13
48.11
46.19
44.31
42.43
40.67
38.65
36.76
35.05
33.04
31.27
29.28
27.46
25.67
23.68
21.78
20.01
17.98
16.22
14.23
12.29
10.58
8.04
5.39
2.96
0.22
-2.49
-5.06
-7.62
-10.12
-12.13
-14.05
-15.93
-17.85
-19.66
-21.61
-23.51
-25.34
-27.28
-29.18
-31.05
-32.94
-34.81
-36.65
-38.57
-40.41
-42.33
-44.28
-46.03
-48.02
-49.88
-51.81
-53.69
-55.52
-57.49
-59.38
-61.23
-63.18
-64.99
-66.92
-68.83
-70.68
-72.62
-72.91
-72.83
-72.93
-72.92
-72.96
-72.94
-72.83
-72.94
-72.95
-72.83
-72.9
-72.76
-71.89
-69.84
-67.81
-65.88
-63.96
-61.98
-60.14
-58.26
-56.4
-54.5
-52.54
-50.75
-48.85
-46.84
-45.05
-43.08
-41.27
-39.43
-37.41
-35.61
-33.72
-31.8
-30.03
-28.13
-26.21
-24.32
-22.32
-20.53
-18.65
-16.66
-14.9
-12.88
-11.04
-8.75
-5.98
-3.62
-0.99
1.84
4.25
6.88
9.5
11.46
13.51
15.31
17.17
19.16
20.96
22.94
24.72
26.64
28.63
30.35
32.24
34.21
35.97
37.9
39.78
41.67
43.69
45.4
47.31
49.37
51.14
53.19
54.88
56.77
58.87
60.53
62.47
64.36
66.19
68.26
