155
68
88
175.21
179.46
168.11
151.84
179.37
165.37
170.67
185.24
179.75
163
170.1
185.05
166.6
155.34
165.08
158.94
154.02
163
157.04
157.23
145.69
158.94
154.96
159.03
159.22
158.84
149.57
152.5
147.39
146.16
165.08
171.61
167.07
167.45
177.95
174.17
177.57
176.25
162.44
159.41
159.5
146.83
147.2
152.5
148.06
152.41
146.64
157.52
148.53
144.18
151.37
143.8
141.81
153.07
157.23
163.67
164.71
165.08
164.42
162.06
174.17
160.64
155.44
157.04
153.26
151.56
146.83
151.27
133.77
138.41
147.87
913.31
904.32
896.66
-1.3
-4.94
1.47
-1.65
2.6
0.61
0.26
0.09
-1.39
-1.21
-197
-158
-147.77
-162.77
-166.49
-160.08
-169.87
-157.31
-151.67
-157.91
-161.29
-162.42
-158.35
-158
-152.97
-146.13
-155.57
-143.53
-147.17
-148.29
-148.9
-151.41
-141.36
-153.75
-156.35
-146.99
-158.52
-164.67
-152.02
-161.12
-172.99
-167.79
-155.66
-173.51
-168.23
-154.01
-174.99
-154.19
-152.71
-155.83
-158.87
-147.86
-146.04
-156.61
-154.1
-147.43
-157.22
-159.99
-148.03
-164.67
-155.14
-154.79
-158.35
-183.91
-156.27
-150.55
-173.51
-164.33
-142.31
-166.15
-166.41
-148.12
-157.91
-169.61
-158.69
-150.72
-162.85
-142.14
-146.56
-164.41
-162.77
65.42
63.38
61.49
59.62
57.75
55.85
53.94
52.06
50.3
48.25
46.36
44.47
42.61
40.81
38.82
36.92
35.14
33.16
31.3
29.43
27.61
25.68
23.82
21.92
20.15
18.15
16.28
14.36
12.45
10.68
8.25
5.58
3.19
0.41
-2.23
-4.89
-7.41
-9.93
-11.99
-13.96
-15.74
-17.66
-19.58
-21.5
-23.35
-25.26
-27.13
-29.01
-30.84
-32.79
-34.66
-36.53
-38.42
-40.28
-42.19
-44.1
-45.92
-47.89
-49.77
-51.67
-53.52
-55.42
-57.35
-59.24
-61.08
-62.99
-64.9
-66.77
-68.67
-70.59
-72.44
-72.92
-72.83
-72.93
-72.94
-72.93
-72.94
-72.83
-72.95
-72.95
-72.85
-72.93
-72.87
-71.92
-69.99
-68.02
-66.05
-64.15
-62.2
-60.36
-58.49
-56.58
-54.67
-52.72
-50.92
-49.02
-47.06
-45.29
-43.36
-41.44
-39.61
-37.61
-35.76
-33.9
-31.96
-30.2
-28.29
-26.39
-24.49
-22.57
-20.74
-18.81
-16.83
-15.06
-13.15
-11.21
-9.02
-6.26
-3.83
-1.16
1.56
4.03
6.6
9.27
11.32
13.25
15.12
16.99
19
20.79
22.66
24.58
26.49
28.34
30.15
32.03
34.05
35.78
37.69
39.56
41.45
43.46
45.25
47.08
49.19
50.97
52.84
54.71
56.59
58.51
60.36
62.29
64.33
66.02
67.94
