97
41
57
170.38
183.82
186.75
190.25
193.75
193.56
165.46
172.75
158.37
156.57
158.08
171.61
159.88
182.87
165.18
170.67
178.99
179.75
162.53
160.35
152.98
135.1
133.39
160.54
142.19
157.04
154.92
152.79
184.86
156.1
155.62
155.15
161.11
153.07
158.56
141.06
156.48
149.76
161.68
152.88
164.8
162.72
905.27
905.27
907.26
1.47
0.43
4.51
0.43
0.52
1.13
0.87
2.51
-154.27
-141.79
-78.96
-140.49
-144.65
-142.75
-126.28
-152.28
-108.51
-150.37
-144.22
-137.72
-134.77
-155.57
-128.62
-138.33
-137.98
-132.26
-145.26
-129.4
-122.46
-145.09
-130.35
-143.61
-139.37
-143.79
-141.79
-143.27
-146.65
-136.33
-144.83
-132.78
-120.64
-144.13
-141.97
-155.75
-141.97
-157.39
-151.11
-144.83
-147.34
-142.14
-152.28
-136.68
60.91
57.8
54.3
51.08
47.55
44.31
40.82
37.61
34.02
30.44
27.41
24.05
20.76
17.3
13.99
10.67
6.35
1.58
-2.98
-7.79
-11.7
-15.21
-18.23
-21.78
-24.93
-28.44
-31.9
-35.19
-38.63
-41.84
-45.28
-48.53
-52.02
-55.13
-58.83
-61.89
-65.36
-68.56
-72.13
-75.58
-78.83
-82.29
-84.36
-84.36
-84.37
-84.41
-84.38
-84.4
-84.42
-84.41
-84.36
-82.39
-78.81
-75.7
-72.19
-68.9
-65.51
-62.26
-58.76
-55.46
-51.96
-48.81
-45.31
-42.18
-38.72
-35.17
-32.04
-28.49
-25.3
-21.81
-18.68
-15.14
-11.96
-7.85
-3.19
1.4
6.26
10.48
13.94
17.27
20.8
23.91
27.47
30.77
33.97
37.09
40.72
44.12
47.39
50.88
54.38
57.55
60.66
64.32
67.35
71.06
74.14
