123
52
72
182.97
175.3
184.29
188.36
187.32
186.65
193.09
185.05
186.09
168.21
156.76
165.94
155.44
138.69
151.37
141.24
163.57
157.52
168.49
167.45
161.77
163.48
174.45
175.11
178.99
172.56
152.41
153.92
153.26
126.58
137.65
132.26
157.42
135.85
141.43
152.79
152.69
142.47
177.95
164.14
150.33
150.8
149.66
154.49
149.19
142.76
153.07
144.74
122.61
145.31
142.19
142.76
150.99
155.53
155.25
170.95
166.5
895.15
867.05
864.78
-3.64
-4.85
-1.13
-2.77
-3.03
8.75
-2.25
-2.17
-143.44
-148.21
-157.13
-145.35
-146.04
-148.9
-146.56
-145
-133.47
-153.49
-135.12
-147.51
-146.04
-147.13
-148.21
-146.56
-142.75
-154.19
-161.38
-128.27
-137.03
-142.4
-140.75
-139.89
-146.65
-135.9
-136.85
-126.8
-154.19
-136.33
-143.18
-143.87
-145.17
-138.07
-145
-142.23
-143.87
-148.38
-149.68
-145.17
-146.91
-130.96
-139.71
-127.84
-141.45
-142.92
-144.05
-151.5
-146.99
-152.45
-155.75
-130.87
-152.19
-153.58
-145.09
64.53
62.18
59.46
56.91
54.45
51.87
49.36
46.75
44.27
41.81
39.16
36.96
34.41
31.75
29.31
26.83
24.29
21.76
19.23
16.66
14.38
11.85
8.96
5.52
1.95
-1.56
-5.12
-8.46
-11.51
-14.07
-16.62
-19.09
-21.73
-24.15
-26.52
-29.14
-31.64
-34.2
-36.68
-39.25
-41.78
-44.34
-46.78
-49.35
-51.72
-54.3
-56.84
-59.45
-61.9
-64.46
-66.97
-69.5
-71.99
-74.6
-76.88
-79.4
-82.06
-83.97
-83.96
-83.98
-83.99
-83.97
-83.99
-83.99
-83.98
-83.3
-80.41
-77.93
-75.42
-72.81
-70.29
-67.78
-65.24
-62.79
-60.18
-57.65
-55.12
-52.49
-50.12
-47.49
-45.27
-42.66
-40.16
-37.55
-35
-32.43
-30.04
-27.4
-25.13
-22.6
-20.07
-17.39
-14.99
-12.29
-9.73
-6.09
-2.8
0.8
4.23
7.75
10.89
13.43
16.02
18.46
20.8
23.44
25.95
28.49
30.97
33.53
36.01
38.51
41.04
43.43
45.96
48.61
51.12
53.67
56.25
58.72
61.24
63.82
66.37
