96
39
58
190.82
181.55
185.8
183.82
190.34
184.95
182.68
170.86
170.57
147.77
162.81
150.7
184.29
169.25
174.26
166.79
175.87
173.69
180.41
162.91
154.68
142.1
143.99
141.24
154.39
138.5
159.12
149.95
166.98
165.27
160.45
150.42
161.02
158.27
166.98
150.89
140.49
157.33
157.33
166.03
154.96
173.5
162.44
853.24
848.51
845.2
0.52
2.34
0.35
12.31
1.04
2.6
0.43
0.17
-89.27
-145.17
-151.15
-144.22
-143.79
-124.98
-133.13
-139.37
-148.21
-145.26
-109.81
-139.11
-141.36
-149.68
-148.64
-139.37
-136.59
-115.79
-94.99
-133.3
-134.34
-138.33
-138.93
-147.34
-144.65
-139.63
-140.67
-136.85
-147.34
-144.05
-138.15
-129.83
-136.25
-131.56
-147.51
-151.15
-139.28
-149.16
-152.71
-143.61
-145.26
-153.32
63.4
59.92
56.67
53.26
50.17
46.5
43.44
39.9
36.71
33.14
29.72
26.59
23.1
19.91
16.4
13.17
9.73
5.33
0.32
-3.96
-8.84
-12.66
-16.04
-19.38
-22.49
-26.09
-29.21
-32.77
-36.2
-39.39
-42.94
-46.1
-49.53
-52.7
-56.34
-59.55
-62.94
-66.12
-69.63
-73.15
-76.33
-79.77
-83.27
-84.35
-84.35
-84.35
-84.36
-84.34
-84.36
-84.38
-84.36
-84.35
-83.67
-80.05
-76.86
-73.36
-70.21
-66.6
-63.14
-59.94
-56.47
-53.31
-49.73
-46.53
-43.13
-39.95
-36.41
-32.9
-29.7
-26.58
-23.06
-19.51
-16.39
-12.73
-9.43
-4.56
-0.1
4.65
8.98
12.89
16.29
19.52
22.99
26.22
29.56
32.7
36.2
39.5
43.05
46.08
49.63
52.81
56.38
59.91
63.07
66.58
