94
38
57
183.72
186.84
181.64
184.34
187.03
188.36
170.86
176.82
162.81
155.91
158.75
171.71
162.06
178.9
168.68
173.79
178.71
186.37
173.6
163.95
163.29
139.35
134.91
164.04
143.33
161.11
155.62
159.5
176.44
158.08
154.49
156.1
163
160.83
165.46
135.47
156
162.63
166.41
159.98
174.17
168.49
862.51
852.58
857.21
-5.03
-4.33
-5.55
-5.98
-5.81
-6.07
-3.47
-3.38
-159.04
-155.31
-147.25
-152.45
-160.43
-157.05
-142.14
-164.85
-147.17
-151.67
-154.1
-148.29
-151.33
-162.33
-144.13
-150.2
-154.36
-140.23
-156.35
-144.39
-93.26
-158.69
-148.38
-154.71
-158.09
-158.26
-148.9
-149.42
-160.77
-146.3
-156.18
-145.26
-144.74
-154.97
-152.63
-166.67
-152.37
-166.93
-161.55
-156.35
-157.39
61.06
57.69
54.31
50.95
47.55
44.15
41.12
37.77
34.41
30.9
27.76
24.25
20.97
17.52
14.19
10.75
6.36
2.18
-2.52
-7.14
-11.58
-14.94
-18.28
-21.61
-25.04
-28.39
-31.78
-35.04
-38.43
-41.53
-44.93
-48.27
-51.63
-55.15
-58.54
-61.94
-65.24
-68.67
-71.99
-75.33
-78.76
-82.13
-83.88
-83.9
-83.89
-83.88
-83.93
-83.9
-83.88
-83.91
-83.87
-81.96
-78.78
-75.31
-71.85
-68.5
-65.11
-61.72
-58.36
-54.97
-51.9
-48.51
-45.09
-41.66
-38.21
-34.86
-31.54
-28.21
-24.77
-21.43
-18.02
-15.04
-11.41
-7.25
-2.67
2.05
6.76
10.95
14.11
17.45
20.93
24.32
27.74
31.03
34.38
37.77
41.03
44.5
47.86
50.96
54.34
57.83
61.23
64.59
