95
39
58
183.72
176.63
187.03
191.76
190.53
189.3
188.26
169.44
172.37
161.77
155.53
162.53
169.53
162.15
188.55
169.82
168.11
182.59
178.9
166.31
158.18
155.06
136.7
132.16
160.45
149.48
154.96
151.75
157.52
166.69
153.26
151.84
153.16
162.63
150.8
159.88
133.68
157.23
147.49
161.77
150.14
164.42
165.65
915.2
898.65
893.82
60.06
-1.21
-0.61
-2.6
-0.95
-0.09
-4.33
-4.68
-142.75
-144.83
-140.06
-142.83
-148.55
-148.03
-133.73
-159.91
-141.1
-146.82
-147.77
-140.75
-145
-160.95
-133.91
-141.79
-146.13
-136.33
-150.46
-135.73
-126.97
-152.45
-141.71
-150.2
-144.57
-147.77
-147.69
-143.53
-152.97
-141.19
-149.94
-138.33
-135.73
-145.52
-147.43
-155.23
-146.73
-155.23
-155.83
-152.71
-149.42
64.6
61.34
57.94
54.55
51.25
47.73
44.56
41.13
37.82
34.34
31.23
27.81
24.35
21.16
17.62
14.41
10.96
6.77
2.12
-2.42
-7.27
-11.24
-14.77
-18.2
-21.39
-24.88
-28.15
-31.59
-34.8
-38.14
-41.77
-44.95
-48.37
-51.62
-55.05
-58.27
-61.74
-64.84
-68.49
-71.81
-75.64
-78.53
-81.76
-84.05
-84.06
-84.06
-84.08
-84.05
-84.06
-84.07
-84.05
-84.03
-82.17
-78.88
-75.39
-71.84
-68.67
-65.18
-61.82
-58.37
-55.28
-51.76
-48.48
-45.05
-41.9
-38.34
-34.92
-31.67
-28.25
-25.04
-21.55
-18.27
-14.83
-11.6
-7.3
-2.62
1.86
6.59
10.82
14.39
17.5
20.98
24.28
27.68
30.99
34.28
37.69
40.94
44.36
47.56
51.05
54.39
57.79
61.28
64.58
