95
38
57
183.63
185.42
185.24
186.99
188.74
187.13
167.83
175.21
157.04
158.18
148.53
169.25
165.27
176.63
170.57
177.01
179.56
182.02
167.64
166.5
151.08
142.19
140.11
161.02
137.84
155.25
160.64
169.63
169.53
161.21
153.45
155.34
156.48
156.85
153.35
137.65
156.85
159.31
165.08
158.56
177.29
167.36
889
888.71
885.59
-5.37
-6.59
-4.25
-3.73
-2.08
-6.15
-3.9
-1.21
-150.55
-149.85
-161.03
-154.53
-156.87
-155.31
-141.19
-164.93
-147.95
-156.44
-148.38
-150.98
-152.8
-166.75
-151.5
-143.09
-151.67
-146.47
-156.35
-146.3
-139.97
-146.47
-148.12
-156.87
-154.1
-150.46
-150.46
-148.64
-156.7
-146.73
-152.45
-135.99
-146.73
-136.42
-146.91
-160.43
-146.47
-158.43
-149.77
-147.43
-157.74
-152.45
60.77
57.46
54.11
50.72
47.32
43.85
40.44
37.15
34.11
30.52
27.4
23.95
20.49
17.2
13.81
10.47
5.93
1.7
-2.97
-7.6
-11.79
-15.22
-18.59
-22.03
-25.44
-28.8
-31.82
-35.16
-38.84
-41.98
-45.38
-48.69
-52.09
-55.46
-58.83
-62.23
-65.75
-68.98
-72.34
-75.78
-78.79
-82.41
-83.91
-83.91
-83.91
-83.89
-83.93
-83.91
-83.91
-83.92
-83.92
-82.78
-79.4
-75.97
-72.48
-69.27
-65.8
-62.52
-59.06
-55.69
-52.4
-48.94
-45.87
-42.48
-39.18
-35.63
-32.28
-28.96
-25.57
-22.19
-18.77
-15.38
-12.31
-8.46
-3.84
1.12
5.72
10.13
13.67
16.9
20.38
23.79
27.16
30.39
33.67
37.08
40.14
43.74
46.92
50.5
53.72
57.16
60.55
63.92
67.31
