95
39
58
184.1
178.8
185.71
180.41
192.8
186.84
183.25
166.22
170
153.54
168.87
150.8
169.06
162.53
181.45
168.68
173.32
176.91
180.13
162.53
160.54
150.8
141.24
133.11
160.45
145.03
158.46
152.22
153.64
164.33
151.27
146.16
150.14
156.57
153.64
154.58
135.76
162.25
150.8
163
156.48
162.34
162.81
908.58
891.84
891.65
-3.73
-2.86
-3.73
-2.77
-0.26
-0.87
-1.3
-0.52
-159.91
-144.13
-145.17
-146.04
-147.17
-142.75
-137.46
-152.97
-141.79
-147.25
-145.87
-142.23
-148.47
-156.27
-141.62
-141.36
-146.3
-137.55
-147.51
-137.98
-89.88
-151.41
-145.17
-151.24
-145.78
-146.65
-145.26
-124.2
-152.54
-147.08
-146.73
-134.08
-138.93
-149.59
-150.11
-160.17
-150.55
-159.3
-150.89
-144.05
-151.76
64.71
61.11
57.64
54.37
51.29
47.77
44.21
41.02
37.55
34.45
31.02
27.65
24.35
20.9
17.64
14.16
10.81
6.56
1.77
-2.59
-7.37
-11.45
-15.03
-18.13
-21.61
-25.1
-28.26
-31.81
-34.9
-38.41
-41.72
-45.19
-48.24
-51.73
-55.19
-58.51
-61.98
-65.22
-68.63
-71.88
-75.24
-78.47
-81.99
-84.01
-84.05
-84.06
-84.06
-84.06
-84.05
-84.06
-84.03
-84.05
-82.31
-78.94
-75.53
-72.3
-68.71
-65.61
-62.07
-58.63
-55.34
-51.84
-48.66
-45.24
-42
-38.45
-35.39
-31.79
-28.72
-25.1
-21.57
-18.48
-15.03
-11.67
-7.35
-3.11
1.72
6.3
10.8
13.86
17.31
20.94
24.07
27.5
30.7
33.88
37.43
40.86
44.09
47.54
50.71
54.26
57.69
60.9
64.43
