97
41
57
177.67
179.65
180.69
191.67
184.57
183.63
165.08
157.37
149.66
156.85
151.37
170.67
167.26
177.57
164.9
171.04
172.84
182.21
164.23
162.34
152.22
139.73
131.78
155.06
143.04
157.04
150.89
156.95
168.96
160.54
151.65
157.71
157.71
156.29
160.17
136.7
153.54
151.27
159.41
154.02
168.4
162.15
932.04
924.1
921.54
-0.78
0.17
0.43
-0.43
-0.69
0.52
-1.56
2.43
-131.56
-140.49
-140.06
-139.37
-145.87
-140.41
-126.88
-151.24
-134.69
-141.1
-142.4
-137.63
-140.84
-154.88
-142.66
-133.13
-137.55
-135.03
-143.09
-121.68
-124.98
-142.4
-134.43
-138.33
-140.06
-141.97
-139.97
-139.11
-146.65
-135.9
-140.32
-132.69
-134.6
-135.47
-140.15
-153.58
-146.73
-152.02
-150.46
-140.58
-151.93
-148.47
-148.9
-137.63
60.49
57.22
54.05
50.51
47.29
43.62
40.25
37.07
33.51
30.36
26.96
23.74
20.31
16.94
13.65
10.49
5.61
1.39
-3.5
-7.82
-12.12
-15.49
-18.81
-22.26
-25.49
-28.94
-32.25
-35.64
-38.84
-42.33
-45.61
-49.07
-52.26
-55.75
-58.87
-62.47
-65.84
-69.11
-72.58
-75.93
-78.97
-82.57
-84.44
-84.42
-84.42
-84.42
-84.42
-84.43
-84.45
-84.43
-84.41
-82.49
-79.37
-75.96
-72.71
-69.55
-66.04
-62.8
-59.15
-55.79
-52.5
-49.07
-45.91
-42.35
-39.23
-35.72
-32.45
-29.03
-25.89
-22.37
-19.19
-15.53
-12.19
-8.4
-3.75
0.83
5.6
10.05
13.43
16.78
20.25
23.45
26.96
30
33.56
36.68
40.25
43.63
46.83
50.5
53.69
57.24
60.43
63.92
67.01
70.55
73.65
