96
39
59
177.19
180.41
184.57
177.19
193.94
184.29
174.26
164.61
158.56
148.06
159.03
148.43
164.9
173.69
166.41
160.73
173.88
169.44
178.99
152.22
155.81
145.12
140.58
148.62
152.79
140.39
146.83
145.5
169.53
181.26
155.06
149.19
152.98
156.48
162.91
145.12
146.35
150.04
156.67
162.53
150.23
166.79
159.12
907.92
907.26
905.27
1.21
1.99
1.56
4.07
3.29
1.56
2.17
3.64
0.87
-135.73
-150.89
-134.51
-141.27
-147.08
-140.23
-140.32
-143.09
-151.24
-133.99
-145.52
-143.27
-142.92
-155.14
-134.25
-134.77
-140.67
-144.48
-134.34
-134.86
-134.6
-125.76
-141.71
-143.18
-138.59
-143.01
-136.33
-146.3
-147.08
-137.37
-128.27
-136.68
-127.4
-146.47
-145.43
-135.55
-145.26
-148.81
-140.06
-149.33
-146.3
63.28
59.68
56.23
53.09
49.53
46.41
42.88
39.78
36.17
33.12
29.55
26.22
22.83
19.44
16.26
12.83
9.36
4.6
0.18
-4.63
-8.91
-12.9
-16.4
-19.47
-22.95
-26.34
-29.7
-32.93
-36.37
-39.87
-43.12
-46.31
-50.12
-52.94
-56.55
-60.03
-63.28
-66.76
-69.75
-73.31
-76.44
-79.95
-83.19
-84.24
-84.25
-84.23
-84.25
-84.24
-84.24
-84.25
-84.25
-84.25
-83.62
-80.61
-77.03
-73.59
-70.49
-66.93
-63.51
-60.18
-56.71
-53.49
-50.06
-46.84
-43.28
-40.27
-36.6
-33.54
-30.06
-26.59
-23.24
-19.91
-16.66
-13.17
-9.6
-4.94
-0.21
4.13
9.04
12.56
16.02
19.13
22.66
26.07
29.33
32.69
35.8
39.33
42.55
46.01
49.32
52.87
56.23
59.65
62.91
66.13
