97
40
59
173.98
179.65
180.51
186.94
185.42
193.47
188.36
184.48
173.13
174.73
154.49
165.37
157.14
160.45
163.76
178.61
169.25
171.23
178.8
183.15
165.94
158.37
149.29
147.02
142.95
159.79
147.68
160.35
152.88
164.42
174.17
158.08
154.58
154.3
161.21
159.6
158.65
138.12
160.73
156.48
164.42
158.65
170.95
164.9
897.04
978.4
906.31
-0.26
-3.55
-0.78
-1.65
-0.52
0.17
-2.77
-0.95
-149.25
-140.93
-149.42
-146.99
-132.43
-150.11
-136.85
-151.07
-144.13
-147.51
-143.61
-119.34
-142.66
-158.17
-147.95
-139.54
-142.92
-136.77
-144.22
-136.94
-134.95
-145.78
-142.14
-151.59
-142.83
-143.4
-143.96
-144.13
-148.55
-141.36
-148.21
-137.46
-142.75
-141.53
-146.65
-157.31
-147.69
-160.08
-155.92
-145.87
-156.87
-149.68
67.36
64.06
60.81
57.25
54.13
50.53
47.26
43.88
40.75
37.16
33.89
30.45
27.46
23.89
20.71
17.17
13.75
10.5
5.87
1.49
-3.23
-7.96
-11.85
-15.44
-18.68
-22.02
-25.16
-28.84
-31.87
-35.43
-38.89
-42.06
-45.64
-48.85
-52.28
-55.5
-58.9
-62.12
-65.64
-68.81
-72.37
-76.1
-79.08
-82.56
-84.04
-84.07
-84.04
-84.05
-84.05
-84.05
-84.05
-84.04
-84.03
-82.37
-78.93
-75.85
-72.25
-68.99
-65.6
-62.31
-58.87
-55.7
-52.27
-49.09
-45.5
-42.36
-38.72
-35.67
-32.07
-28.99
-25.37
-21.98
-18.66
-15.33
-11.98
-7.97
-3.57
1.51
5.8
10.42
13.58
17.07
20.56
23.78
27.29
30.44
33.87
37.12
40.59
43.8
47.32
50.51
54.05
57.3
60.74
64.11
67.49
