124
52
72
182.87
174.55
183.53
183.68
183.82
189.11
190.53
181.26
181.26
165.46
152.69
159.31
149.66
147.96
156.38
191.01
162.81
153.07
167.73
179.09
161.3
164.23
175.02
167.07
173.22
171.52
146.54
148.81
146.64
136.42
134.62
142.47
156.67
140.01
154.87
189.4
158.18
154.68
179.09
156.38
163.48
159.69
157.99
161.16
164.33
156
169.91
148.15
140.96
160.35
153.16
156
163.57
160.07
164.8
167.17
167.17
861
853.52
849.36
-6.15
-5.89
-6.85
-4.16
-4.51
3.21
-3.38
-3.38
-149.33
-151.41
-167.01
-152.71
-152.89
-156.7
-160.34
-156.79
-138.15
-150.55
-164.5
-149.68
-159.04
-148.9
-155.05
-150.81
-150.81
-159.47
-164.15
-134.86
-144.13
-142.75
-150.29
-141.79
-155.05
-142.57
-142.05
-129.14
-150.89
-125.58
-146.04
-156.53
-148.47
-146.82
-147.34
-146.47
-142.05
-152.19
-153.06
-144.31
-144.65
-133.13
-145.26
-133.99
-139.97
-145.78
-143.09
-155.05
-148.99
-153.23
-158.69
-158.87
-151.76
-156.18
-151.41
-146.73
64.36
61.72
59.21
56.69
54.1
51.61
49.05
46.44
43.93
41.66
39.09
36.51
33.94
31.41
29.02
26.42
23.92
21.41
19.1
16.55
13.92
11.41
8.42
4.96
1.49
-2.01
-5.6
-9.08
-11.93
-14.47
-16.76
-19.34
-21.9
-24.46
-26.97
-29.57
-32.08
-34.59
-37.05
-39.68
-42.15
-44.71
-46.98
-49.61
-52.15
-54.71
-57.15
-59.77
-62.33
-64.78
-67.26
-69.88
-72.33
-74.9
-77.43
-79.71
-82.3
-83.9
-83.91
-83.89
-83.91
-83.91
-83.92
-83.91
-83.91
-83.35
-80.69
-78.09
-75.83
-73.27
-70.6
-68.18
-65.6
-63.05
-60.53
-57.99
-55.45
-53.13
-50.53
-47.94
-45.47
-42.91
-40.42
-37.83
-35.27
-32.74
-30.29
-27.97
-25.26
-22.9
-20.25
-17.8
-15.3
-12.63
-10.07
-6.62
-3.13
0.5
3.81
7.38
10.6
12.9
15.58
18.16
20.72
23.18
25.71
28.21
30.68
33.23
35.71
38.03
40.52
43.12
45.69
48.19
50.74
53.35
55.83
58.42
60.87
63.55
66.06
68.41
