96
39
58
164.8
171.99
175.78
169.72
181.74
170.76
168.49
161.02
160.07
136.89
148.72
139.16
157.52
158.46
163
153.35
165.56
163.67
168.02
148.53
145.69
140.3
133.68
126.86
140.87
123.36
145.79
134.53
157.33
150.14
143.04
142.66
147.96
146.07
151.37
136.51
129.89
148.53
142.19
150.7
148.15
161.49
154.21
953.61
936.21
931.38
-0.52
1.65
0.26
1.91
0.87
2.86
1.13
-0.35
-144.65
-148.12
-142.14
-146.91
-147.34
-144.31
-133.99
-159.3
-142.57
-151.15
-147.6
-140.32
-148.64
-160.51
-141.19
-142.49
-143.79
-137.98
-144.65
-133.47
-126.8
-145.87
-141.53
-145.09
-149.68
-119.52
-143.96
-138.07
-151.41
-138.33
-147.6
-133.56
-137.46
-138.85
-144.65
-157.83
-146.56
-162.25
-151.15
-141.88
-149.25
-144.48
64.27
61.09
57.66
54.4
50.86
47.46
44.03
40.92
37.36
33.91
30.73
27.37
24.09
20.64
17.47
14.01
10.7
6.17
1.9
-2.99
-7.34
-11.66
-15.22
-18.49
-21.89
-25.18
-28.56
-31.9
-35.33
-38.46
-42
-45.21
-48.71
-51.83
-55.38
-58.49
-62.13
-65.58
-68.88
-72.29
-75.52
-78.96
-82.25
-84.35
-84.3
-84.32
-84.3
-84.32
-84.32
-84.31
-84.34
-84.23
-82.05
-79.05
-75.46
-72.36
-68.84
-65.35
-62.01
-58.56
-55.43
-51.92
-48.83
-45.32
-42.09
-38.58
-35.4
-31.84
-28.78
-25.11
-21.76
-18.53
-15.12
-11.65
-7.41
-3.1
1.61
6.06
10.71
13.87
17.38
20.5
24.12
27.75
30.69
33.91
37.4
40.61
44.14
47.25
50.85
54.3
57.63
60.7
64.36
67.44
