126
51
76
137.56
160.12
164.19
147.35
175.59
181.12
168.4
181.88
178.8
165.65
181.79
157.8
162.01
166.41
143
144.56
155.58
143.47
146.83
159.69
152.74
145.36
167.12
166.88
170.62
175.35
157.14
172.66
177.2
151.23
153.12
151.65
143.23
149.29
134.58
124.98
127.62
123.89
124.88
149.62
140.73
135.62
139.59
139.45
145.03
155.96
142.67
158.23
170.34
151.46
165.61
179.89
161.87
145.69
160.78
152.36
157.9
170.34
162.15
395.97
433.53
439.3
0.44
0.91
1.69
-0.7
9.36
2.99
7.11
-54.86
-116.44
-121.6
-115.53
-118.13
-130.4
-122.77
-138.76
-152.63
-127.93
-125.98
-143.22
-126.76
-115.58
-125.15
-120.56
-109.21
-102.84
-98.11
-112.07
-113.76
-83.16
-91.96
-95.56
-101.02
-113.41
-129.31
-114.8
-128.23
-124.29
-133.26
-165.54
-144.18
-134.38
-155.84
-148.55
-137.24
-136.68
-117.27
-126.37
-139.37
-116.1
-115.36
-128.88
-111.85
-122.29
-138.5
-117.83
-154.45
-172
-155.62
-176.03
-177.03
-160.65
-178.11
-155.36
-131.61
60.15
57.8
55.38
53.05
50.87
48.26
45.97
43.56
41.23
38.87
36.49
34.11
31.79
29.7
27.37
24.89
22.6
20.15
17.88
15.52
13.13
10.69
8.13
4.61
1.36
-2.02
-4.95
-8.06
-11.15
-13.61
-15.97
-18.25
-20.71
-22.95
-25.44
-27.53
-29.91
-32.33
-34.62
-36.92
-39.37
-41.74
-44.1
-46.39
-48.81
-51.18
-53.5
-55.83
-58.2
-60.53
-62.8
-65.25
-67.59
-70.02
-72.24
-74.66
-76.99
-79.35
-81.77
-83.49
-83.88
-83.85
-83.86
-83.87
-83.88
-83.87
-83.78
-81.35
-78.73
-76.36
-74.06
-71.64
-69.32
-67.07
-64.67
-62.22
-60
-57.6
-55.21
-52.82
-50.57
-48.1
-45.99
-43.64
-41.09
-38.77
-36.33
-33.97
-31.91
-29.5
-26.98
-24.73
-22.32
-20.06
-17.66
-15.56
-13.07
-10.6
-7.38
-4.37
-1.01
2.29
5.6
8.71
11.27
13.83
16.18
18.4
20.62
23.16
25.52
27.94
30.04
32.54
34.76
37.23
39.6
41.83
44.22
46.57
48.95
51.12
53.7
55.87
58.42
60.53
