128
52
77
134.53
139.78
153.26
142.15
152.6
175.54
163.76
169.2
175.07
154.92
166.79
162.53
133.92
150.61
143.94
127.39
145.13
141.48
131.88
149.48
150.47
133.68
150.94
159.22
160.12
166.51
153.07
153.55
174.45
160.5
142.19
147.44
139.31
144.04
133.77
122.42
121.43
125.83
113.48
136.56
138.98
123.18
130.27
130.23
139.07
146.73
147.54
144.18
166.32
154.07
146.54
172.56
165.09
140.06
149.81
150.09
149.43
150
156.01
154.07
454.77
448.1
446.16
-4.68
-6.37
-5.98
-5.38
-3.77
-2.3
-1.35
-2.43
-130.18
-119.22
-118.65
-112.46
-121.73
-121.47
-122.08
-146.3
-141.49
-122.29
-136.94
-138.46
-115.49
-119.61
-120.3
-117.35
-102.45
-96.51
-99.63
-116.88
-95.3
-82.73
-95.25
-94.04
-95.08
-119.13
-122.12
-114.32
-124.72
-118
-144.22
-160.6
-97.81
-138.76
-153.32
-135.99
-141.4
-127.41
-108.99
-122.08
-120.82
-106.43
-119.13
-123.46
-103.27
-133.56
-127.15
-116.83
-160.56
-157.57
-150.85
-172.13
-160.95
-152.5
-165.46
-128.58
-124.94
60.32
57.99
55.7
53.22
50.95
48.47
46.17
43.66
41.65
39.14
36.9
34.41
32.08
29.76
27.43
24.94
22.87
20.39
17.98
15.65
13.51
11.02
8.22
4.94
1.67
-1.47
-4.96
-8.05
-10.77
-13.16
-15.7
-17.96
-20.39
-22.71
-25.06
-27.47
-29.81
-32.13
-34.47
-36.79
-39.2
-41.69
-43.65
-46.1
-48.37
-50.85
-53.21
-55.61
-57.88
-60.41
-62.68
-65.06
-67.49
-69.64
-71.93
-74.4
-76.83
-78.92
-81.45
-83.8
-85.03
-85.05
-85.06
-85.04
-85.07
-85.06
-85.06
-85.05
-84.58
-81.13
-78.67
-76.72
-73.91
-71.71
-69.31
-67.16
-64.6
-62.23
-59.92
-57.49
-55.35
-53.01
-50.64
-48.1
-45.9
-43.48
-41.17
-38.72
-36.42
-34.07
-31.84
-29.55
-27.17
-24.79
-22.36
-20.05
-17.81
-15.42
-12.8
-10.65
-7.44
-4.39
-1.06
2.24
5.26
8.53
11.4
13.74
16.16
18.43
20.8
23.2
25.55
27.94
29.91
32.41
34.75
37.26
39.33
41.64
44.11
46.5
48.78
51.31
53.61
55.91
58.4
60.81
