126
51
76
133.06
154.07
148.01
140.77
168.87
175.21
159.84
176.06
169.34
154.3
171.28
143.99
139.31
155.58
129.99
139.69
143.52
132.26
138.65
147.82
139.69
136.52
156.62
151.18
165.99
164.57
147.54
170.05
170.62
140.82
146.59
144.79
140.06
143.85
126.58
121
124.03
119.77
120.48
146.64
134.62
130.04
128
134.62
140.54
147.11
134.72
153.83
163.24
140.35
157.19
169.16
151.75
141.72
150.75
143.52
147.68
155.63
152.93
346.78
436.7
434.24
2.95
2.99
3.64
2.6
4.73
4.42
4.42
-14.26
-109.51
-114.8
-108.08
-105.18
-121.08
-112.02
-123.64
-142.23
-120.69
-116.23
-137.2
-120.73
-106.56
-115.79
-87.19
-102.79
-96.73
-90.92
-102.49
-111.24
-81.3
-85.16
-88.02
-96.47
-98.72
-120.3
-112.89
-115.71
-109.6
-123.25
-154.06
-135.94
-118.78
-146.82
-139.28
-124.5
-129.57
-106.95
-115.53
-129.96
-109.9
-105.26
-120.95
-107.47
-106.91
-131.61
-111.63
-137.29
-161.25
-145.39
-164.16
-167.97
-148.12
-163.38
-151.41
-118.57
59
56.76
54.33
51.96
49.7
47.25
44.86
42.55
40.37
37.9
35.65
33.15
30.83
28.61
26.17
23.86
21.51
19.14
17.02
14.51
12.22
9.67
6.48
3.43
0.14
-3.2
-6.46
-9.72
-12.16
-14.7
-16.98
-19.3
-21.57
-23.9
-26.42
-28.75
-31.04
-33.3
-35.74
-37.97
-40.53
-42.67
-45.08
-47.36
-49.79
-52.16
-54.57
-56.91
-59.04
-61.64
-63.74
-66.22
-68.63
-71.11
-73.32
-75.75
-78.03
-80.44
-82.52
-84.63
-85.08
-85.1
-85.08
-85.1
-85.11
-85.1
-85.04
-82.39
-79.84
-77.44
-75.42
-72.79
-70.45
-68.06
-65.83
-63.53
-61.22
-58.79
-56.48
-54.03
-51.72
-49.36
-47.01
-44.64
-42.23
-39.93
-37.43
-35.36
-32.92
-30.69
-28.13
-25.94
-23.48
-21.16
-19
-16.61
-14.13
-11.75
-9.08
-5.84
-2.68
0.95
3.86
7.13
10.28
12.73
15.01
17.24
19.56
22.02
24.4
26.79
28.99
31.34
33.66
35.97
38.33
40.67
42.86
45.22
47.69
50.1
52.69
54.61
57.08
59.55
