126
51
76
137.84
154.11
158.42
147.11
170.91
182.26
168.11
178.33
186.09
160.17
183.68
163.76
142.48
164.09
147.49
142.62
156.15
147.59
145.13
162.49
158.42
141.15
166.55
162.49
169.68
177.58
156.86
169.44
174.83
163.53
146.21
142.81
132.26
139.88
123.51
112.06
114.57
117.17
107.85
150.71
131.64
124.03
127.2
128.24
135.81
144.89
137.56
147.16
162.01
148.06
154.73
174.31
161.16
142.15
155.34
150.42
152.88
164.71
160.88
367.87
456.71
459.78
-1.22
-0.57
-0.7
-1.04
-1.65
0.22
-0.39
-101.84
-114.84
-121.08
-117.4
-121.38
-127.45
-126.84
-142.14
-151.59
-126.15
-138.02
-144.65
-121.38
-119.13
-123.85
-118.22
-103.49
-99.76
-99.89
-117.74
-105.52
-84.64
-97.46
-97.07
-100.41
-118.7
-127.54
-115.1
-129.88
-123.03
-141.49
-171.35
-144.48
-139.45
-145.52
-144.87
-145.09
-138.28
-120.73
-132.74
-135.81
-117.74
-124.63
-131.09
-112.24
-135.12
-139.32
-123.29
-166.97
-179.37
-162.08
-181.14
-177.55
-164.07
-182.66
-155.79
-129.27
59.91
57.66
55.34
52.85
50.64
48.2
45.8
43.69
41.26
38.78
36.54
34.07
31.76
29.5
27.16
24.96
22.7
20.12
17.81
15.51
13.25
10.8
7.98
4.5
1.28
-1.93
-5.28
-8.41
-11.31
-13.49
-16.03
-18.3
-20.69
-22.96
-25.5
-27.73
-30.08
-32.4
-34.78
-37.04
-39.43
-41.83
-44.24
-46.48
-48.91
-51.06
-53.4
-55.86
-58.1
-60.61
-62.94
-65.32
-67.74
-70.14
-72.25
-74.78
-77.1
-79.5
-81.63
-83.88
-84.35
-84.34
-84.36
-84.35
-84.33
-84.33
-84.1
-81.23
-78.96
-76.65
-74.18
-71.78
-69.41
-67.05
-64.66
-62.28
-60.23
-57.81
-55.46
-52.92
-50.59
-48.17
-46.11
-43.73
-41.38
-38.89
-36.55
-34.17
-31.84
-29.47
-27.28
-24.95
-22.43
-20.18
-17.82
-15.51
-13
-10.73
-7.56
-4.53
-1.2
2.1
5.38
8.5
11.39
13.77
15.89
18.38
20.6
23.11
25.46
27.73
30.02
32.48
34.71
37.18
39.52
41.73
43.88
46.3
48.74
51.25
53.65
55.66
58.25
60.63
