150
66
85
158.18
140.3
153.45
142.47
155.91
153.07
149.29
150.89
149.29
136.42
146.45
142.38
146.92
136.23
149.76
142.1
150.04
158.37
135.28
145.22
139.16
135.57
140.01
126.2
139.35
140.87
136.51
144.56
125.45
141.81
146.92
134.72
153.16
132.35
131.31
142.47
136.23
152.41
137.08
129.61
150.52
140.39
145.69
139.54
138.78
147.68
143.42
148.91
131.97
141.72
140.49
155.34
141.24
144.65
143.14
153.92
152.03
150.99
149.85
178.14
170.1
197.53
162.53
142.95
159.41
157.14
780.87
781.72
779.35
779.64
779.82
-1.99
-1.73
-0.17
-1.13
-0.87
-2.43
-1.99
-0.61
-2.34
-1.13
-1.56
-0.78
-0.43
-141.53
-129.4
-144.91
-173.86
-162.77
-150.55
-157.48
-143.09
-142.92
-148.12
-142.49
-139.8
-143.44
-136.94
-147.77
-139.11
-146.91
-136.16
-152.54
-143.7
-152.8
-150.81
-147.34
-147.43
-140.23
-138.33
-144.83
-136.07
-139.71
-131.39
-146.21
-136.85
-135.55
-146.73
-136.85
-139.97
-134.08
-136.07
-149.68
-132
-135.21
-139.97
-142.57
-150.81
-138.67
-147.25
-142.4
-137.37
-153.67
-136.07
-144.83
-143.96
-140.58
-143.44
-134.25
-147.77
-148.38
-150.63
-157.74
-147.08
-142.92
-147.77
-142.92
-145.78
-146.65
-169.44
67.95
65.38
62.8
60.3
57.75
55.23
52.76
50.13
47.63
45.22
42.61
40.13
37.53
35.06
32.67
30.12
27.6
25.14
22.49
20.1
17.43
15.01
12.48
9.85
6.47
3.04
-0.59
-3.92
-7.49
-10.81
-13.29
-15.85
-18.39
-20.83
-23.46
-25.9
-28.42
-30.96
-33.43
-36.02
-38.48
-40.98
-43.59
-46.06
-48.54
-51.11
-53.63
-56.1
-58.72
-61.14
-63.79
-66.25
-68.74
-71.31
-73.78
-76.22
-78.84
-81.34
-83.94
-86.36
-88.87
-91.42
-93.92
-96.51
-98.97
-101.46
-103.1
-103.14
-103.14
-103.12
-103.14
-103.12
-103.14
-103.13
-103.15
-103.13
-102.65
-99.45
-96.88
-94.35
-91.76
-89.31
-86.73
-84.26
-81.95
-79.19
-76.74
-74.1
-71.66
-69.14
-66.61
-64.08
-61.66
-59.01
-56.61
-53.94
-51.51
-48.98
-46.42
-43.91
-41.53
-38.81
-36.45
-33.7
-31.33
-28.84
-26.32
-23.74
-21.3
-18.72
-16.26
-13.72
-11.17
-8.05
-4.46
-0.96
2.36
6
9.37
12.06
14.6
17.15
19.7
22.23
24.62
27.3
29.74
32.2
34.72
37.22
39.64
42.28
44.72
47.4
49.76
52.34
54.92
57.42
59.89
62.47
64.92
67.57
70.02
72.5
75.13
77.58
80.05
82.69
85.14
87.75
