153
71
88
15.7
-0.47
0.76
0.95
1.04
162.81
144.93
160.07
145.22
162.53
158.08
156
167.92
153.45
144.37
155.53
142.95
153.64
144.56
155.25
147.2
154.68
151.37
138.69
152.98
149.57
148.43
166.13
134.05
145.6
148.72
145.6
150.61
136.7
142.95
154.39
145.41
159.98
175.68
137.18
145.69
142.38
156.76
140.77
130.65
155.34
149.66
154.3
143.99
142.76
150.99
150.52
150.52
136.8
150.99
146.83
163.57
144.37
154.49
141.81
156.48
158.84
157.52
151.37
182.11
173.13
204.82
164.9
149.1
164.9
168.02
788.15
780.58
782.28
3.47
3.03
3.81
2.6
1.91
3.81
4.42
4.16
0.87
1.82
3.64
3.55
1.3
-135.55
-137.37
-140.41
-164.15
-164.15
-149.51
-157.74
-141.53
-139.45
-150.46
-142.83
-140.75
-141.45
-137.98
-130.35
-138.07
-143.79
-136.07
-152.97
-144.13
-149.07
-156.35
-144.91
-143.35
-141.79
-139.45
-147.34
-135.55
-139.11
-128.53
-147.6
-147.6
-135.55
-146.65
-143.01
-145.35
-138.15
-128.36
-150.46
-141.01
-142.31
-148.73
-142.83
-156.44
-147.86
-150.46
-151.67
-137.81
-153.58
-136.16
-136.25
-152.54
-139.71
-141.79
-137.55
-147.51
-150.98
-153.06
-156.01
-153.75
-144.13
-152.02
-152.45
-145.26
-146.73
-164.5
80.42
77.96
75.48
72.9
70.4
67.64
65.34
62.77
60.39
57.86
55.32
52.71
49.8
47.61
45.15
42.71
40.17
37.59
35.08
32.2
30.15
27.58
25.03
22.61
20.08
17.52
14.63
12.43
9.84
6.56
3.04
-0.48
-3.99
-8.08
-10.77
-13.41
-15.71
-18.6
-20.83
-23.4
-25.89
-28.45
-30.98
-33.33
-36.28
-38.45
-41.02
-43.53
-46.09
-48.54
-51.01
-54.01
-56.1
-58.66
-61.16
-63.75
-66.31
-68.67
-71.63
-73.73
-76.23
-78.81
-81.4
-83.81
-86.32
-89.09
-91.36
-93.94
-96.48
-99.02
-101.42
-102.88
-102.92
-102.91
-102.9
-102.91
-102.92
-102.92
-102.92
-102.16
-99.61
-96.92
-94.38
-91.81
-89.45
-86.94
-84.04
-81.98
-79.31
-76.76
-74.36
-71.85
-69.21
-66.5
-64.16
-61.66
-59.12
-56.65
-54.15
-51.62
-48.84
-46.57
-43.96
-41.63
-38.99
-36.5
-33.93
-31.07
-28.88
-26.49
-23.94
-21.34
-18.83
-16.3
-13.54
-11.35
-8.21
-4.72
-1.01
2.22
5.8
9.31
11.93
14.43
17.02
19.61
22.07
24.61
27.19
29.74
32.13
34.54
37.5
39.58
42.19
44.69
47.69
49.66
52.2
54.78
57.37
59.89
62.28
65.11
67.34
69.87
72.46
74.98
77.58
79.9
82.98
85.01
87.55
