149
67
84
123.93
157.33
146.64
155.91
140.3
158.65
157.71
154.58
164.14
147.11
139.16
145.79
139.16
151.46
142.66
151.08
137.46
153.26
148.25
140.49
146.54
144.65
148.06
144.65
133.2
137.27
142.19
143.7
148.15
129.89
143.23
150.8
145.6
158.84
133.96
141.72
130.55
144.56
153.16
138.78
126.11
149.1
146.92
154.96
143.7
141.81
143.52
150.52
141.06
135.47
138.88
147.96
158.08
150.04
149.95
140.49
146.73
158.65
155.15
153.92
175.87
171.23
194.13
151.46
142.1
155.34
159.41
742.08
738.58
737.54
0.78
1.04
1.3
1.13
1.39
2.34
1.13
2.86
1.73
3.47
2.25
2.51
2.6
-131.22
-136.25
-133.3
-160.6
-169.96
-146.13
-156.79
-139.54
-140.23
-144.39
-138.93
-137.2
-145.43
-132.6
-148.47
-137.81
-142.05
-133.99
-148.99
-146.99
-148.73
-155.14
-143.35
-146.21
-138.59
-139.19
-141.01
-139.89
-136.59
-130.18
-138.33
-141.88
-134.34
-145.17
-140.23
-141.19
-135.55
-127.84
-148.73
-136.16
-140.93
-152.11
-141.1
-154.97
-147.08
-149.94
-154.53
-136.42
-146.73
-141.45
-138.93
-157.65
-138.41
-138.5
-135.73
-148.99
-155.83
-152.11
-153.67
-148.81
-142.05
-154.62
-148.21
-137.63
-142.92
-158.78
70.41
67.8
65.35
62.8
60.29
57.86
55.34
52.81
50.03
47.73
45.22
42.68
40.14
37.56
35.09
32.42
30.17
27.61
25.06
22.5
20.02
17.51
14.75
12.59
10.06
6.62
3.01
-0.46
-3.86
-8.01
-10.73
-13.27
-15.77
-18.37
-20.92
-23.3
-26.42
-28.45
-30.95
-33.32
-35.93
-38.41
-40.96
-43.72
-46
-48.5
-51.08
-53.58
-56.14
-58.65
-61.73
-63.71
-66.29
-68.75
-71.4
-73.81
-76.32
-78.69
-81.28
-83.81
-86.29
-89.36
-91.36
-93.9
-96.45
-98.97
-101.46
-102.55
-102.56
-102.56
-102.58
-102.54
-102.55
-102.54
-102.56
-102.33
-99.78
-97.02
-94.52
-91.64
-89.44
-86.89
-84.34
-81.97
-79.3
-76.92
-74.05
-71.87
-69.32
-66.82
-64.22
-61.75
-59.2
-56.44
-54.14
-51.63
-49.04
-46.51
-43.97
-41.6
-38.62
-36.55
-34.01
-31.51
-28.97
-26.47
-23.94
-21.01
-18.9
-16.38
-13.81
-11.29
-8.18
-4.69
-0.48
2.22
5.8
9.28
12.01
14.53
16.95
19.92
22.15
24.53
27.01
29.57
32.07
34.54
37.2
39.53
42.09
44.61
47.17
49.68
52.2
55.28
57.28
59.79
62.33
64.87
67.48
69.92
72.75
75.04
77.41
79.92
82.47
85.03
87.54
