150
67
84
142.38
158.65
152.03
161.02
144.46
158.27
156.48
159.22
168.87
149.95
133.2
147.68
140.68
150.33
146.16
156.38
142.38
163.1
148.91
144.65
149
147.58
147.68
150.04
137.65
142.19
143.7
146.92
153.26
134.34
143.04
142.19
155.91
151.27
132.16
143.33
140.49
142.66
151.65
137.84
126.77
143.42
143.23
157.23
143.23
147.58
144.74
151.75
141.81
141.81
143.89
152.6
155.15
150.8
147.2
143.23
153.45
158.65
158.46
161.11
179.18
174.07
199.52
160.64
146.45
155.44
164.52
779.45
776.32
775.28
1.65
1.13
1.56
1.21
0.69
-1.91
1.21
-0.26
1.13
-0.26
0.61
0.35
1.3
-135.47
-140.49
-129.4
-162.77
-181.23
-150.98
-159.21
-144.57
-142.92
-148.55
-140.23
-140.58
-145.26
-139.97
-157.48
-143.01
-143.96
-137.63
-143.96
-146.65
-155.83
-154.97
-147.51
-148.64
-143.96
-140.06
-146.13
-139.89
-144.39
-137.2
-136.42
-144.13
-136.51
-151.67
-146.39
-145.87
-142.49
-130
-148.47
-144.05
-143.96
-155.05
-137.98
-147.08
-149.42
-145.95
-156.7
-138.76
-141.27
-144.39
-138.33
-160.08
-143.09
-138.15
-139.54
-149.85
-161.21
-154.1
-155.57
-149.51
-148.38
-159.99
-152.63
-137.37
-142.05
-160.34
-228.9
70.76
68.16
65.64
62.83
60.5
58
55.55
52.98
50.41
47.9
45.17
42.83
40.46
37.9
35.33
32.86
30.38
27.54
25.32
22.85
20.36
17.74
15.24
12.72
9.76
6.76
3.21
-0.04
-3.74
-7.27
-10.53
-13.41
-15.57
-18.18
-20.59
-23.34
-25.64
-28.16
-30.65
-33.23
-35.7
-38.16
-41.16
-43.21
-45.76
-48.34
-50.87
-53.32
-55.85
-58.84
-60.87
-63.45
-66.02
-68.52
-71.06
-73.46
-76.25
-78.52
-81.15
-83.61
-86.25
-88.68
-91.18
-93.62
-96.19
-98.67
-101.22
-102.21
-102.2
-102.19
-102.19
-102.2
-102.2
-102.2
-102.2
-102.01
-99.77
-97.02
-94.45
-91.89
-89.4
-86.81
-84.29
-82.07
-79.44
-76.81
-74.29
-71.72
-68.82
-66.71
-64.16
-61.79
-59.26
-56.67
-54.18
-51.55
-49.06
-46.69
-44.12
-41.53
-38.98
-36.48
-33.77
-31.4
-28.89
-26.52
-23.95
-21.37
-18.83
-15.97
-13.9
-11.38
-8.36
-4.76
-1.14
2.26
6.17
9.13
11.95
14.45
17.02
19.56
22.12
25.1
27.02
29.58
32.12
34.61
37.16
39.52
42.34
44.58
47.15
49.71
52.28
54.71
57.27
60.06
62.38
64.9
67.45
70.36
72.39
74.9
77.43
79.95
82.59
85.12
88.13
89.96
