150
66
85
161.96
144.18
156.76
144.27
154.87
153.83
150.14
153.35
152.31
138.78
150.7
137.55
145.5
139.73
153.73
141.24
151.27
141.53
133.2
140.68
135.85
136.99
136.99
123.46
132.16
139.07
134.53
142
129.51
141.24
143.23
134.34
149.1
128.66
127.15
139.92
131.41
144.27
136.04
125.16
147.49
144.37
150.04
139.07
142
147.2
145.6
144.93
129.32
142.19
139.64
155.53
142.19
146.35
138.97
153.07
154.96
152.5
148.15
175.78
170.29
203.02
160.17
138.69
159.12
157.89
755.13
740.75
740.37
740.47
740
-1.21
0.09
-1.3
0.52
-0.52
-1.04
-0.43
-0.52
-1.21
-1.47
-0.61
-1.82
-0.26
-144.83
-131.3
-147.51
-173.17
-162.42
-150.29
-156.79
-146.21
-143.96
-151.07
-145.95
-143.18
-145.35
-139.54
-119.6
-137.11
-144.39
-134.6
-146.3
-146.65
-150.63
-148.47
-146.13
-147.95
-140.41
-136.68
-141.88
-133.73
-137.37
-76.88
-144.13
-134.77
-132.34
-142.14
-137.63
-136.77
-128.01
-114.06
-147.08
-130.87
-135.81
-136.77
-140.41
-154.62
-138.93
-145.61
-140.41
-136.51
-155.75
-134.43
-131.22
-144.22
-142.05
-142.4
-138.59
-132.08
-151.15
-150.37
-158.09
-152.37
-142.92
-148.03
-145.09
-149.25
-147.95
-170.65
67.96
65.26
62.78
60.31
57.76
55.24
52.61
50.13
47.62
45.06
42.58
40.12
37.52
35.07
32.51
30.11
27.61
25
22.49
20.08
17.43
14.98
12.36
9.87
6.45
2.88
-0.58
-4.11
-7.64
-10.77
-13.43
-15.85
-18.39
-20.94
-23.45
-26.03
-28.52
-30.92
-33.55
-36.01
-38.46
-41.1
-43.56
-46.17
-48.64
-51.08
-53.72
-56.2
-58.68
-61.25
-63.78
-66.36
-68.87
-71.29
-73.88
-76.32
-78.84
-81.46
-83.94
-86.35
-88.98
-91.4
-94.07
-96.53
-98.96
-101.55
-103.1
-103.1
-103.12
-103.11
-103.11
-103.12
-103.12
-103.14
-103.12
-103.11
-102.54
-99.46
-96.76
-94.24
-91.77
-89.18
-86.72
-84.22
-81.79
-79.17
-76.63
-74.14
-71.64
-69.01
-66.6
-64.07
-61.5
-59
-56.57
-53.91
-51.46
-48.82
-46.41
-43.85
-41.35
-38.76
-36.41
-33.69
-31.3
-28.69
-26.29
-23.74
-21.15
-18.7
-16.24
-13.58
-11.13
-7.87
-4.46
-0.96
2.52
6.02
9.37
12.19
14.61
17.3
19.7
22.19
24.76
27.29
29.74
32.35
34.72
37.23
39.77
42.3
44.86
47.4
49.78
52.48
54.94
57.47
59.99
62.48
64.97
67.6
70.02
72.67
75.15
77.61
80.15
82.69
85.17
87.78
