148
66
83
155.44
144.37
156.57
141.15
156.1
152.79
152.03
164.71
150.14
140.11
146.73
138.69
150.42
144.27
158.94
142.85
154.87
149.95
139.83
150.7
145.88
147.68
145.5
131.22
145.5
144.65
142.76
148.25
130.84
146.92
151.75
146.35
156.19
136.7
134.53
149.29
140.39
155.91
141.34
124.31
152.22
144.37
151.37
142.47
137.55
145.5
150.14
139.07
157.71
144.74
142.47
162.06
147.3
152.12
140.01
150.8
156.38
156.19
155.15
177.1
170.29
200.75
153.54
143.04
159.79
164.14
748.42
743.59
745.29
0.87
2.34
2.69
2.25
1.04
4.51
1.21
0.35
2.95
2.25
2.69
2.34
3.03
-139.19
-137.29
-138.24
-166.58
-158.35
-149.51
-154.53
-139.54
-143.79
-146.39
-141.53
-141.01
-144.91
-135.81
-143.7
-136.85
-143.09
-136.42
-149.85
-137.63
-143.61
-150.37
-141.71
-143.01
-139.19
-142.57
-145.61
-138.59
-140.15
-132.26
-147.51
-146.13
-134.95
-142.92
-122.03
-143.79
-137.55
-133.65
-148.12
-139.02
-142.66
-151.59
-144.13
-159.04
-145.17
-152.02
-145.69
-134.34
-151.76
-139.37
-138.59
-155.49
-135.47
-139.02
-138.41
-145.43
-133.13
-150.46
-156.7
-148.73
-144.74
-154.1
-149.68
-145.78
-144.31
-161.21
67.82
65.63
63.11
60.59
58.05
55.51
52.95
50.08
47.86
45.36
42.82
40.31
37.74
35.23
32.51
30.33
27.77
25.23
22.69
20.36
17.78
14.88
12.76
10.19
6.78
3.26
-0.2
-3.68
-7.76
-10.56
-13.1
-15.61
-18.29
-20.69
-23.28
-25.64
-28.17
-30.64
-33.19
-36.02
-38.31
-40.83
-43.32
-45.86
-48.41
-50.89
-53.52
-56.01
-58.53
-60.88
-63.45
-65.95
-68.51
-71.05
-73.6
-76.1
-78.62
-81.2
-83.69
-86.22
-89.13
-91.24
-93.8
-96.32
-98.73
-101.25
-102.54
-102.55
-102.56
-102.57
-102.57
-102.57
-102.54
-102.55
-102.27
-99.46
-96.75
-94.22
-91.2
-89.16
-86.65
-84.11
-81.75
-79.07
-76.52
-73.86
-71.62
-69.04
-66.57
-63.96
-61.48
-58.95
-56.07
-53.9
-51.37
-48.78
-46.25
-43.75
-41.29
-38.65
-36.38
-33.69
-31.25
-28.35
-26.28
-23.71
-21.16
-18.63
-16.09
-13.52
-10.69
-7.81
-4.31
-0.79
2.74
6.04
9.46
12.16
14.66
17.3
19.75
22.53
24.83
27.38
29.92
32.41
34.9
37.42
40.15
42.36
44.85
47.39
49.87
52.47
55.01
57.63
60.13
62.61
65.5
67.69
70.19
72.62
75.3
77.67
80.15
82.74
85.27
87.8
