151
67
85
100.09
156.29
142.47
156.48
139.64
153.64
153.26
147.11
157.61
147.87
138.03
150.33
135.28
149.57
138.69
157.99
142.29
152.41
144.08
135.66
143.89
142.76
138.03
141.53
128.09
137.37
142.29
139.07
147.58
130.74
139.54
143.23
137.27
148.34
127.05
130.93
139.16
134.53
151.75
139.92
124.97
149.38
143.23
151.27
143.33
137.74
147.96
145.88
143.14
130.74
140.96
139.83
154.21
144.27
145.41
136.8
153.92
153.64
153.54
145.6
175.3
169.91
198.76
157.99
146.35
155.91
159.79
1010.85
1274.8
1274.8
1275.46
1273.66
-3.38
5.2
-2.95
-1.13
-3.21
-1.56
-0.95
-1.99
-1.73
4.42
-0.61
-2.08
-139.89
-143.27
-126.8
-147.95
-174.73
-143.18
-154.45
-149.51
-144.65
-150.03
-143.61
-143.61
-136.68
-141.53
-145.61
-144.05
-133.56
-139.45
-137.29
-155.05
-149.51
-150.29
-142.57
-144.13
-145.78
-134.69
-135.29
-137.2
-139.8
-142.66
-131.74
-142.31
-133.13
-134.69
-149.68
-131.22
-96.55
-126.97
-139.8
-142.23
-130.18
-141.36
-135.47
-143.01
-152.45
-138.07
-142.66
-140.15
-136.07
-158.69
-131.82
-156.09
-142.05
-137.98
-140.23
-136.77
-145.87
-146.91
-154.53
-155.31
-145.17
-145.35
-139.11
-129.83
-145.87
-150.03
-179.75
70.31
67.91
65.22
62.74
60.31
57.73
55.25
52.61
50.14
47.63
45.09
42.58
40
37.53
35.05
32.52
30.08
27.6
25
22.51
19.95
17.45
14.98
12.36
9.85
6.28
2.87
-0.64
-4.1
-7.62
-10.77
-13.41
-15.86
-18.49
-20.95
-23.45
-26.02
-28.55
-30.93
-33.55
-36.01
-38.51
-41.1
-43.56
-46.19
-48.71
-51.12
-53.74
-56.23
-58.84
-61.25
-63.75
-66.36
-68.83
-71.29
-73.87
-76.34
-78.93
-81.45
-83.91
-86.47
-88.97
-91.4
-94.06
-96.53
-98.96
-101.56
-103.36
-104
-104.03
-104.02
-104.02
-104.03
-104.02
-104.01
-104.03
-103.97
-102.78
-99.24
-96.65
-94.07
-91.53
-89.04
-86.62
-83.97
-81.6
-79.02
-76.52
-73.95
-71.42
-68.88
-66.5
-63.8
-61.42
-58.86
-56.31
-53.8
-51.22
-48.73
-46.3
-43.63
-41.27
-38.58
-36.24
-33.59
-31.08
-28.59
-26.22
-23.51
-21.07
-18.48
-16.03
-13.5
-10.97
-7.73
-4.3
-0.68
2.62
6.33
9.69
12.25
14.83
17.36
19.9
22.42
24.85
27.51
29.96
32.41
34.93
37.43
40
42.49
44.89
47.57
49.96
52.57
55.11
57.62
60.19
62.7
65.15
67.8
70.21
72.72
75.31
77.8
80.35
82.86
85.34
87.94
