148
66
83
160.64
150.8
165.46
146.83
165.84
157.23
154.58
162.91
151.65
140.3
157.89
145.31
149.66
146.73
155.91
144.37
156.95
151.37
146.45
150.14
147.68
143.7
148.25
133.3
143.52
144.46
145.41
149.19
134.15
146.45
155.72
146.92
158.18
135.85
140.11
138.97
143.33
159.22
147.96
130.27
154.58
152.6
156.19
145.31
143.14
144.46
150.61
145.6
136.89
146.83
146.35
161.68
144.65
154.3
141.91
156.48
161.21
159.03
156.1
182.59
174.26
201.7
157.33
148.91
163.76
165.94
775.76
767.34
767.53
1.47
1.13
10.49
1.91
1.47
-0.43
5.46
2.34
3.81
1.99
3.38
3.81
2.34
-134.77
-137.98
-142.66
-164.67
-163.89
-151.07
-154.88
-139.71
-142.23
-149.77
-143.79
-141.71
-141.36
-135.47
-149.77
-136.33
-145.69
-133.99
-150.11
-143.96
-147.86
-146.91
-143.44
-143.01
-136.94
-140.49
-147.08
-138.24
-141.97
-129.4
-146.04
-138.24
-135.29
-144.57
-140.93
-142.05
-139.45
-132.17
-149.51
-137.98
-138.5
-149.68
-141.62
-154.79
-145.52
-145
-150.63
-137.98
-153.23
-136.07
-140.67
-146.99
-137.29
-139.63
-135.81
-147.6
-148.73
-151.24
-158.61
-144.91
-143.87
-151.15
-149.68
-143.53
-143.7
-164.59
68.07
65.44
62.88
60.53
57.74
55.45
52.91
50.34
47.73
45.24
42.85
40.02
37.78
35.2
32.78
30.21
27.66
25.27
22.42
20.29
17.66
15.15
12.58
10.04
6.68
2.74
-0.26
-3.73
-7.4
-10.64
-13.21
-15.71
-18.41
-20.73
-23.27
-26.25
-28.34
-30.81
-33.36
-36.04
-38.34
-40.87
-43.37
-45.98
-48.51
-51.02
-53.67
-56
-58.56
-61.05
-63.65
-66.06
-68.6
-71.38
-73.7
-76.2
-78.75
-81.18
-83.71
-86.24
-89.2
-91.21
-93.87
-96.38
-98.9
-101.31
-102.66
-102.67
-102.7
-102.68
-102.66
-102.68
-102.66
-102.69
-102.16
-99.51
-96.74
-94.17
-91.57
-89.16
-86.69
-83.44
-81.75
-79.07
-76.49
-73.98
-71.59
-68.96
-66.23
-63.89
-61.4
-58.85
-56.33
-53.91
-51.39
-48.43
-46.27
-43.7
-41.23
-38.66
-36.28
-33.61
-31.16
-28.53
-26.24
-23.59
-20.9
-18.55
-16.04
-13.44
-10.94
-7.87
-4.34
-0.36
2.69
6.23
9.71
12.21
14.71
17.34
20.12
22.38
24.89
27.46
29.9
32.42
34.88
37.86
39.9
42.51
45.01
47.45
49.94
52.57
55.44
57.62
60.17
62.67
65.2
67.68
70.19
73.18
75.24
77.8
80.29
82.88
85.27
87.83
