150
66
85
156.57
142.29
152.22
140.58
152.03
152.12
149.76
151.08
148.53
137.37
148.62
138.6
147.96
134.15
154.87
142.95
151.46
144.65
159.69
146.83
141.34
138.97
141.72
129.89
139.45
142.76
137.84
147.2
129.42
138.31
149.76
137.84
152.79
132.26
133.2
143.42
140.2
150.8
135.47
127.05
146.45
142
145.69
136.99
138.12
141.72
143.61
141.15
130.46
142.95
140.2
155.44
139.73
146.07
143.7
149.76
147.96
152.79
143.8
176.25
170.95
200.09
157.52
142.1
157.8
157.99
753.62
745.01
748.23
742.36
743.21
-2.25
3.64
-1.47
-1.56
0.78
-3.99
0.17
-0.78
-0.52
-0.35
-0.87
-1.3
-1.47
-126.8
-130.78
-146.47
-173.51
-158.87
-146.91
-158.35
-145.52
-140.32
-147.25
-142.83
-141.88
-144.83
-136.85
-146.47
-138.33
-146.04
-133.73
-114.75
-146.21
-151.24
-151.5
-144.91
-147.34
-139.89
-138.93
-142.14
-138.59
-142.23
-129.92
-142.75
-136.77
-134.08
-149.33
-140.23
-139.28
-135.9
-135.55
-154.1
-135.03
-138.93
-138.85
-145.69
-159.3
-143.96
-148.73
-145.95
-137.72
-155.83
-136.68
-147.34
-143.7
-137.11
-142.83
-138.67
-145.43
-147.25
-150.11
-155.4
-148.64
-142.75
-147.69
-142.14
-144.31
-148.47
-173.95
67.91
65.24
62.77
60.3
57.72
55.22
52.63
50.13
47.59
45.06
42.58
40.11
37.52
35.02
32.49
30.09
27.59
24.96
22.46
20.05
17.42
14.97
12.36
9.84
6.43
2.86
-0.64
-3.93
-7.67
-10.82
-13.43
-15.85
-18.36
-20.93
-23.45
-26.05
-28.56
-30.96
-33.57
-36.06
-38.48
-41.11
-43.59
-46.2
-48.7
-51.11
-53.76
-56.22
-58.71
-61.28
-63.79
-66.38
-68.88
-71.29
-73.88
-76.35
-78.8
-81.47
-83.93
-86.49
-88.96
-91.39
-94.05
-96.54
-98.97
-101.56
-103.02
-103.04
-103.06
-103.05
-103.05
-103.05
-103.06
-103.06
-103.05
-103.03
-102.53
-99.44
-96.74
-94.21
-91.63
-89.17
-86.76
-84.1
-81.8
-79.19
-76.64
-74.11
-71.54
-69.02
-66.63
-63.93
-61.54
-58.88
-56.43
-53.94
-51.37
-48.84
-46.44
-43.73
-41.4
-38.7
-36.34
-33.74
-31.2
-28.72
-26.35
-23.62
-21.2
-18.6
-16.15
-13.63
-11.07
-7.95
-4.36
-0.88
2.46
6.11
9.52
12.11
14.69
17.23
19.76
22.27
24.72
27.37
29.78
32.28
34.79
37.28
39.83
42.35
44.79
47.46
49.84
52.54
55
57.5
60.04
62.54
64.99
67.64
70.07
72.7
75.16
77.67
80.21
82.72
85.2
87.81
