149
67
84
155.53
158.65
148.81
158.37
138.88
156.76
154.02
159.88
162.91
149.19
134.34
144.56
142.1
149.29
141.72
152.79
139.07
162.53
149.19
138.31
147.49
147.87
143.99
145.41
131.97
139.54
142.47
143.99
150.33
132.35
144.56
148.06
148.06
157.71
135.19
138.69
143.52
143.33
156.76
144.56
123.74
149.85
146.73
157.33
145.22
141.81
140.87
147.11
141.34
132.73
136.7
148.34
159.22
148.06
151.27
140.3
150.42
156.1
154.39
155.62
173.13
167.07
198.1
153.26
140.01
157.8
159.69
779.45
775.19
775.57
3.12
3.73
3.03
2.51
2.17
1.99
2.69
2.69
3.12
3.64
15.08
4.33
57.46
-134.77
-140.23
-129.92
-160.86
-176.46
-148.38
-154.97
-143.18
-143.44
-142.75
-139.02
-139.8
-143.09
-135.47
-145.95
-132.86
-141.88
-132.95
-144.91
-145.69
-153.67
-153.49
-143.09
-145
-138.67
-138.85
-141.01
-125.67
-138.24
-136.85
-138.59
-140.06
-132.26
-144.57
-144.05
-142.4
-136.68
-130.78
-149.77
-140.67
-140.58
-153.49
-136.68
-150.2
-145
-142.23
-153.06
-135.21
-143.7
-141.19
-137.11
-155.66
-138.15
-135.9
-135.03
-148.12
-154.79
-151.41
-151.85
-148.47
-144.48
-155.92
-148.38
-144.48
-144.74
-147.95
70.4
67.93
65.35
62.32
60.28
57.79
55.23
52.69
50.16
47.6
44.95
42.58
40.07
37.54
34.94
32.52
30.05
27.33
25.1
22.56
20.02
17.47
14.93
12.44
9.21
6.33
2.86
-0.6
-4.22
-7.55
-10.77
-13.3
-15.82
-18.39
-20.94
-23.62
-26.01
-28.52
-31.02
-33.41
-35.97
-38.45
-41.43
-43.53
-46.07
-48.64
-51.34
-53.72
-56.24
-58.77
-61.27
-63.83
-66.19
-69.11
-71.27
-73.81
-76.32
-78.85
-81.45
-83.91
-86.88
-88.96
-91.43
-94.01
-96.58
-99.06
-101.43
-102.61
-102.59
-102.6
-102.59
-102.61
-102.61
-102.62
-102.61
-102.4
-99.87
-97.17
-94.64
-92.11
-89.58
-86.88
-84.67
-82.28
-79.66
-77
-74.55
-72.07
-69.17
-66.99
-64.45
-61.91
-59.35
-56.83
-54.47
-51.95
-49.29
-46.91
-44.37
-41.6
-39.25
-36.78
-34.22
-31.72
-29.17
-26.68
-24.04
-21.59
-19.08
-16.54
-14.03
-11.51
-8.69
-4.89
-1.55
1.78
5.31
8.81
11.72
14.2
17.02
19.27
21.82
24.33
26.86
29.49
31.97
34.65
36.75
39.3
41.86
44.34
46.92
49.42
52.44
54.49
57.04
59.59
62.23
64.63
67.17
69.68
72.22
74.83
77.3
80.31
82.36
84.74
87.26
