151
67
86
96.97
157.8
142.95
151.56
137.65
151.65
149.1
151.27
157.61
146.92
135.66
147.3
135.28
145.22
139.73
152.69
139.16
151.46
145.88
137.84
144.37
144.18
140.58
147.11
129.8
142.1
144.08
142.19
147.87
132.35
152.03
147.49
140.77
154.02
133.87
134.81
145.41
140.3
151.93
143.04
125.54
147.39
143.8
151.46
139.35
137.84
146.54
146.73
140.87
131.22
143.33
143.42
157.14
143.8
150.8
137.55
151.56
154.02
155.53
148.62
175.49
167.64
195.26
156.1
146.54
154.87
162.25
1040.65
1259.94
1256.44
1257.29
1254.55
-0.78
-3.03
5.89
-1.91
-1.73
-0.35
1.56
-2.17
-0.43
-1.47
-1.3
-0.69
-2.34
-136.25
-124.2
-148.47
-176.29
-143.7
-150.81
-152.11
-146.47
-148.38
-142.14
-139.54
-138.5
-138.5
-143.96
-139.8
-135.81
-140.84
-134.51
-147.51
-148.21
-151.41
-146.21
-145.87
-145.87
-137.46
-131.91
-139.02
-130.96
-140.93
-127.23
-144.48
-134.34
-135.73
-152.11
-132
-135.29
-132.08
-137.89
-153.75
-130.09
-139.02
-138.15
-139.54
-156.44
-138.67
-142.66
-140.41
-138.5
-158.78
-134.08
-147.43
-140.32
-136.68
-142.57
-135.29
-141.71
-145.69
-150.89
-156.53
-146.65
-145.52
-135.81
-138.93
-146.56
-150.63
-176.29
70.26
67.82
65.2
62.72
60.26
57.69
55.18
52.57
50.08
47.59
45.01
42.51
40.07
37.47
34.99
32.45
30.04
27.57
24.96
22.46
19.91
17.39
14.93
12.33
9.77
6.38
2.84
-0.64
-4.18
-7.72
-10.84
-13.48
-15.91
-18.42
-21.01
-23.48
-26.07
-28.55
-30.94
-33.59
-36.07
-38.55
-41.14
-43.6
-46.23
-48.71
-51.14
-53.79
-56.25
-58.74
-61.29
-63.81
-66.4
-68.88
-71.34
-73.92
-76.39
-78.87
-81.5
-83.97
-86.53
-89
-91.45
-94.08
-96.55
-99.12
-101.59
-103.37
-103.93
-103.95
-103.93
-103.93
-103.94
-103.94
-103.93
-103.93
-103.95
-103
-99.6
-96.86
-94.36
-91.91
-89.28
-86.86
-84.23
-81.88
-79.33
-76.76
-74.25
-71.66
-69.16
-66.75
-64.07
-61.68
-59.15
-56.58
-54.1
-51.52
-49
-46.57
-43.9
-41.51
-38.93
-36.47
-33.85
-31.33
-28.86
-26.45
-23.76
-21.33
-18.71
-16.26
-13.73
-11.22
-8.1
-4.69
-1.01
2.29
5.97
9.33
12.02
14.6
17.1
19.52
22.17
24.57
27.28
29.71
32.14
34.68
37.17
39.6
42.24
44.68
47.35
49.71
52.27
54.88
57.39
59.94
62.45
64.88
67.53
69.97
72.46
75.06
77.54
80.09
82.6
85.1
87.71
