148
66
83
158.65
148.15
159.22
144.18
159.03
155.25
152.03
161.58
152.88
140.49
152.22
141.91
151.27
142.38
156.85
144.46
158.27
148.06
137.55
150.52
145.79
142.66
148.72
131.88
144.84
149.1
145.31
152.5
133.39
144.46
152.41
145.41
154.3
130.84
133.11
141.81
138.31
153.45
137.55
128
150.23
146.54
153.92
143.7
142.85
150.89
149.48
143.14
136.7
146.35
147.02
162.34
144.46
151.46
142.57
157.99
162.72
157.23
152.69
181.74
174.07
202.45
162.34
146.54
162.06
165.65
795.25
786.64
784.27
0.87
1.13
2.25
0.69
0.95
0.52
0.26
-0.26
0.95
1.56
1.21
0.09
0.78
-138.24
-138.76
-144.22
-169.35
-163.98
-153.93
-162.42
-144.39
-144.74
-150.55
-144.22
-143.44
-145.87
-138.41
-146.82
-141.79
-146.47
-141.01
-151.59
-149.16
-151.07
-156.96
-143.61
-146.39
-140.49
-134.51
-144.83
-136.94
-137.29
-131.91
-145.78
-145.26
-137.03
-146.39
-143.27
-145.09
-140.06
-135.81
-152.63
-135.64
-141.88
-152.71
-146.65
-159.82
-148.81
-151.07
-146.56
-137.55
-152.8
-143.18
-142.83
-147.51
-141.19
-145.43
-139.97
-152.45
-149.25
-154.97
-157.39
-154.36
-143.96
-154.27
-152.45
-148.47
-145.69
-168.4
68.62
65.74
63.61
61.08
58.58
55.98
53.43
50.89
47.9
45.92
43.37
40.85
38.29
35.78
33.31
30.38
28.38
25.84
23.27
20.75
18.21
15.66
13.14
10.59
7.53
4.02
0.43
-3.01
-6.63
-9.99
-12.56
-15.04
-17.6
-20.25
-22.72
-25.24
-27.8
-30.27
-32.66
-35.23
-37.88
-40.34
-42.85
-45.75
-47.79
-50.29
-52.88
-55.71
-57.99
-60.48
-63.06
-65.45
-68.02
-70.53
-73.31
-75.58
-78.13
-80.72
-83.07
-85.6
-88.14
-90.93
-93.25
-95.82
-98.28
-100.68
-102.2
-102.21
-102.19
-102.23
-102.2
-102.22
-102.2
-102.21
-101.69
-98.71
-96.21
-93.65
-91.1
-88.58
-86.18
-83.64
-81.1
-78.56
-76
-73.48
-70.97
-68.55
-66.05
-63.38
-60.95
-58.41
-55.88
-53.34
-50.8
-48.39
-45.59
-43.32
-40.83
-38.21
-35.43
-33.08
-30.64
-28.25
-25.74
-23.17
-20.63
-17.76
-15.48
-13.13
-10.59
-7.18
-3.7
-0.12
3.65
6.95
10.24
12.82
15.27
17.79
20.29
23.22
25.37
27.78
30.37
32.86
35.34
37.93
40.58
42.83
45.35
47.9
50.4
53.08
55.61
58.3
60.55
63.07
65.59
68.16
70.7
73.25
75.91
78.2
80.69
83.26
85.83
88.38
