154
70
84
166.79
135.57
165.94
149.38
146.73
145.97
148.62
142.38
158.37
145.03
149
133.77
141.72
145.31
148.43
153.92
136.7
146.92
140.58
141.81
142.95
131.5
139.83
135.57
138.69
142.47
133.3
139.35
141.06
130.36
151.56
133.87
135.76
146.92
136.61
151.75
131.5
133.49
146.35
142.57
148.15
136.8
136.89
144.74
145.31
152.22
136.7
143.7
135.1
143.7
137.65
239.25
129.32
142.95
149.57
150.89
146.45
145.97
136.61
172.56
170.1
179.84
167.83
151.93
150.89
162.91
608.21
1323.71
1327.87
1327.02
1325.13
-0.69
-0.78
-0.52
-2.77
61.02
1.13
-1.39
0
-1.91
-0.87
1.21
-0.35
-128.1
-137.46
-129.4
-159.91
-170.48
-142.49
-155.4
-142.75
-141.27
-143.7
-138.07
-141.62
-139.11
-135.38
-145.78
-136.77
-139.45
-134.17
-138.33
-150.81
-144.83
-149.94
-141.01
-148.03
-140.23
-133.47
-140.93
-136.16
-139.28
-132.52
-129.05
-135.21
-129.05
-142.31
-137.11
-138.67
-137.2
-124.8
-143.18
-134.43
-128.88
-150.29
-131.74
-137.37
-139.28
-134.77
-152.28
-132.34
-138.33
-141.45
-133.47
-156.7
-135.47
-135.12
-131.22
-142.31
-150.11
-149.51
-150.46
-146.73
-139.19
-152.19
-142.66
-129.4
-139.89
-152.89
-212.69
-1339.57
-1314.18
-1307.24
-1306.29
65.49
62.9
60.35
57.82
55.42
52.81
50.31
47.69
45.21
42.75
40.15
37.67
35.21
32.63
30.19
27.67
25.17
22.7
20.11
17.6
15.14
12.55
10.06
6.5
3.04
-0.36
-3.96
-7.33
-10.55
-13.23
-15.74
-18.22
-20.81
-23.27
-25.93
-28.36
-30.85
-33.4
-35.83
-38.42
-40.95
-43.39
-46.06
-48.49
-51
-53.54
-56.03
-58.64
-61.14
-63.58
-66.19
-68.67
-71.18
-73.7
-76.19
-78.76
-81.3
-83.72
-86.37
-88.78
-91.44
-93.87
-96.34
-98.95
-101.44
-103.89
-106.24
-107.63
-107.65
-107.64
-107.66
-107.63
-107.63
-107.65
-107.64
-107.18
-104.64
-102
-99.53
-96.89
-94.44
-91.97
-89.4
-87.03
-84.37
-81.84
-79.42
-76.83
-74.32
-71.72
-69.28
-66.79
-64.21
-61.69
-59.27
-56.64
-54.16
-51.57
-49.09
-46.59
-44
-41.53
-39.06
-36.45
-33.97
-31.44
-29
-26.49
-23.84
-21.4
-18.8
-16.32
-13.85
-11.17
-8.18
-4.81
-1.24
2.24
5.77
9.39
11.92
14.55
17.02
19.49
22.06
24.58
27.18
29.56
31.98
34.61
37.04
39.54
42.13
44.6
47.21
49.73
52.2
54.8
57.25
59.87
62.36
64.87
67.43
69.9
72.4
74.96
77.47
80.06
82.53
84.99
86.68
86.7
86.72
86.71
