148
66
83
158.94
142.57
155.06
141.72
154.58
151.18
146.16
168.11
150.42
138.03
148.72
139.54
222.6
140.39
151.37
140.49
154.21
146.35
138.22
147.77
142.57
139.35
140.49
126.96
140.49
142.76
139.07
148.34
131.78
140.58
149.38
134.53
156
132.45
133.87
143.8
136.51
152.41
137.55
129.89
149.29
146.83
149.1
140.77
140.11
145.03
145.88
145.31
133.01
140.58
142.85
154.68
145.03
147.11
140.87
154.02
154.21
155.15
149.29
183.15
170.48
201.79
160.92
144.18
158.08
161.49
740.85
759.58
757.97
-1.04
-2.08
-0.52
-0.95
-1.3
0.61
-3.03
3.73
-0.69
-2.69
-2.69
-0.35
-3.12
-140.41
-133.04
-146.99
-170.83
-162.16
-149.59
-159.13
-142.66
-143.01
-151.15
-143.7
-145.35
-143.44
-139.11
-149.07
-139.97
-144.91
-135.64
-150.81
-145.17
-153.75
-150.55
-146.65
-149.33
-140.58
-141.62
-143.01
-136.07
-140.75
-128.18
-145.78
-139.02
-137.03
-142.14
-137.11
-140.41
-135.73
-135.21
-149.94
-137.46
-136.85
-143.18
-145.78
-157.22
-142.31
-149.42
-142.31
-139.54
-154.27
-135.29
-146.04
-144.31
-138.67
-142.66
-137.55
-147.17
-151.41
-150.46
-156.53
-147.51
-144.39
-148.9
-144.65
-147.6
-147.77
-170.74
68.62
65.95
63.46
60.98
58.43
55.93
53.45
50.81
48.34
45.81
43.3
40.85
38.21
35.76
33.36
30.81
28.31
25.71
23.2
20.8
18.14
15.68
13.19
10.6
7.43
3.86
0.41
-2.98
-6.71
-10.09
-12.56
-15.16
-17.67
-20.25
-22.79
-25.18
-27.84
-30.22
-32.72
-35.33
-37.77
-40.39
-42.88
-45.36
-47.96
-50.4
-52.91
-55.51
-58.01
-60.42
-63.08
-65.52
-68.16
-70.6
-73.07
-75.64
-78.13
-80.63
-83.23
-85.67
-88.26
-90.69
-93.26
-95.84
-98.25
-100.86
-102.25
-102.3
-102.27
-102.29
-102.27
-102.27
-102.27
-102.28
-101.86
-98.75
-96.04
-93.51
-91.06
-88.45
-85.98
-83.37
-81.1
-78.44
-75.88
-73.39
-70.93
-68.29
-65.87
-63.21
-60.83
-58.3
-55.72
-53.2
-50.78
-48.14
-45.71
-43.05
-40.65
-38.09
-35.58
-32.97
-30.59
-27.99
-25.58
-22.92
-20.48
-18
-15.38
-12.87
-10.45
-6.84
-3.45
0.03
3.53
7.03
10.39
12.9
15.31
18.02
20.41
22.94
25.5
28.01
30.62
33.06
35.44
38.07
40.47
43.02
45.58
48.11
50.63
53.19
55.64
58.29
60.71
63.22
65.79
68.29
70.89
73.37
75.85
78.45
80.85
83.39
86.01
88.47
