150
66
85
158.75
143.42
152.79
139.92
154.49
150.8
149.19
158.27
145.97
136.7
145.5
138.97
145.69
140.96
154.11
140.49
151.75
146.16
135.85
154.39
143.8
138.22
142.29
127.05
140.01
142.1
141.06
147.11
129.89
143.7
151.08
141.62
155.34
133.11
136.42
144.27
139.07
154.02
139.83
129.14
153.54
143.99
150.61
139.45
137.93
148.91
145.22
141.34
132.26
144.27
142.76
156
140.01
146.83
140.11
149.57
152.22
155.25
150.14
179.84
171.42
198.76
157.71
142.57
155.81
159.31
750.88
747.85
745.96
744.06
763.55
-0.95
-3.12
48.97
0.35
-2.25
-0.78
1.04
34.67
0.87
-1.13
-0.87
-1.47
-0.43
-133.3
-135.21
-141.71
-171
-163.55
-152.11
-160.69
-143.01
-139.97
-151.07
-143.09
-145.26
-146.21
-138.5
-147.86
-136.94
-148.03
-140.15
-152.89
-146.91
-152.63
-151.85
-148.47
-145.78
-141.62
-140.49
-145.26
-139.11
-139.97
-132.34
-146.91
-141.62
-138.67
-147.86
-138.15
-141.97
-138.5
-139.54
-151.59
-136.25
-139.89
-140.75
-145.69
-158.61
-146.47
-147.34
-145.52
-138.07
-152.54
-136.68
-143.01
-144.31
-140.93
-141.88
-138.15
-145.09
-150.89
-150.63
-153.75
-149.25
-141.27
-145.87
-146.73
-144.57
-148.12
-167.71
67.76
65.22
62.61
60.15
57.56
55.1
52.58
49.96
47.47
44.91
42.41
39.95
37.34
34.89
32.48
29.94
27.44
24.83
22.32
19.91
17.27
14.83
12.34
9.65
6.23
2.63
-0.8
-4.21
-7.89
-10.97
-13.47
-16.01
-18.54
-21.11
-23.62
-26.05
-28.69
-31.06
-33.57
-36.18
-38.63
-41.26
-43.72
-46.2
-48.81
-51.22
-53.89
-56.33
-58.83
-61.38
-63.92
-66.39
-68.97
-71.45
-73.92
-76.5
-78.98
-81.63
-84.06
-86.5
-89.11
-91.57
-94.19
-96.65
-99.09
-101.72
-103.03
-103.03
-103.03
-103.03
-103.02
-103.04
-103.04
-103.04
-103.03
-103.02
-102.61
-99.56
-96.89
-94.36
-91.9
-89.29
-86.83
-84.35
-81.91
-79.32
-76.83
-74.22
-71.76
-69.13
-66.72
-64.19
-61.65
-59.14
-56.56
-54.07
-51.64
-48.97
-46.53
-43.91
-41.52
-38.93
-36.45
-33.83
-31.45
-28.84
-26.45
-23.75
-21.3
-18.84
-16.24
-13.75
-11.31
-8.1
-4.61
-0.98
2.31
5.82
9.36
12.03
14.46
17.14
19.55
22.18
24.62
27.13
29.73
32.18
34.56
37.18
39.62
42.24
44.71
47.22
49.73
52.3
54.79
57.42
59.84
62.43
64.9
67.43
70.02
72.46
74.95
77.57
79.98
82.64
85.11
87.57
