75
34
43
154.02
148.25
133.3
143.7
162.81
130.46
139.92
140.87
138.78
146.64
142.38
142.38
127.15
140.39
153.35
140.01
142.19
127.72
135.95
152.88
122.61
141.53
139.64
138.12
136.8
141.34
156.67
146.92
148.25
162.44
178.05
195.45
145.88
162.91
617.48
3.47
2.77
3.64
4.59
2.51
4.07
3.55
-129.57
-124.2
-177.93
-157.57
-139.11
-139.28
-140.23
-142.23
-137.72
-137.81
-147.34
-136.07
-132.43
-132.69
-134.08
-128.36
-127.23
-139.02
-132.69
-139.8
-127.92
-129.22
-139.89
-146.73
-138.15
-131.04
-125.41
-128.7
-143.27
-145.09
-136.25
-136.51
-134.86
58.01
52.95
47.95
42.47
37.82
32.78
27.68
22.66
17.83
12.66
6.32
-0.12
-7.27
-12.98
-18.12
-23.18
-28.18
-33.76
-38.32
-43.28
-48.44
-53.45
-58.4
-63.52
-68.71
-73.53
-78.56
-83.67
-88.66
-93.84
-98.78
-103.81
-108.81
-113.93
-114.68
-114.67
-114.69
-114.69
-114.4
-109.41
-104.37
-99.3
-94.45
-89.33
-84.25
-78.98
-74.12
-69
-64.18
-59
-54
-49
-43.86
-38.9
-33.43
-28.79
-23.83
-18.55
-13.61
-8.06
-0.98
6.39
12.06
17.19
22.08
27.2
32.21
37.16
42.41
47.35
52.33
57.47
62.56
67.5
72.66
