74
33
42
156.57
158.56
154.77
154.96
145.22
141.06
150.23
152.79
157.33
138.41
136.99
145.03
135.38
143.99
145.69
144.37
144.18
130.74
129.14
124.78
127.62
146.45
141.06
143.8
135.38
149.38
147.02
143.14
161.96
159.79
175.68
151.37
157.89
604.71
1.82
3.03
3.38
4.59
3.55
3.03
2.95
-60.41
-156.27
-151.85
-142.4
-141.97
-137.46
-134.25
-136.07
-130.09
-141.79
-143.27
-136.77
-123.5
-122.72
-122.2
-129.22
-137.2
-132.52
-121.34
-89.01
-142.49
-134.51
-133.91
-130.44
-134.51
-148.03
-128.01
-137.81
-141.36
-137.46
-149.16
-127.75
-149.94
55.41
50.37
45.15
40.19
35.14
30.14
25.02
20.1
15.1
10.09
3
-3.93
-10.61
-15.61
-20.81
-25.82
-30.85
-35.87
-40.95
-45.96
-50.95
-55.97
-61.03
-66.16
-71.18
-76.16
-81.26
-86.32
-91.33
-96.34
-101.44
-106.47
-111.46
-114.67
-114.66
-114.64
-114.66
-112.2
-107.01
-101.92
-96.92
-91.94
-86.9
-81.74
-76.75
-71.8
-66.77
-61.52
-56.58
-51.53
-46.54
-41.4
-36.47
-31.43
-26.39
-21.25
-16.12
-11.17
-4.69
2.42
9.37
14.49
19.58
24.52
29.62
34.69
39.66
44.71
49.84
54.84
59.84
64.89
70.03
75.01
