74
33
41
169.82
166.03
145.79
143.89
155.53
148.91
143.89
145.22
133.49
131.31
135.85
127.15
127.43
122.8
137.55
150.04
137.93
122.23
115.61
122.04
131.59
128.28
143.23
134.34
139.35
138.78
142.66
153.73
149.76
143.8
174.17
163.48
149.76
611.05
-2.86
-2.95
-0.26
-2.6
0.26
0
-133.04
-126.88
-193.71
-159.3
-146.04
-147.17
-141.88
-144.48
-136.42
-131.3
-146.04
-138.93
-139.19
-121.6
-123.76
-119
-129.83
-146.65
-132.52
-130.26
-120.3
-125.32
-147.08
-143.53
-136.77
-131.56
-139.89
-140.41
-138.07
-152.97
-146.82
-135.29
-145.78
-179.32
69.51
64.38
59.39
54.24
49.25
43.96
39.09
34.17
29.22
24.17
19.07
14.08
8.23
1.57
-5.22
-11.83
-16.83
-21.83
-26.99
-32.26
-36.92
-42.06
-47.04
-52.06
-57.08
-62.19
-67.56
-72.32
-77.34
-82.33
-87.5
-92.4
-97.44
-102.2
-102.3
-102.3
-102.28
-97.93
-92.92
-87.91
-82.44
-77.86
-72.43
-67.71
-62.77
-57.59
-52.63
-47.61
-42.62
-37.34
-32.46
-27.52
-22.39
-17.32
-12.36
-6.09
1.21
7.77
13.54
18.52
23.54
28.65
33.57
38.95
43.67
48.69
53.69
58.84
63.82
68.83
74.04
78.95
84
88.91
