150
66
85
160.54
140.49
152.79
143.42
155.25
154.77
149.57
151.37
147.58
135.38
147.11
140.01
147.58
140.11
159.69
144.93
149.95
146.26
134.53
149.19
141.34
139.07
144.37
129.32
142.76
146.45
139.35
144.46
131.88
140.39
150.23
141.91
155.44
133.2
135.47
144.27
141.06
150.99
140.39
130.46
149.66
144.37
150.52
139.07
140.68
146.26
144.56
142.29
132.64
141.72
140.39
155.53
140.11
146.26
141.91
154.49
152.5
151.46
147.49
179.28
169.82
194.51
155.15
143.14
156.95
161.4
760.05
751.35
750.69
749.55
751.25
0.61
-2.6
1.73
-1.04
-1.82
-0.95
0.17
-1.91
-0.87
-1.56
-3.03
0
-3.03
-133.21
-132
-148.47
-172.56
-160.95
-152.63
-158.87
-145.17
-143.09
-147.95
-132.34
-143.44
-146.39
-139.97
-146.21
-135.55
-147.51
-137.29
-152.8
-147.17
-152.89
-153.23
-149.07
-147.34
-141.1
-142.83
-149.59
-138.93
-142.57
-131.48
-145.78
-140.75
-140.23
-145.61
-139.37
-144.48
-138.41
-137.98
-151.5
-139.28
-140.58
-146.56
-143.27
-153.32
-142.31
-148.12
-145.43
-136.85
-154.79
-137.11
-144.13
-144.39
-141.71
-142.57
-138.33
-145.69
-149.42
-147.95
-155.14
-146.04
-141.88
-148.21
-144.65
-147.34
-143.27
-169.87
67.85
65.3
62.84
60.24
57.79
55.13
52.66
50.2
47.56
45.11
42.5
40.04
37.56
34.98
32.55
30.16
27.5
25.06
22.42
20.02
17.51
14.89
12.42
9.77
6.34
2.95
-0.72
-4.06
-7.59
-10.87
-13.38
-15.82
-18.49
-20.89
-23.53
-25.97
-28.48
-30.99
-33.47
-36.1
-38.54
-41.04
-43.66
-46.13
-48.63
-51.16
-53.67
-56.3
-58.76
-61.19
-63.82
-66.29
-68.79
-71.36
-73.82
-76.42
-78.9
-81.39
-83.98
-86.42
-89.05
-91.46
-94
-96.58
-99.01
-101.5
-103.05
-103.04
-103.05
-103.05
-103.06
-103.03
-103.04
-103.03
-103.05
-103.07
-102.56
-99.5
-96.93
-94.27
-91.81
-89.35
-86.76
-84.28
-81.86
-79.23
-76.77
-74.17
-71.71
-69.2
-66.67
-64.13
-61.58
-59.06
-56.64
-53.97
-51.56
-49.02
-46.48
-43.94
-41.42
-38.84
-36.49
-33.76
-31.37
-28.88
-26.36
-23.84
-21.24
-18.76
-16.3
-13.65
-11.24
-8.12
-4.54
-1.04
2.46
5.93
9.29
12.12
14.54
17.1
19.65
22.15
24.68
27.21
29.67
32.28
34.65
37.14
39.7
42.24
44.78
47.34
49.72
52.4
54.86
57.38
59.92
62.4
65.02
67.51
69.95
72.6
75.07
77.53
80.12
82.62
85.1
87.69
