147
66
82
140.68
153.26
152.79
161.96
140.01
151.65
151.84
157.71
163.29
146.83
129.61
142.47
140.68
148.72
143.42
151.46
139.92
158.56
146.92
145.12
141.91
140.01
144.93
145.69
129.7
136.51
136.7
142.1
148.43
131.31
143.14
140.87
139.16
148.43
133.87
140.49
130.46
140.68
144.84
136.89
126.49
141.06
147.3
155.06
143.33
148.62
136.99
148.43
136.51
138.31
143.7
152.22
151.27
148.91
146.07
141.43
146.64
154.96
150.42
161.58
175.49
173.79
194.7
150.99
146.45
162.15
254.86
772.82
769.13
-2.95
-0.95
-0.78
-2.25
-2.95
-1.91
0
-1.99
-0.78
-0.95
-2.6
-1.73
-141.79
-141.1
-134.43
-163.29
-174.47
-147.86
-157.74
-132.43
-145.17
-145.17
-140.67
-141.27
-149.77
-137.63
-147.69
-143.44
-147.34
-138.76
-150.29
-151.33
-149.94
-158.26
-146.47
-149.42
-140.49
-140.23
-142.66
-141.01
-137.72
-132.34
-139.8
-141.79
-133.91
-149.07
-138.5
-139.11
-138.85
-129.83
-147.86
-138.41
-141.97
-152.11
-136.59
-155.92
-145.69
-150.03
-153.06
-136.59
-150.29
-141.97
-142.66
-157.65
-140.75
-138.41
-135.21
-149.51
-153.75
-152.8
-151.93
-149.33
-144.13
-156.35
-150.11
-141.19
-145.95
-162.59
70.57
67.89
65.42
62.91
60.31
57.9
55.26
52.76
50.27
47.63
45.2
42.72
40.17
37.7
35.1
32.71
30.25
27.63
25.16
22.62
20.1
17.58
15
12.5
10.06
6.48
3.05
-0.32
-3.95
-7.46
-10.77
-13.24
-15.68
-18.32
-20.81
-23.41
-25.89
-28.32
-30.91
-33.33
-35.91
-38.41
-40.98
-43.39
-46.04
-48.47
-51.08
-53.56
-56.08
-58.65
-61.11
-63.59
-66.22
-68.63
-71.28
-73.77
-76.22
-78.78
-81.35
-83.74
-86.37
-88.79
-91.41
-93.92
-96.39
-98.93
-101.42
-102.34
-102.34
-102.33
-102.34
-102.31
-102.34
-102
-99.31
-96.72
-94.11
-91.58
-89.15
-86.59
-84.11
-81.71
-79.07
-76.56
-73.97
-71.56
-68.86
-66.46
-63.96
-61.39
-58.88
-56.43
-53.82
-51.39
-48.71
-46.27
-43.76
-41.24
-38.66
-36.28
-33.6
-31.16
-28.69
-26.17
-23.64
-21.04
-18.58
-16.11
-13.44
-11.05
-7.91
-4.29
-0.82
2.67
6.19
9.57
12.32
14.73
17.27
19.84
22.34
24.92
27.4
29.87
32.47
34.88
37.48
39.9
42.41
44.98
47.51
49.91
52.57
55.07
57.69
60.11
62.61
65.2
67.71
70.12
72.78
75.24
77.71
80.25
82.8
85.4
87.89
