148
66
83
168.4
143.42
159.5
147.96
160.07
157.42
155.06
152.88
152.22
141.15
154.96
141.06
147.39
144.46
158.75
154.96
159.03
153.26
137.84
150.42
150.14
146.45
146.64
132.82
148.62
151.65
138.78
145.31
135.85
143.23
149.29
145.88
155.15
143.61
138.12
148.91
139.73
157.52
142.66
134.81
153.92
140.77
151.37
142.19
144.65
145.12
147.3
152.03
136.51
149.19
147.58
164.23
139.07
152.98
145.5
155.44
152.98
153.64
153.35
175.68
172.75
200.28
164.71
145.79
162.72
164.14
687.3
744.73
744.92
2.51
4.33
2.08
4.25
0.95
0.95
0.95
3.99
3.38
2.77
2.34
3.21
1.91
-142.75
-125.24
-144.31
-173.17
-159.82
-150.03
-155.57
-142.75
-144.57
-142.31
-143.01
-139.19
-137.63
-136.07
-146.3
-134.86
-144.39
-131.48
-150.89
-145.61
-150.89
-145.09
-143.44
-145.35
-137.55
-135.64
-141.19
-135.29
-138.33
-128.7
-140.75
-136.33
-136.25
-145.95
-136.77
-139.19
-132.26
-135.64
-150.46
-131.65
-137.72
-138.07
-143.01
-157.05
-143.53
-146.3
-144.22
-136.51
-160.17
-136.85
-146.47
-144.39
-136.68
-141.45
-138.5
-143.61
-148.55
-151.5
-159.91
-150.98
-144.13
-147.34
-143.96
-146.3
-145.78
-170.57
68.46
65.83
62.89
60.78
58.35
55.76
53.23
50.67
48.1
45.28
43.21
40.66
38.12
35.63
33.15
30.62
27.9
25.67
23.1
20.63
18.03
15.49
12.96
9.97
7.24
3.81
0.22
-3.18
-6.84
-10.29
-13.31
-15.35
-17.92
-20.25
-22.83
-25.34
-27.94
-30.87
-32.93
-35.46
-38.02
-40.45
-42.98
-45.51
-48.27
-50.56
-53.16
-55.68
-58.24
-60.56
-63.15
-66.34
-68.25
-70.76
-73.3
-75.79
-78.36
-80.91
-83.72
-85.82
-88.4
-90.89
-93.48
-96.01
-98.51
-101.19
-102.54
-102.65
-102.64
-102.65
-102.65
-102.64
-102.65
-102.66
-102.03
-98.95
-96.01
-93.67
-91.3
-88.79
-86.28
-83.69
-81.31
-78.2
-76.14
-73.58
-71.23
-68.62
-66.13
-63.55
-60.95
-58.34
-55.58
-52.88
-50.3
-48.44
-45.96
-43.36
-40.89
-38.26
-35.82
-33.3
-30.77
-28.25
-25.8
-23.2
-20.66
-18.28
-15.76
-12.74
-10.69
-7.27
-3.73
-0.22
3.18
6.58
10.62
12.63
15.13
17.71
20.09
22.66
25.15
28.21
30.27
32.79
35.23
37.8
40.15
42.75
45.62
47.83
50.3
52.94
55.49
57.9
60.4
63.36
65.49
68.06
70.6
73.12
75.68
78.07
80.96
83.12
85.69
88.21
