148
66
83
157.33
141.72
164.23
144.74
157.99
153.83
151.27
153.54
152.79
140.58
149.57
142.29
150.61
140.77
153.16
143.7
150.99
145.5
134.24
142.85
140.01
138.88
143.8
131.5
141.91
139.64
144.27
144.46
132.07
140.96
147.68
140.11
150.33
131.31
133.58
140.3
179.65
152.22
136.99
127.72
145.88
143.99
150.61
141.81
136.8
143.61
144.08
147.77
132.54
140.77
141.15
156.67
144.18
153.35
138.41
154.11
153.26
154.87
148.62
177.67
170.95
201.32
158.37
147.2
159.12
164.33
785.22
779.45
780.58
2.08
2.86
1.99
2.25
2.6
0.78
3.21
3.64
4.33
0.61
3.99
3.21
3.9
-139.63
-135.03
-144.91
-163.98
-159.04
-151.93
-139.97
-140.75
-140.67
-145.78
-139.89
-141.45
-141.01
-133.91
-145.87
-133.56
-143.61
-133.13
-152.19
-144.13
-151.24
-150.37
-139.63
-143.01
-137.98
-136.77
-138.67
-119.95
-135.38
-126.62
-143.35
-133.3
-133.73
-141.88
-136.07
-141.79
-136.68
-130.7
-149.77
-133.99
-134.34
-149.33
-134.95
-154.36
-142.05
-143.7
-144.05
-136.51
-150.37
-136.94
-141.01
-145
-137.81
-140.58
-135.55
-145.17
-145.69
-147.77
-154.88
-148.73
-141.45
-147.95
-142.75
-149.07
-142.75
-166.93
68.38
65.77
63.23
60.73
58.19
55.08
53.01
50.64
48.1
45.59
42.99
40.48
37.73
35.4
33.08
30.57
28.02
25.47
22.9
19.92
17.94
15.4
12.89
10.33
6.93
3.46
-0.27
-3.47
-7.07
-10.46
-12.88
-15.41
-18.01
-20.9
-23.08
-25.61
-28.03
-30.5
-33.03
-35.6
-38.45
-40.68
-43.29
-46.44
-48.4
-50.86
-53.29
-55.8
-58.33
-61.25
-63.38
-65.9
-68.44
-71.14
-73.41
-75.88
-78.41
-80.96
-83.54
-86.01
-88.97
-91.02
-93.63
-96.16
-98.61
-101.15
-102.61
-102.64
-102.61
-102.62
-102.63
-102.63
-102.61
-102.65
-101.91
-99.13
-96.5
-93.89
-91.4
-88.89
-86.35
-83.66
-81.61
-78.93
-76.37
-73.84
-71.34
-68.74
-66.06
-63.72
-61.24
-58.67
-56.17
-53.62
-51.11
-48.32
-46.07
-43.47
-41.04
-38.51
-36.08
-33.5
-31.02
-28.49
-25.99
-23.42
-20.56
-18.37
-15.87
-13.27
-10.82
-7.5
-3.98
-0.33
2.96
6.49
9.97
12.36
14.88
17.48
20.55
22.49
24.98
27.55
30.11
32.62
35.05
37.86
40.11
42.57
45.02
47.61
50.1
52.69
55.22
57.76
60.27
62.83
65.82
67.89
70.37
72.95
75.49
78
80.5
83.34
85.59
87.96
