149
67
84
156.1
154.3
151.65
155.72
139.07
154.49
154.39
154.68
170.29
146.07
134.72
143.14
137.93
149.1
140.49
151.84
135.57
154.77
147.2
140.87
147.39
144.18
144.37
143.23
125.07
139.07
138.6
145.41
150.42
129.99
142.19
147.2
143.33
153.26
134.15
134.91
144.27
143.89
154.77
142
124.03
146.92
142.85
154.96
142.76
145.41
140.96
148.43
138.22
135.66
141.91
149
152.79
145.5
150.14
141.62
147.87
158.37
150.99
159.31
183.63
170.67
194.79
155.53
145.79
158.46
162.91
757.4
751.82
753.24
-0.09
-2.08
-1.82
-1.3
-1.56
-1.39
-0.35
-1.39
-1.91
-0.35
-2.34
-1.21
-1.65
-144.05
-139.71
-140.15
-164.07
-176.72
-150.37
-159.56
-129.14
-144.65
-145.69
-139.02
-139.97
-148.29
-135.55
-147.69
-143.09
-144.39
-140.41
-151.24
-144.57
-149.51
-156.35
-146.56
-148.55
-142.31
-142.23
-142.75
-142.23
-139.54
-132.43
-143.96
-147.95
-136.85
-150.29
-140.93
-145.95
-141.79
-133.13
-150.63
-139.19
-144.48
-155.75
-142.66
-158.17
-147.34
-151.15
-158
-135.38
-149.77
-143.53
-142.4
-157.91
-138.41
-139.63
-139.37
-150.55
-155.31
-152.45
-152.97
-151.07
-144.39
-155.75
-153.75
-146.73
-143.09
-160.6
70.66
68.2
65.57
63.08
60.5
57.99
55.55
53.03
50.44
47.92
45.36
42.88
40.42
37.81
35.33
32.93
30.39
27.87
25.3
22.75
20.36
17.71
15.26
12.78
10.19
6.84
3.23
-0.16
-3.53
-7.32
-10.55
-13
-15.56
-18.09
-20.68
-23.15
-25.64
-28.22
-30.67
-33.14
-35.8
-38.17
-40.82
-43.26
-45.79
-48.37
-50.85
-53.32
-55.94
-58.4
-60.98
-63.47
-65.94
-68.51
-71
-73.46
-76.07
-78.52
-81.22
-83.62
-86.09
-88.66
-91.12
-93.66
-96.28
-98.68
-101.15
-102.27
-102.27
-102.27
-102.29
-102.26
-102.27
-102.27
-102.26
-102
-99.21
-96.6
-94
-91.53
-88.96
-86.52
-84.07
-81.65
-79
-76.51
-73.93
-71.51
-68.97
-66.4
-63.92
-61.35
-58.87
-56.37
-53.79
-51.35
-48.69
-46.24
-43.75
-41.18
-38.68
-36.26
-33.59
-31.15
-28.55
-26.15
-23.66
-21.04
-18.57
-16.09
-13.44
-11.04
-7.71
-4.26
-0.79
2.69
6.17
9.57
12.32
14.78
17.4
19.84
22.35
24.93
27.43
29.9
32.49
34.89
37.36
39.9
42.43
44.99
47.52
49.93
52.59
55.08
57.56
60.17
62.63
65.22
67.73
70.15
72.8
75.29
77.88
80.29
82.8
85.43
87.89
