74
33
42
170.48
166.41
150.7
145.22
151.18
151.37
141.15
154.21
137.84
142.29
146.35
140.77
144.08
133.96
140.96
152.69
152.41
137.84
126.2
135.38
141.62
129.89
141.06
143.04
131.97
140.96
135.76
149.19
151.08
138.12
172.56
155.72
154.77
604.14
3.12
2.6
3.64
3.55
3.12
5.29
3.9
-119.78
-176.29
-145.95
-142.05
-141.97
-134.77
-142.05
-129.31
-132.86
-140.49
-139.71
-139.71
-127.06
-129.31
-120.3
-125.24
-143.35
-131.74
-132.26
-121.08
-129.92
-150.29
-138.76
-134.51
-128.27
-135.29
-137.81
-135.73
-145.78
-138.33
-130.61
-142.14
-169.18
56.92
51.86
46.76
41.78
36.59
31.33
26.64
21.55
16.59
11.51
4.84
-1.87
-8.78
-14.14
-19.2
-24.72
-30.08
-34.44
-39.4
-44.48
-49.49
-54.48
-59.83
-64.94
-69.92
-74.68
-79.88
-84.79
-89.8
-94.95
-99.96
-105.15
-110.06
-114.61
-114.64
-114.67
-114.65
-110.64
-105.61
-100.47
-95.49
-90.45
-85.54
-80.38
-75.36
-70.37
-65.24
-60.15
-55.22
-50.1
-45.07
-40.09
-35.11
-29.95
-24.69
-19.89
-14.75
-9.62
-2.75
4.39
10.94
16.3
20.94
26.01
30.97
35.97
41.15
46.18
51.12
56.16
61.67
66.34
71.36
76.47
