74
33
42
184.19
150.8
144.84
142.38
145.6
130.74
146.26
151.56
151.65
148.72
137.65
136.99
148.91
134.43
136.33
139.07
146.83
150.33
138.78
141.91
138.41
147.39
155.15
150.99
145.79
156.38
146.35
155.72
153.35
172.75
184.76
148.62
163.85
620.51
2.25
3.99
2.69
3.9
4.77
4.25
2.51
-135.38
-141.36
-155.49
-148.29
-149.51
-137.81
-138.67
-137.98
-136.85
-149.68
-148.73
-140.84
-132.26
-137.03
-136.77
-137.72
-131.04
-132.43
-128.36
-137.98
-137.2
-140.84
-141.1
-136.77
-60.24
-143.53
-118.74
-132.52
-138.76
-151.67
-137.29
-134.08
-145.17
54.17
49.3
44.24
39.13
33.98
28.9
24
19.03
13.97
8.66
1.61
-5.42
-11.78
-16.63
-21.81
-26.95
-31.81
-37.38
-41.96
-47.26
-52.34
-57.04
-62.17
-67.28
-72.2
-77.27
-82.33
-87.29
-92.72
-97.47
-102.48
-107.62
-112.51
-114.68
-114.67
-114.68
-114.69
-113.02
-108.11
-103.02
-98.14
-93.12
-87.94
-82.91
-77.3
-72.31
-67.81
-62.38
-57.72
-52.57
-47.27
-42.53
-37.63
-32.45
-27.46
-22.53
-17.31
-12.33
-5.69
0.96
8.05
13.45
18.8
23.46
28.8
33.49
38.54
43.6
49.08
53.71
58.67
63.83
68.85
73.93
