150
68
85
42.86
-0.66
161.77
149.29
161.49
147.77
162.72
156.48
154.02
167.54
153.26
146.07
148.81
141.72
151.84
142.85
156.29
146.26
157.8
148.15
139.83
149.19
147.58
149.76
147.58
132.82
142.85
144.46
143.7
148.25
134.43
145.97
150.61
147.39
153.92
137.84
139.54
139.92
140.68
157.04
144.46
129.89
154.02
152.12
158.27
146.45
143.89
149.57
150.99
146.07
137.37
149.1
147.58
163.76
145.31
151.75
140.77
158.37
161.77
157.04
153.45
178.23
176.34
201.41
159.98
147.96
165.27
166.69
773.86
769.32
767.43
0.17
1.65
2.34
2.86
2.77
1.82
1.65
1.91
2.69
4.77
2.08
3.47
0.35
-134.34
-132.08
-140.32
-164.93
-164.59
-151.93
-156.27
-138.76
-144.05
-147.6
-141.88
-141.1
-145.69
-134.08
-146.82
-134.77
-144.57
-135.47
-151.76
-142.75
-148.64
-154.88
-143.96
-144.39
-140.06
-140.58
-147.69
-139.89
-138.5
-129.83
-145.87
-144.83
-134.95
-143.53
-135.47
-144.39
-139.54
-132.86
-147.6
-137.72
-143.18
-140.58
-144.31
-156.18
-146.91
-147.86
-151.5
-138.07
-149.94
-141.71
-141.53
-150.89
-140.49
-141.53
-137.98
-140.32
-151.85
-147.51
-154.79
-151.33
-141.71
-150.81
-151.5
-146.73
-143.87
-163.46
72.87
70.38
67.78
65.3
62.76
60.23
57.73
55.3
52.74
49.69
47.63
45.09
42.55
40.02
37.65
35.1
32.08
30.11
27.52
25.02
22.46
19.96
17.57
14.63
12.47
9.93
6.38
2.87
-0.63
-3.9
-8.19
-10.8
-13.34
-15.84
-18.42
-20.94
-23.4
-26.59
-28.43
-30.93
-33.46
-36.02
-38.54
-41.12
-43.8
-46.03
-48.58
-51.08
-53.67
-56.23
-58.8
-61.46
-63.72
-66.27
-68.81
-71.36
-73.88
-76.24
-79.22
-81.4
-83.91
-86.45
-88.97
-91.35
-93.96
-96.91
-99.01
-101.54
-102.88
-102.88
-102.9
-102.9
-102.87
-102.9
-102.88
-102.88
-102.1
-99.7
-97.03
-94.48
-91.92
-89.4
-86.9
-83.96
-82.06
-79.4
-76.86
-74.31
-71.75
-69.22
-66.36
-64.25
-61.77
-59.21
-56.65
-54.11
-51.68
-48.78
-46.62
-44.03
-41.56
-38.94
-36.62
-33.99
-31.07
-28.98
-26.49
-23.88
-21.34
-18.9
-16.43
-13.88
-11.34
-8.24
-4.74
-1.15
2.28
5.63
9.79
11.92
14.42
17.04
19.59
22.06
24.59
27.5
29.61
32.1
34.53
37.11
39.61
42.17
44.61
47.12
49.59
52.21
54.84
57.38
59.86
62.24
64.8
67.35
69.85
72.56
75.01
77.52
79.91
82.49
85.03
87.57
