124
52
72
115.79
115.87
123.51
140.39
124.5
147.13
164.91
161.96
159.01
153.41
146.3
148.94
117.54
122.23
127.45
106.41
127.98
118.37
119.05
143.04
138.42
124.12
151.74
142.74
152.27
143.19
139.1
155.68
133.2
121.93
114.21
118.6
122.3
107.7
109.44
115.04
111.18
128.43
144.78
121.02
123.22
118.82
130.1
125.56
126.28
127
136.38
116.7
134.03
142.97
124.73
112.92
130.18
123.59
142.51
136.83
131.54
790.97
788.32
786.73
-1.66
19.27
-2.57
-2.78
-2.42
-0.07
-1.32
-0.62
-100.46
-100.61
-82.02
-101.58
-111.08
-106.78
-111.42
-106.78
-110.04
-108.58
-112.67
-103.03
-108.1
-109.27
-79.32
-103.03
-101.3
-109.21
-117.46
-99.15
-104.77
-102.2
-106.78
-112.18
-112.05
-104.28
-103.86
-104.21
-113.16
-112.18
-101.37
-106.43
-106.02
-105.94
-107.34
-103.03
-81.68
-102.48
-98.25
-99.63
-108.51
-96.17
-112.67
-98.18
-106.85
-113.71
-109.34
-114.06
-113.3
-110.8
-117.25
-99.63
-64.76
-106.5
-90
-89.3
63.98
61.41
59.1
56.6
54.04
51.38
48.85
46.44
43.8
41.33
38.76
36.3
33.67
31.45
28.89
26.37
23.82
21.33
18.74
16.23
13.93
11.36
8.2
4.64
1.27
-2.33
-5.74
-9.14
-11.82
-14.53
-17.15
-19.6
-22.21
-24.63
-27.22
-29.67
-32.01
-34.62
-36.96
-39.73
-42.07
-44.72
-47.27
-49.77
-52.17
-54.86
-57.34
-59.92
-62.35
-64.94
-67.57
-70.09
-72.59
-74.86
-77.44
-80.01
-82.55
-84.07
-84.05
-84.07
-84.08
-84.08
-84.08
-84.06
-84.06
-83.52
-80.56
-77.9
-75.56
-73.16
-70.62
-67.99
-65.48
-62.87
-60.33
-58.05
-55.36
-52.79
-50.24
-47.68
-45.34
-42.65
-40.24
-37.85
-35.18
-32.84
-30.19
-27.72
-25.18
-22.68
-20.17
-17.61
-15.05
-12.59
-9.86
-6.55
-2.92
0.46
4
7.44
10.7
13.16
15.78
18.34
20.8
23.36
25.91
28.2
30.7
33.24
35.74
38.36
40.83
43.39
45.93
48.27
50.89
53.45
55.89
58.54
61.04
63.56
66.08
68.73
