124
52
72
26.49
65.7
104.9
68.04
62.59
57.14
67.13
55.78
68.65
53.96
54.91
55.86
41.97
37.03
24.91
29.64
27.34
27.41
40
52.6
42.16
49.95
57.74
50.41
59.86
53.32
59.02
64.71
46.66
33.13
28.38
28.91
19.82
17.44
18.64
14.16
16.85
32.72
29.57
26.21
24.31
29.79
30.9
26.54
32
37.99
30.99
35.4
43.62
51.84
36.33
61.57
86.81
28.98
51.84
42.69
37.77
703.25
698.86
779.16
-0.14
78.35
1.38
1.46
0.07
1.8
1.66
2.29
-99.08
-100.46
-108.1
-101.58
-108.3
-102.13
-109.27
-112.39
-102.54
-103.45
-113.22
-100.61
-105.32
-104.7
-110.31
-97.28
-99.15
-102.69
-116.14
-88.75
-101.3
-102.27
-104.21
-103.52
-112.6
-103.66
-106.85
-98.38
-111.22
-109.21
-101.44
-102.9
-106.57
-105.25
-105.74
-101.16
-101.3
-107.4
-98.38
-98.8
-102.82
-90.97
-102.9
-100.88
-99.42
-113.16
-105.32
-112.39
-111.91
-111.29
-113.92
-103.1
-95.2
-103.38
-89.79
-87.57
63.65
61.43
58.87
56.34
53.73
51.22
48.64
46.1
43.53
41
38.68
36.19
33.66
31.16
28.72
26.17
23.55
21.07
18.53
15.88
13.33
10.85
8.06
4.4
0.94
-2.57
-6.07
-9.66
-12.36
-14.92
-17.38
-19.81
-22.44
-24.87
-27.47
-29.87
-32.48
-34.85
-37.46
-39.87
-42.49
-44.88
-47.55
-50.14
-52.57
-55.21
-57.6
-60.3
-62.63
-65.24
-67.87
-70.39
-72.83
-75.45
-77.64
-80.18
-82.83
-84.22
-84.22
-84.22
-84.23
-84.22
-84.23
-84.24
-84.22
-83.91
-81.27
-78.57
-76.23
-73.57
-71.03
-68.42
-65.95
-63.41
-60.88
-58.63
-55.96
-53.4
-50.88
-48.35
-45.83
-43.29
-40.73
-38.2
-35.76
-33.14
-30.89
-28.21
-25.87
-23.2
-20.82
-18.18
-15.82
-13.06
-10.44
-7.24
-3.76
-0.3
3.3
6.62
10.12
12.53
15.21
17.79
20.28
22.76
25.32
27.94
30.31
32.92
35.07
37.67
40.19
42.8
45.29
47.87
50.42
53.02
55.3
57.9
60.42
63
65.57
68.09
