124
52
72
114.96
114.51
111.26
139.41
133.35
131.23
159.99
147.89
153.71
162.57
138.8
151.06
133.28
108.3
128.66
109.51
118.9
127.07
110.58
126.92
140.77
120.56
137.44
150.69
158.71
153.71
126.54
140.17
151.67
117.99
114.89
111.26
124.12
117.99
103.23
102.55
116.48
100.28
132.6
128.82
114.89
123.59
112.01
128.97
123.29
113.3
133.89
129.5
112.31
136.08
133.05
115.26
119.96
124.12
119.96
132.3
127.75
546.43
777.87
776.44
0.07
0.76
12.48
0.97
5.48
1.18
22.88
0.28
-93.39
-102.06
-100.88
-106.5
-104.62
-108.58
-113.02
-108.17
-102.41
-111.5
-105.11
-101.71
-106.43
-111.42
-99.63
-99.78
-102.34
-110.8
-103.31
-100.12
-104.7
-105.25
-100.05
-117.18
-105.94
-97.62
-97.9
-103.86
-113.58
-102.69
-96.1
-71.83
-83.27
-107.89
-100.19
-98.46
-107.61
-98.94
-89.3
-102.06
-96.24
-93.95
-85.98
-91.52
-110.1
-114.47
-68.3
-111.42
-111.5
-107.4
-102.82
-93.81
-98.94
-95.89
-91.25
-88.68
65.39
62.84
60.52
57.88
55.4
52.88
50.34
47.72
45.2
42.87
40.21
37.79
35.18
32.66
30.11
27.67
25.09
22.6
20.05
17.61
15.24
12.55
10.05
6.55
3.06
-0.15
-3.84
-7.11
-10.62
-13.17
-15.71
-18.27
-20.66
-23.39
-25.78
-28.42
-30.88
-33.43
-35.81
-38.4
-40.88
-43.39
-45.85
-48.48
-51.02
-53.47
-55.98
-58.61
-61.02
-63.6
-66.1
-68.74
-71.03
-73.59
-76.09
-78.68
-81.23
-83.54
-83.99
-84.02
-84.01
-84.01
-84
-84.01
-83.94
-82.25
-79.68
-77.01
-74.59
-71.98
-69.5
-66.89
-64.51
-61.92
-59.34
-56.83
-54.28
-51.75
-49.22
-46.87
-44.36
-41.73
-39.17
-36.5
-34.16
-31.8
-29.19
-26.76
-24.06
-21.51
-19.01
-16.39
-14.02
-11.56
-8.38
-5.2
-1.53
2.16
5.43
9.05
11.73
14.36
16.73
19.29
21.86
24.42
26.96
29.23
31.84
34.38
36.81
39.36
41.88
44.51
47.02
49.54
51.84
54.53
57.02
59.55
62.19
64.69
67.03
69.52
