125
53
74
152.69
138.69
145.12
159.5
167.36
153.73
187.79
190.82
187.88
184.76
181.64
182.02
174.55
131.41
145.5
148.15
135.28
149.1
137.55
149.1
167.07
149.1
157.89
176.82
179.65
185.99
162.63
171.52
189.49
155.44
166.5
132.54
138.22
140.01
121.47
124.03
127.24
119.11
142.29
159.69
151.08
137.55
132.54
156.19
154.02
138.6
164.99
171.9
144.27
172.94
183.15
153.54
162.15
167.64
161.4
220.62
164.8
177.48
931.1
932.71
975.75
3.38
3.21
2.86
1.91
4.94
4.07
4.77
5.03
3.47
-127.06
-134.17
-137.37
-138.85
-130.44
-135.81
-145.61
-134.51
-114.49
-145.87
-137.81
-121.6
-135.47
-136.77
-118.39
-119.43
-120.64
-139.11
-119
-122.38
-128.1
-126.54
-120.82
-140.41
-99.67
-124.02
-112.06
-129.4
-140.06
-131.82
-126.88
-136.85
-127.92
-135.99
-126.8
-121.42
-131.74
-125.32
-116.66
-129.57
-124.54
-119.78
-127.84
-115.27
-138.24
-145.17
-131.65
-144.83
-133.04
-137.98
-135.12
-117.78
-133.99
-131.13
-116.92
65.75
63.18
60.62
58.09
55.62
53.04
50.51
47.86
45.58
43.02
40.4
37.89
35.35
32.79
30.53
27.96
25.49
22.99
20.36
17.77
15.31
12.72
10.17
7.18
3.49
0.03
-3.55
-6.74
-10.33
-12.75
-15.51
-18.06
-20.46
-23.09
-25.56
-28.14
-30.56
-33.09
-35.59
-38.12
-40.58
-43.19
-45.63
-48.19
-50.71
-53.32
-55.57
-58.26
-60.77
-63.31
-65.9
-68.43
-70.98
-73.39
-76.08
-78.54
-81.08
-83.33
-83.91
-83.91
-83.91
-83.91
-83.91
-83.91
-83.92
-83.91
-83.85
-82.18
-79.38
-76.8
-74.31
-71.77
-69.24
-66.63
-64.36
-61.7
-59.18
-56.61
-54.04
-51.77
-49.07
-46.71
-44
-41.65
-39.05
-36.46
-34
-31.67
-29
-26.4
-23.91
-21.34
-18.97
-16.34
-13.85
-11.21
-8.27
-4.76
-1.21
2.24
5.74
9.25
11.94
14.56
16.83
19.34
21.96
24.45
27.1
29.51
31.83
34.46
37.05
39.54
42.05
44.67
47.1
49.7
52.27
54.55
57.11
59.72
62.33
64.83
67.34
