124
52
72
29.76
33.23
44.81
56.38
60.97
65.56
79.47
64.71
79.75
67.55
56.86
63.67
45.6
40.97
25.69
31.95
29.55
28.97
41.3
53.64
43.9
54.68
65.47
55.15
68.78
51.28
59.79
68.3
47.26
35.69
31.65
34.65
26.41
22.62
23.23
19.94
21.79
41.6
61.4
47.49
40.97
44.18
42.67
35.33
37.11
43.06
32.97
36.35
46.04
55.72
36.14
36.76
37.37
23.18
47.21
42.29
39.64
874.33
863.64
861.75
1.65
1.3
1.3
1.82
-0.26
-0.26
2.95
1.47
-134.69
-121.34
-128.18
-131.87
-135.55
-125.32
-136.42
-140.49
-126.71
-130.87
-136.77
-129.4
-133.47
-130.52
-123.07
-126.36
-123.94
-131.82
-144.91
-115.1
-125.93
-128.18
-130.7
-131.13
-134.51
-129.74
-130.18
-129.66
-129.05
-137.89
-130.61
-126.54
-128.79
-135.21
-131.3
-128.53
-126.97
-135.55
-122.9
-120.73
-130.35
-115.18
-136.85
-126.1
-127.06
-144.65
-130.78
-142.05
-135.38
-137.81
-140.49
-122.38
-119.43
-127.32
-108.25
-111.11
63.82
61.46
58.84
56.33
53.72
51.36
48.74
46.26
43.72
41.24
38.64
36.25
33.67
31.2
28.59
26.22
23.86
21.17
18.58
16.18
13.57
10.99
7.95
4.74
1.18
-2.47
-5.83
-9.38
-12.11
-14.77
-17.17
-19.85
-22.08
-24.73
-27.2
-29.8
-32.36
-34.89
-37.35
-39.75
-42.31
-44.88
-47.43
-49.97
-52.47
-55.05
-57.53
-60.16
-62.4
-64.97
-67.69
-70.09
-72.64
-75.14
-77.68
-80.2
-82.79
-84.23
-84.24
-84.24
-84.22
-84.22
-84.23
-84.22
-84.22
-83.77
-80.93
-78.37
-76.11
-73.37
-70.85
-68.22
-65.66
-63.42
-60.81
-58.29
-55.74
-53.21
-50.64
-48.31
-45.63
-43.16
-40.63
-38.05
-35.53
-33.04
-30.61
-27.97
-25.47
-22.92
-20.39
-18.09
-15.49
-12.89
-10.34
-6.88
-3.5
0.07
3.33
6.94
10.39
12.92
15.41
17.76
20.44
22.79
25.44
27.85
30.42
32.8
35.5
38.12
40.45
42.86
45.45
48.07
50.66
53.11
55.72
58.15
60.67
63.14
65.84
68.33
