123
52
72
108.68
111.1
121.54
133.5
117.31
133.28
160.98
139.26
151.67
141.87
132.06
146.38
112.39
113.9
125.41
97.48
122.46
116.02
108.22
137.44
129.42
112.54
142.44
137.06
145.84
138.5
125.94
148.19
150.54
109.21
104.98
106.79
121.17
100.36
102.02
104.59
98.69
97.48
132.52
116.18
113.98
111.48
116.4
117.31
110.42
114.51
127.6
112.7
112.99
131.38
113.45
97.41
115.94
106.18
122.08
119.58
113.38
788.47
761.15
758.05
1.74
0.21
0.97
2.98
3.4
1.53
3.33
2.91
-92.22
-96.45
-103.58
-98.46
-105.11
-100.82
-98.53
-108.65
-99.42
-100.05
-103.94
-93.12
-98.38
-103.38
-99.84
-95.41
-91.38
-100.54
-108.58
-91.31
-95.62
-64.76
-97.97
-105.74
-99.42
-95.2
-96.24
-98.11
-99.47
-100.82
-94.37
-98.25
-95.62
-99.15
-100.67
-99.22
-97.28
-101.16
-93.67
-91.1
-100.33
-90.48
-101.65
-62.13
-102.82
-105.66
-104.42
-109.34
-107.4
-101.5
-108.17
-93.81
-93.81
-100.67
-89.23
63.45
60.87
58.31
55.76
53.28
50.94
48.33
45.7
43.12
40.6
38.16
35.61
33.12
30.53
28.31
25.73
23.27
20.66
18.07
15.56
13.21
10.67
7.32
3.79
0.42
-3.26
-6.69
-10.1
-12.76
-15.29
-17.69
-20.24
-22.69
-25.36
-27.86
-30.46
-32.85
-35.33
-37.77
-40.42
-42.85
-45.54
-47.92
-50.48
-52.99
-55.58
-57.97
-60.57
-63.04
-65.42
-68.13
-70.66
-73.24
-75.64
-78.25
-80.79
-83.3
-84.99
-84.99
-85.01
-84.99
-84.98
-85.03
-85
-85.01
-84.59
-81.7
-79.12
-76.62
-73.94
-71.43
-68.8
-66.61
-63.98
-61.41
-58.87
-56.34
-53.76
-51.49
-48.67
-46.37
-43.67
-41.25
-38.58
-36.24
-33.58
-31.3
-28.64
-26.26
-23.57
-21.09
-18.45
-16.17
-13.45
-10.94
-7.76
-4.45
-0.77
2.62
6.05
9.53
12.24
14.74
17.34
19.81
22.15
24.68
27.33
29.7
32.31
34.82
37.41
39.88
42.38
44.89
47.25
49.8
52.38
54.98
57.55
60.06
62.42
65.01
