125
53
73
8.51
7.63
13.08
21
18.67
33.32
42.58
51.84
53.39
54.94
46.54
42.91
22.86
19.11
15.04
8.39
14.26
11.18
12.48
22.82
22.61
32.99
40.41
38.4
40.35
34.94
35.14
44.85
54.57
34.9
19.11
14.63
14.08
4.51
1.53
4.55
1.41
4.94
16.89
9.24
7.68
5.77
11.78
11
6.59
12.57
21
13.34
17.87
24.3
18.85
13.55
16.46
19.38
58.2
32.09
23.31
22.33
655.12
654.36
653.83
-1.11
-2.22
-1.74
-2.15
-2.42
-2.57
20.31
-0.76
-87.85
-100.4
-111.22
-105.46
-110.52
-101.58
-110.94
-115.93
-107.26
-103.31
-111.01
-105.25
-106.92
-109.42
-113.02
-97.97
-100.05
-101.23
-117.59
-96.38
-103.73
-103.94
-108.3
-105.87
-116.76
-105.18
-106.36
-103.17
-112.18
-116.7
-109.34
-103.86
-107.82
-106.22
-87.85
-100.74
-100.4
-105.81
-103.58
-99.15
-105.87
-95.68
-103.1
-102.48
-97.9
-113.22
-111.84
-114.62
-113.78
-109.48
-115.3
-103.45
-97.55
-106.57
-100.67
-92.98
65.55
63.17
60.48
58.01
55.52
52.95
50.36
47.78
45.48
42.9
40.31
37.79
35.3
32.74
30.19
27.92
25.32
22.75
20.22
17.75
15.26
12.66
10.12
6.75
3.5
-0.13
-3.58
-7.02
-10.47
-13.07
-15.43
-17.94
-20.83
-22.98
-25.72
-28.02
-30.72
-33.03
-35.72
-38.26
-40.75
-43.27
-45.88
-48.36
-50.78
-53.42
-55.83
-58.43
-60.91
-63.47
-65.96
-68.35
-71.15
-73.49
-76.03
-78.56
-81.09
-83.7
-84.55
-84.53
-84.55
-84.53
-84.55
-84.54
-84.52
-84.55
-84.42
-82.16
-79.41
-76.9
-74.42
-71.93
-69.36
-66.79
-64.26
-61.92
-59.35
-56.75
-54.2
-51.69
-49.15
-46.58
-44.29
-41.66
-39.16
-36.51
-34.16
-31.57
-28.99
-26.57
-24.06
-21.45
-19
-16.45
-14.04
-11.33
-8.51
-4.79
-1.62
2.12
5.58
9.16
11.8
14.4
16.95
19.4
22.02
24.52
26.82
29.43
31.91
34.46
36.98
39.46
42
44.49
47.12
49.69
51.96
54.61
57.15
59.68
62.2
64.72
67.37
