125
53
73
119.13
106.03
110.42
115.65
129.12
111.94
136.98
145.77
135.47
144.26
131.62
127.53
131.16
102.02
103.76
105.2
96.34
111.02
100.5
105.42
125.63
114.13
111.33
137.52
131.16
130.25
126.62
125.41
135.55
115.04
107.93
96.65
96.65
100.13
82.12
88.25
90.52
83.86
92.03
112.46
91.88
96.58
95.44
105.66
124.88
95.66
105.35
112.39
96.87
112.39
119.43
99.98
95.44
106.41
100.28
118.22
111.86
113.98
604.18
741.25
741.62
1.46
1.46
2.15
4.02
1.66
1.18
2.78
2.98
-91.31
-95.06
-95.96
-98.18
-98.04
-100.67
-98.32
-100.19
-93.26
-105.94
-98.38
-91.66
-96.51
-100.88
-88.19
-94.37
-92.14
-104.28
-91.73
-88.26
-94.16
-90.06
-87.3
-103.86
-94.64
-87.92
-90.27
-96.17
-105.66
-98.38
-89.65
-98.04
-95.54
-99.7
-95.06
-91.59
-100.54
-95.41
-88.26
-95.68
-87.85
-89.23
-95.82
-84.86
-104.21
-104.56
-104.77
-104.62
-101.92
-99.36
-97.83
-89.86
-97
-97.34
-82.99
-83.14
66.67
64.25
61.66
59.17
56.63
54.15
51.57
49.16
46.47
44.04
41.43
38.99
36.53
33.92
31.5
28.93
26.42
23.94
21.34
19.08
16.55
13.92
11.42
8.4
4.79
1.64
-1.81
-5.32
-8.8
-11.85
-14.4
-16.94
-19.46
-22.02
-24.49
-27.12
-29.6
-31.89
-34.44
-36.99
-39.54
-42.1
-44.58
-47.15
-49.59
-52.02
-54.68
-57.04
-59.71
-62.11
-64.76
-67.39
-69.85
-72.23
-74.83
-77.25
-79.98
-82.26
-84.64
-85.01
-84.98
-84.99
-84.98
-84.99
-84.97
-84.93
-83.27
-80.46
-78.14
-75.57
-73
-70.55
-67.94
-65.49
-62.83
-60.36
-57.81
-55.34
-52.7
-50.42
-47.83
-45.36
-42.76
-40.18
-37.62
-35.1
-32.84
-30.25
-27.67
-25.12
-22.66
-20.11
-17.57
-14.96
-12.43
-10.03
-6.34
-3.1
0.58
3.94
7.54
10.56
13.3
15.74
18.35
20.72
23.46
25.79
28.4
30.76
33.37
35.8
38.24
40.85
43.3
45.93
48.51
51
53.65
55.89
58.47
61.04
63.56
66.1
68.67
