123
52
72
19.12
18.3
30.04
34.96
36.55
48.51
60.47
58.13
56.99
65.46
61.11
56.76
36.41
35.46
25.6
22.71
27.37
21.29
28.24
35.65
30.7
35.1
44.83
54.57
59.79
59.26
51.35
53.72
56.08
38.64
28.33
26.65
25.55
16.3
12.95
14.35
9.9
22.09
31.67
24.35
26.75
45.8
64.86
92.6
120.34
82.46
68.25
54.04
46.66
47.17
35.92
33.02
30.12
65.31
28.23
41.93
38.37
472.34
689.33
690.91
0.62
-0.14
0.7
-0.21
2.08
3.33
2.15
1.59
-98.66
-104.07
-105.53
-107.13
-106.36
-113.02
-112.74
-108.86
-101.16
-115.38
-103.31
-99.84
-102.62
-108.58
-100.19
-99.36
-100.19
-111.14
-92.5
-103.73
-102.27
-75.5
-97.83
-111.63
-104.28
-99.7
-99.36
-95.54
-111.01
-103.31
-97.49
-103.1
-102.48
-103.03
-92.22
-98.04
-89.72
-96.79
-94.09
-101.58
-93.81
-97.76
-99.15
-96.72
-111.77
-108.1
-111.14
-110.46
-106.71
-109.27
-105.66
-94.64
-98.18
-98.66
-85.84
65.39
62.93
60.39
57.82
55.28
52.76
50.51
47.96
45.35
42.85
40.18
37.7
35.15
32.6
30.2
27.63
25.39
22.87
20.14
17.76
15.16
12.54
10.14
6.72
3.14
-0.26
-3.85
-7.16
-10.54
-13.08
-15.74
-18.28
-20.69
-23.03
-25.8
-28.35
-30.76
-33.3
-35.77
-38.26
-40.87
-43.42
-45.86
-48.35
-50.99
-53.5
-55.99
-58.6
-60.91
-63.38
-65.94
-68.59
-71.11
-73.63
-76.18
-78.66
-81.26
-83.59
-84.21
-84.22
-84.2
-84.22
-84.22
-84.23
-84.08
-82.18
-79.41
-76.85
-74.36
-71.74
-69.21
-66.94
-64.29
-61.75
-59.25
-56.77
-54.32
-51.63
-49.29
-46.61
-44.26
-41.57
-39.23
-36.51
-33.9
-31.57
-28.97
-26.5
-23.87
-21.5
-18.89
-16.46
-13.78
-11.32
-8.21
-4.88
-1.36
2.16
5.68
9.13
11.92
14.46
16.76
19.3
21.91
24.47
26.98
29.5
31.94
34.53
36.99
39.5
42.11
44.57
47.16
49.73
52.29
54.71
57.06
59.75
62.22
64.74
67.29
