126
53
74
155.62
142.19
150.04
157.04
168.4
151.56
192.05
197.68
200.59
189.27
177.95
184.38
177.1
142.95
151.08
151.75
137.18
156.57
148.53
150.42
177.48
164.23
163
185.71
185.8
189.3
171.61
172.94
167.69
162.44
155.72
140.01
143.04
153.54
127.81
131.5
135.38
128.19
143.42
170.1
141.15
147.02
143.33
158.37
152.69
143.61
167.45
171.8
146.83
170.38
181.26
156.19
154.68
163.67
156.48
189.21
166.5
173.13
908.01
901.2
900.07
-1.04
-0.95
-2.34
0.26
-1.82
-1.73
2.6
0
-2.6
-125.15
-141.27
-134.6
-143.01
-129.48
-121.94
-150.72
-140.41
-122.29
-148.99
-136.59
-122.2
-139.02
-140.06
-124.02
-123.76
-125.93
-143.79
-123.5
-127.23
-138.59
-132.78
-128.27
-146.73
-129.57
-127.92
-113.8
-135.55
-146.82
-103.74
-128.18
-131.91
-128.27
-141.01
-127.14
-122.2
-139.63
-130.44
-121.42
-133.56
-121.08
-128.53
-131.04
-116.31
-142.57
-146.13
-139.54
-141.71
-143.96
-143.27
-136.25
-117.18
-131.65
-133.39
-117.78
-120.73
66.08
63.76
61.26
58.64
56.13
53.59
51.07
48.51
45.97
43.46
40.92
38.37
35.8
33.55
30.95
28.45
26
23.42
20.88
18.33
16.08
13.51
10.8
7.94
4.17
0.96
-2.82
-5.98
-9.7
-12.2
-14.92
-17.31
-19.93
-22.33
-25.11
-27.5
-30.1
-32.51
-35.15
-37.4
-40.13
-42.4
-45.06
-47.59
-50.14
-52.75
-55.28
-57.79
-60.13
-62.63
-65.28
-67.89
-70.39
-72.83
-75.34
-77.82
-80.5
-83
-83.65
-83.65
-83.65
-83.64
-83.64
-83.65
-83.64
-83.64
-83.59
-81.71
-78.97
-76.39
-73.84
-71.3
-68.9
-66.29
-63.8
-61.27
-58.76
-56.16
-53.74
-51.15
-48.61
-46.31
-43.64
-41.18
-38.54
-36.11
-33.59
-31.26
-28.57
-26.16
-23.49
-20.99
-18.62
-15.98
-13.48
-10.85
-7.61
-4.09
-0.57
2.55
6.08
9.69
12.3
14.78
17.38
19.84
22.43
25
27.59
29.97
32.51
34.96
37.57
40.11
42.31
44.93
47.53
50.06
52.6
55.11
57.72
60.23
62.67
65.05
67.75
70.1
