146
64
89
-0.28
-0.95
0.38
149.1
131.31
151.27
143.33
150.14
154.68
148.62
143.89
149.38
140.2
156.38
132.16
141.91
139.92
143.61
142.66
143.7
138.69
128.66
136.33
137.84
128.76
133.3
118.07
132.26
139.35
134.91
128.38
121.76
131.97
142
131.22
145.79
128.66
126.2
136.33
125.45
138.5
127.53
120.81
138.03
133.2
134.34
130.36
134.81
146.16
138.41
144.84
129.04
142.1
153.16
150.04
136.61
144.18
141.24
148.81
146.26
146.73
140.96
177.1
164.52
182.59
155.34
140.3
150.14
159.6
891.08
888.15
883.8
2.69
3.03
3.12
4.33
3.47
2.95
2.95
3.64
3.29
2.34
5.11
4.07
2.51
-128.53
-127.58
-141.79
-153.49
-145.17
-138.67
-151.5
-134.77
-136.42
-139.45
-137.89
-132.95
-140.32
-133.56
-139.71
-129.83
-137.98
-127.75
-142.57
-136.07
-140.49
-141.79
-128.79
-137.37
-123.16
-123.33
-125.32
-124.02
-122.81
-112.15
-129.66
-124.89
-122.9
-134.43
-126.36
-129.74
-116.66
-117.61
-136.68
-122.2
-123.16
-133.47
-124.37
-140.23
-125.32
-135.47
-142.14
-126.71
-134.6
-126.8
-130.61
-132.78
-126.71
-135.47
-129.05
-139.54
-142.23
-144.22
-151.24
-138.33
-135.38
78.82
75.76
73.8
70.7
68.63
65.95
63.69
60.53
58.57
56.1
53.39
50.58
48.05
45.92
43.49
40.55
38.33
35.26
33.5
30.78
28.58
25.83
22.9
20.99
18.18
15.77
12.91
10.8
7.73
3.5
0.51
-4.01
-6.4
-10.67
-12.44
-15.27
-17.42
-20.08
-22.66
-25.33
-27.87
-30.28
-32.75
-35.13
-38.06
-40.25
-42.71
-45.34
-47.63
-50.3
-52.96
-55.54
-57.67
-60.81
-62.94
-65.58
-67.87
-70.58
-73.09
-75.48
-78.1
-80.42
-83.86
-85.54
-88.01
-90.68
-93.73
-95.67
-98.19
-100.49
-100.54
-100.56
-100.53
-100.54
-100.55
-100.55
-100.55
-99.77
-97.07
-94.15
-91.84
-89.24
-86.43
-84.32
-81.52
-79.1
-76.75
-73.78
-71.84
-68.76
-66.6
-63.81
-61.12
-58.96
-56.67
-54.01
-50.63
-48.92
-46.07
-43.88
-41.09
-38.92
-36.14
-33.62
-31.29
-28.45
-26.47
-23.55
-21.24
-18.43
-15.76
-13.76
-11.35
-8.24
-3.73
-1.08
2.89
6.51
10.05
12.11
14.54
18.16
19.71
22.69
24.66
27.57
29.81
32.42
35.03
37.55
39.77
42.29
45.78
47.11
49.99
52.13
55.16
57.43
60.22
63.16
65.45
67.55
69.89
73.34
75.09
78.07
