136
54
83
153.16
159.6
164.42
159.03
150.99
160.07
155.72
168.68
143.7
151.37
153.16
163.29
147.49
160.35
153.45
147.49
152.22
152.31
149.66
149.38
134.34
150.52
154.96
138.03
155.15
137.55
138.31
154.58
141.81
155.62
144.27
140.77
147.39
135.28
150.33
141.06
143.33
159.22
147.87
152.88
144.08
145.03
151.08
157.42
158.27
134.62
147.77
143.52
155.91
149.57
150.33
150.7
148.91
158.56
155.62
144.84
173.41
166.03
184.29
155.34
144.74
157.99
163
822.96
889.57
886.25
3.64
4.77
2.25
3.64
4.42
2.34
3.81
3.29
3.73
4.07
4.25
3.29
4.59
-127.84
-119.43
-143.27
-158.35
-146.65
-140.93
-153.58
-139.8
-139.28
-142.92
-138.07
-136.59
-145.69
-137.72
-143.96
-134.86
-141.27
-133.82
-155.05
-145.95
-148.29
-143.87
-140.75
-147.69
-136.85
-135.03
-139.37
-132.95
-142.14
-126.45
-140.58
-128.79
-136.42
-152.71
-132.86
-139.19
-132.69
-136.68
-147.08
-108.77
-132.52
-137.29
-139.54
-153.67
-139.54
-145
-139.37
-135.55
-154.88
-135.73
-148.9
-140.84
-139.54
-143.53
-139.71
-152.19
-151.24
63.99
61.42
58.98
56.77
54.08
50.98
49.35
46.56
44.19
41.58
39.09
36.67
33.43
31.42
29.15
26.71
23.48
21.32
19.09
16.48
13.09
11.66
8.46
5.02
0.73
-2.66
-5.54
-9.38
-12.01
-14.62
-16.88
-19.24
-22.42
-24.41
-27.06
-29.88
-32.15
-35.01
-36.99
-39.77
-41.82
-44.74
-47.43
-49.76
-52.1
-54.47
-57.5
-59.67
-62.41
-65.18
-67.45
-69.72
-72.24
-75.56
-77.35
-80.09
-82.18
-84.82
-87.36
-90.03
-92.39
-95.09
-97.4
-99.6
-99.79
-99.8
-99.76
-99.79
-99.79
-99.8
-99.77
-98.17
-95.97
-93.06
-90.75
-87.61
-85.77
-82.76
-80.86
-77.76
-75.46
-73.08
-70.6
-68.12
-65.65
-63.01
-60.43
-57.85
-55.29
-53.01
-50.27
-47.92
-45.41
-42.88
-40.55
-37.5
-35.33
-32.6
-30.25
-27.79
-24.82
-22.82
-20.26
-17.7
-15.11
-12.42
-10.33
-6.23
-3.13
0.79
3.99
7.8
11.02
13.5
15.71
18.05
21
23.15
26.05
28.19
30.81
33.29
35.95
38.41
40.8
43.86
45.66
48.19
50.83
53.42
56.22
58.5
61.69
63.45
66.77
68.48
