136
54
83
146.64
154.87
151.18
149.66
149.66
165.27
148.62
159.22
136.14
145.6
154.58
159.79
157.71
149.57
156.67
145.97
147.77
151.75
145.22
147.11
137.37
145.6
154.3
135.85
146.92
148.06
135.76
159.31
143.89
149.57
154.77
143.89
157.14
136.99
145.6
153.35
143.04
149.1
143.7
145.5
148.15
152.31
155.91
142.57
153.07
140.58
145.22
142.19
153.16
137.93
142.76
149.19
152.12
149.85
143.99
138.78
168.59
162.53
177.38
152.69
149.66
151.18
162.81
624.11
921.83
921.07
1.39
-1.04
-0.95
-0.61
-0.69
-0.78
-0.52
2.17
0.09
-0.87
2.69
-1.47
-1.13
-138.07
-124.2
-143.87
-168.49
-143.44
-150.03
-148.03
-141.45
-151.15
-142.23
-145.17
-148.03
-140.06
-146.21
-144.83
-137.11
-141.79
-134.6
-154.79
-158.52
-156.09
-146.73
-146.13
-144.48
-139.37
-141.1
-142.66
-150.29
-149.68
-135.21
-147.34
-139.63
-139.97
-153.75
-135.9
-139.02
-134.6
-141.88
-147.34
-136.07
-143.7
-140.84
-145.61
-151.41
-145.26
-143.27
-142.23
-139.8
-160.95
-139.28
-156.35
-141.97
-142.75
-146.3
-141.19
-130.61
-158.35
64.61
62.57
60.31
57.69
54.5
52.57
50.05
47.19
44.59
42.45
39.89
36.69
34.97
32.09
29.57
27
24.86
22.46
19.11
17.41
14.4
11.85
9.05
6.26
3.06
-0.95
-4.74
-7.86
-10.78
-13.96
-15.88
-18.8
-21.11
-23.98
-26.03
-28.59
-31.57
-33.5
-36.15
-39.13
-41.37
-43.65
-46.14
-49.2
-51.29
-54.23
-56.7
-58.89
-61.9
-63.73
-66.87
-68.85
-71.58
-74.36
-76.39
-79.02
-81.5
-83.98
-86.6
-89.48
-91.58
-94.19
-96.64
-98.92
-99.43
-99.44
-99.43
-99.46
-99.43
-99.45
-99.33
-97.53
-95.05
-92.04
-90.18
-86.99
-85.08
-82.19
-80.14
-76.94
-74.99
-71.96
-70.07
-66.67
-64.8
-61.99
-59.75
-56.64
-54.64
-52.2
-49.12
-46.88
-44.73
-42.2
-38.93
-36.72
-34.47
-31.99
-28.62
-26.99
-24.42
-22.22
-18.48
-16.8
-14.27
-11.88
-8.27
-5.73
-2.11
1.71
5.57
8.34
11.37
13.89
16.97
18.84
21.56
24.27
26.86
28.92
31.72
34.19
36.61
39.28
41.56
44.3
46.64
49.27
52.44
54.5
56.76
59.1
61.99
64.19
66.67
69.53
