136
54
83
132.64
152.88
149.95
148.91
149.29
143.99
143.8
145.79
136.04
142.85
143.42
155.62
149.85
147.58
144.27
133.77
141.53
144.84
132.64
138.22
126.86
137.08
144.74
128.38
136.33
135.28
131.78
150.33
134.72
152.31
137.55
131.41
145.6
132.64
135.85
138.6
124.5
146.64
133.87
140.11
134.24
137.37
141.15
140.68
149.85
127.34
138.69
135.38
150.33
133.39
141.24
139.92
143.04
141.62
143.52
132.16
168.68
160.17
180.41
151.18
138.88
152.22
151.46
782.47
875.56
870.17
-0.43
0.87
0.95
9.53
3.12
0.61
0.69
1.39
2.43
-1.04
3.73
0.95
3.03
-134.51
-118.82
-142.57
-170.91
-138.33
-142.66
-144.83
-138.15
-143.53
-139.28
-139.89
-137.03
-135.38
-143.09
-141.45
-132.52
-135.99
-130.61
-148.21
-148.9
-150.2
-135.03
-140.41
-143.44
-131.22
-134.25
-128.7
-128.18
-144.31
-126.71
-138.93
-132.17
-132.78
-148.03
-132.52
-134.25
-127.14
-135.73
-140.32
-129.83
-142.14
-132.17
-138.59
-149.68
-138.85
-143.61
-136.77
-136.51
-153.84
-130.09
-151.07
-140.75
-133.56
-142.83
-136.51
-146.91
-146.39
63.03
61.27
58.48
56.16
53.37
50.95
48.47
45.35
43.46
40.68
38.55
36.04
33.3
30.98
28.21
25.88
23.26
20.88
18.57
15.51
13.38
10.52
7.63
4.19
0.32
-2.88
-6.21
-9.73
-12.42
-15.32
-17.36
-20.15
-22.56
-25.44
-27.37
-30.04
-33.13
-35.09
-37.64
-40.21
-42.78
-45.63
-47.82
-50.35
-52.6
-55.53
-57.75
-60.41
-62.84
-65.4
-68.33
-70.38
-72.9
-75.45
-78.09
-80.38
-83.19
-85.58
-88.01
-90.74
-93.11
-95.67
-98.65
-100.09
-100.3
-100.31
-100.3
-100.29
-100.31
-100.3
-100.3
-99.16
-95.88
-93.45
-90.62
-88.25
-85.71
-83.37
-80.94
-77.76
-75.74
-72.88
-70.7
-67.84
-65.78
-63.24
-60.21
-58.14
-55.02
-53.08
-50.7
-47.98
-45.4
-42.49
-40.47
-37.47
-35.34
-33.01
-30
-27.8
-25.12
-22.93
-20.05
-17.67
-15.22
-12.54
-10.36
-6.47
-3.19
0.32
4.55
7.29
10.75
13.06
15.85
18.09
20.66
23.39
25.64
28.37
30.78
33.25
36.12
38
41.04
43.17
46.14
48.16
50.76
53.69
55.9
58.19
60.94
63.2
66.27
68.44
