136
54
82
139.83
147.87
146.92
148.43
142.29
144.93
145.88
148.06
132.73
138.12
143.14
148.06
149
136.8
148.72
135.95
142.66
145.41
131.59
135.28
125.07
140.39
142.1
128.28
127.05
134.24
122.61
148.91
128.76
138.69
140.11
135.28
148.43
127.05
136.14
136.04
138.6
143.61
132.45
138.12
136.42
141.81
147.39
131.88
145.22
129.7
140.2
135.38
147.58
132.73
141.81
145.03
145.69
140.77
146.35
129.04
163.95
156.38
171.23
148.62
138.31
146.73
155.62
515.69
898.46
894.86
1.82
17.16
2.51
1.73
2.08
0.78
1.65
1.13
1.65
1.65
9.62
1.91
-141.45
-135.9
-117
-148.12
-168.75
-130.96
-152.28
-144.91
-137.72
-144.57
-133.56
-138.5
-137.72
-134.77
-149.77
-135.21
-133.21
-136.51
-133.99
-144.65
-150.03
-145.87
-140.23
-148.21
-143.35
-132
-136.33
-134.17
-141.01
-137.55
-132.08
-138.24
-127.58
-139.28
-138.67
-131.22
-132.86
-125.93
-134.95
-135.47
-127.58
-144.13
-130.35
-134.77
-140.58
-135.38
-145.43
-135.47
-133.56
-139.63
-129.31
-152.11
-129.31
-134.95
-133.47
-135.38
-150.63
-147.6
63.69
61.57
59.06
56.13
54.1
51.1
49.07
46.54
43.65
41.43
38.61
36.62
34.14
31.51
29.04
26.13
23.89
21.35
18.75
16.32
13.41
11.25
8.55
4.98
1.1
-2.32
-5.51
-9.72
-11.93
-14.73
-17.07
-19.66
-22.3
-24.45
-27.27
-29.67
-32.06
-34.96
-37.14
-40.18
-42.31
-44.77
-47.57
-49.61
-52.3
-54.81
-57.3
-60.23
-62.45
-65.43
-67.24
-70.16
-72.25
-74.86
-77.74
-80.05
-82.54
-85.16
-87.6
-90.45
-92.64
-95.37
-97.47
-99.7
-100.48
-100.48
-100.47
-100.48
-100.48
-100.46
-100.34
-98.2
-95.52
-92.88
-90.58
-88.14
-85.16
-83.09
-80.48
-77.98
-75.37
-72.63
-70.38
-67.58
-65.31
-62.54
-60.12
-57.79
-54.85
-52.95
-50.27
-47.67
-45.18
-42.07
-40.07
-37.79
-35.06
-32.56
-29.6
-27.51
-24.66
-22.51
-20.03
-17.04
-14.97
-12.16
-9.84
-6.01
-2.6
0.84
4.65
7.55
11.15
13.41
15.9
18.84
20.97
23.77
26.06
28.7
30.96
33.59
36.24
38.34
41.25
43.73
46.06
48.83
51.12
53.83
56.88
58.55
61.44
63.59
66.55
69
