138
55
84
154.68
133.96
157.42
157.89
159.98
171.52
153.73
139.73
153.16
145.03
157.14
153.64
154.49
140.11
159.41
150.7
146.64
142.29
143.33
147.87
148.91
125.92
138.6
137.93
143.33
146.64
128.57
144.46
146.35
144.84
156.95
134.53
152.88
141.81
143.61
155.44
143.23
137.65
147.68
143.23
163.95
142.57
146.83
138.78
153.16
140.68
140.96
145.5
153.64
161.11
149.29
151.18
141.24
149.95
155.06
147.2
154.39
170.67
161.87
196.78
146.64
142
159.98
162.34
904.04
896.95
894.86
0.52
0.95
-1.39
0.95
-0.61
7.02
1.04
2.08
-0.43
0.87
0.26
-0.69
0.69
-132.34
-138.33
-123.5
-159.39
-161.21
-138.67
-155.75
-138.5
-143.61
-144.83
-137.03
-138.85
-143.01
-142.49
-145.61
-138.67
-141.1
-137.29
-139.89
-148.99
-154.62
-156.61
-144.91
-152.8
-138.76
-138.15
-147.6
-135.29
-141.1
-136.16
-139.54
-135.9
-130.7
-144.91
-141.01
-140.58
-138.33
-127.32
-145.17
-130.96
-139.19
-152.37
-137.81
-145.26
-143.01
-137.89
-155.57
-137.63
-152.97
-143.61
-138.07
-161.73
-141.97
-138.93
-141.45
-151.33
-158.87
-158.69
65.12
62.57
59.46
57.57
54.51
52.07
49.91
47.42
45.06
42.09
39.84
36.91
35.02
31.93
29.9
27.35
24.59
22.25
19.25
17.37
14.53
12.21
9.88
5.73
2.71
-1.63
-4.18
-8.22
-11
-13.66
-16.7
-18.62
-21.67
-23.71
-26.42
-28.54
-31.31
-34.15
-36.23
-39.35
-41.19
-44.17
-46.32
-49.12
-51.41
-54.05
-56.74
-58.69
-62.21
-63.75
-66.67
-69.04
-71.68
-73.96
-76.67
-79.51
-81.41
-84.53
-86.57
-89.24
-91.75
-94.12
-97.6
-99.28
-100.69
-100.68
-100.68
-100.7
-100.71
-100.7
-100.69
-100.68
-100.54
-97.7
-94.82
-92.87
-90.23
-87.64
-84.72
-82.58
-80.3
-77.29
-75.04
-72.23
-69.98
-67.11
-65.04
-62.01
-59.54
-57.2
-54.89
-52.43
-49.76
-47.39
-44.65
-41.89
-39.59
-37.16
-34.92
-31.84
-29.66
-26.82
-24.37
-22.22
-19.59
-17.25
-13.92
-12.15
-9.05
-5.91
-1.77
1.05
4.56
8.69
11.26
14.22
16.28
18.98
21.22
23.87
26.66
28.89
31.23
33.88
36.71
38.81
41.71
43.86
47.07
48.91
51.49
53.98
57.04
59.15
61.99
64.15
66.94
69.24
