137
54
82
152.5
139.64
152.79
156.29
147.3
161.4
146.26
142
142.1
143.04
155.81
149.29
160.17
141.72
160.35
147.68
143.61
151.65
139.35
146.26
148.43
134.62
144.74
133.77
146.26
145.03
129.51
155.15
143.89
140.01
154.21
135.1
150.99
135.19
139.26
153.54
149.29
149.29
139.16
137.84
153.73
148.53
158.37
140.3
148.91
143.04
141.15
145.31
157.8
143.8
148.72
147.2
151.27
146.64
151.27
150.33
159.31
165.08
169.82
167.45
147.11
145.31
159.41
507.74
909.53
910
-2.08
-0.43
0.09
1.82
-3.99
0.09
-0.35
0.35
-0.69
5.2
-1.3
-1.73
-142.05
-140.15
-130.35
-145.17
-170.57
-142.75
-158
-145.09
-144.05
-150.63
-141.19
-145.52
-145.78
-140.49
-159.99
-145.17
-140.58
-140.15
-138.85
-156.44
-158.43
-148.81
-146.91
-147.95
-147.86
-136.16
-140.32
-143.61
-144.83
-148.73
-135.03
-144.74
-135.9
-144.65
-143.96
-136.25
-140.67
-126.88
-142.14
-141.19
-137.11
-152.54
-137.55
-138.85
-148.47
-139.19
-153.49
-139.28
-140.75
-139.97
-137.81
-157.13
-147.08
-141.62
-144.31
-148.55
-156.61
-156.01
-161.21
65.16
63.18
60.32
58.31
55.09
52.52
50.3
48.05
45.53
42.68
40.5
37.71
35.27
32.64
30.38
27.98
25.49
22.94
20.2
17.77
15.34
12.87
10.27
6.52
3.53
-0.42
-3.42
-7.48
-10.36
-13.14
-15.56
-18.36
-20.43
-23.11
-25.81
-27.84
-31.07
-33.47
-35.65
-38.65
-40.6
-43.32
-45.71
-48.26
-51
-53.23
-55.76
-58.22
-61.27
-63.31
-65.72
-69.1
-71.28
-73.46
-75.78
-79.45
-80.78
-83.77
-86.08
-88.65
-90.95
-93.68
-96.64
-98.61
-99.51
-99.51
-99.52
-99.51
-99.49
-99.51
-99.16
-97.21
-94.54
-91.15
-89.48
-86.64
-84.49
-81.91
-79.49
-76.84
-73.72
-71.92
-68.99
-66.78
-63.53
-61.97
-59.21
-56.69
-53.79
-51.4
-49.15
-46.81
-44
-41.63
-38.55
-36.28
-34.17
-31.66
-28.94
-26.25
-23.78
-20.8
-19
-16
-13.86
-11.13
-8.12
-4.97
-0.81
2.22
5.81
9.04
12.11
14.46
16.95
19.93
21.95
24.7
27.07
29.84
32.42
34.77
37.12
39.43
42.41
44.57
47.28
49.99
52.08
54.55
57.21
60.65
62.08
65.23
67.31
69.87
72.17
