136
54
82
157.89
141.15
155.62
157.8
160.17
168.3
147.96
137.37
143.61
148.15
158.46
154.39
154.3
142.19
163
153.35
145.31
148.62
147.02
150.04
142.76
135.38
145.03
139.45
143.7
155.53
134.34
147.49
143.04
142.47
159.41
132.92
150.99
135.57
147.87
151.65
146.83
144.37
142.38
143.14
153.45
143.99
157.71
140.77
151.37
139.54
143.61
142.66
156.1
138.88
151.18
147.2
144.46
147.87
146.45
141.91
159.79
166.03
168.3
155.53
149.29
146.45
159.03
394.78
906.97
905.27
2.17
0.78
1.82
1.39
1.04
2.17
-0.26
-1.13
2.17
-0.43
14.82
1.65
-125.41
-135.21
-137.29
-153.75
-150.55
-139.45
-154.45
-134.95
-140.58
-145.43
-141.88
-141.62
-144.05
-77.4
-144.91
-139.02
-141.79
-136.25
-148.55
-146.3
-152.11
-152.97
-141.79
-145.35
-139.02
-141.01
-143.7
-140.58
-135.9
-129.4
-133.99
-143.87
-130.78
-143.44
-138.33
-137.72
-139.8
-129.74
-148.99
-136.42
-137.98
-150.89
-130.96
-155.23
-141.01
-146.21
-152.97
-129.66
-143.61
-138.93
-139.89
-153.41
-137.98
-135.81
-121.25
-145.78
-155.4
-153.32
59.61
57.07
54.28
52.21
49.36
46.85
44
42.01
39.31
36.57
34.31
31.36
29.42
26.44
24.39
21.51
19.35
16.57
14.45
11.8
8.5
5.63
1.8
-1.52
-5.05
-8.38
-11.85
-13.82
-16.89
-19.17
-21.62
-24.04
-26.6
-29.22
-32.01
-34.84
-37.1
-39.45
-42.17
-44.59
-46.99
-49.06
-52.03
-54.67
-57.08
-59.2
-61.86
-65.06
-67.16
-69.86
-71.95
-74.98
-76.82
-79.52
-82.44
-84.99
-87
-89.71
-92.16
-95.24
-97.12
-99.65
-102.25
-104.74
-105.64
-105.64
-105.64
-105.63
-105.63
-105.63
-105.08
-102.91
-99.54
-97.5
-94.93
-92.48
-89.53
-87.04
-84.52
-82.53
-79.61
-77.47
-74.41
-72.29
-69.78
-66.87
-64.61
-61.79
-59.29
-56.67
-54.51
-51.18
-49.6
-46.71
-44.56
-41.73
-39.51
-36.72
-34.61
-32.03
-29.14
-27.12
-24.16
-21.55
-19.38
-16.56
-14.25
-11.47
-8.84
-5.33
-1.68
1.73
5.44
8.53
11.61
13.75
16.51
19.12
22
23.81
26.58
29.41
31.52
34.37
36.44
39.4
41.53
44.11
46.69
49.51
52.16
54.19
56.57
59.79
61.81
64.17
