136
54
83
142.47
162.34
162.91
161.87
174.36
158.65
149.85
164.52
150.23
160.73
147.58
160.26
151.56
160.17
154.21
140.87
154.11
154.49
150.42
149.29
136.51
147.58
151.46
145.31
151.46
133.49
142.47
156.85
145.41
161.02
136.51
137.37
147.58
142.85
196.78
143.8
140.2
147.87
148.25
165.46
146.54
152.22
149
151.08
151.84
142
146.83
146.54
164.23
152.31
149.66
147.96
154.39
159.5
152.41
151.65
173.88
168.4
195.07
158.18
143.52
159.88
161.21
894.39
888.81
889.85
-0.26
-2.43
-0.35
1.99
0.09
-0.26
1.3
1.91
1.13
1.13
1.82
-0.43
-0.52
-138.5
-119.69
-143.44
-173.34
-150.55
-139.71
-148.21
-143.61
-145.35
-146.73
-140.23
-145.26
-145.17
-143.09
-146.99
-138.33
-148.73
-138.15
-156.09
-152.28
-152.02
-147.69
-143.87
-148.81
-142.23
-143.7
-148.64
-138.59
-146.21
-129.4
-148.73
-136.16
-133.47
-149.25
-141.27
-144.65
-136.16
-135.64
-149.94
-130.87
-146.3
-143.61
-145.52
-152.71
-145.61
-146.13
-146.65
-137.11
-158.95
-141.01
-147.43
-148.29
-140.93
-147.43
-142.57
-152.54
-153.84
62.73
60.49
57.59
55.56
52.34
49.82
47.77
45.32
42.81
39.91
37.8
34.87
32.53
30.3
27.85
25.13
22.63
20.24
17.31
15.21
12.41
10.12
6.33
2.78
-0.23
-4.4
-7.31
-10.71
-13.12
-15.82
-18.67
-20.78
-23.73
-25.73
-28.41
-30.52
-33.24
-36.46
-38.23
-41.32
-43.17
-46.53
-48.3
-51.12
-53.25
-56.54
-58.56
-60.91
-63.79
-66.24
-68.49
-71.07
-73.96
-76.32
-78.63
-81.4
-83.44
-86.11
-88.62
-91.3
-94.55
-96.19
-99.12
-100.65
-100.72
-100.71
-100.72
-100.71
-100.74
-100.71
-100.71
-99.62
-96.67
-94.34
-92.01
-89.01
-86.89
-84.5
-81.53
-79.63
-76.1
-74.25
-71.04
-69.2
-66.33
-64.18
-61.49
-59.33
-56.16
-53.74
-51.46
-49.26
-46.49
-43.7
-41.46
-38.97
-35.89
-33.97
-31.24
-29.03
-25.85
-23.85
-20.87
-18.83
-15.75
-13.95
-10.96
-8.22
-4.23
-1.23
2.68
5.74
9.71
12.05
14.38
17.31
19.74
22.74
24.72
27.91
29.91
32.75
34.77
37.3
39.67
42.34
44.81
47.52
49.79
52.37
54.85
57.64
60.13
62.32
65.23
67.66
