136
54
82
156.85
152.12
164.99
153.54
147.58
164.33
153.35
157.71
140.96
147.2
153.54
157.71
152.6
154.39
150.99
146.92
155.34
152.98
134.24
142.95
136.04
142.76
149.76
135.19
134.91
132.16
132.54
152.6
138.31
146.35
143.42
142.29
151.18
134.15
145.12
141.43
142.66
154.21
143.33
152.98
151.56
148.62
154.58
143.61
155.44
134.72
146.83
141.15
157.23
137.37
148.06
152.88
149.29
148.91
152.5
142.38
171.99
164.42
179.75
157.42
145.79
154.3
161.87
673.3
915.49
911.7
-1.56
1.91
-0.17
1.21
0.61
1.91
1.56
1.39
0.52
1.3
0.61
1.13
-128.88
-140.84
-125.58
-145.69
-167.79
-138.5
-153.32
-147.69
-141.88
-144.31
-143.53
-143.53
-143.01
-141.62
-146.21
-141.88
-134.86
-141.71
-137.46
-155.4
-151.15
-153.15
-145.61
-149.42
-143.96
-135.29
-136.59
-142.14
-145.17
-144.48
-130.7
-143.09
-132.17
-139.63
-148.21
-136.33
-136.59
-125.67
-138.5
-138.93
-131.82
-147.6
-136.42
-144.13
-150.55
-134.69
-143.53
-141.62
-140.15
-157.48
-138.5
-153.41
-145.09
-139.54
-145.09
-147.51
-152.28
-155.05
63.78
61.28
58.29
56.12
53.46
51.06
48.42
46.01
43.18
40.92
38.67
36.07
33.2
30.78
28.62
25.92
23.29
20.73
18.53
15.95
13.17
10.89
7.27
4.21
0.86
-3.46
-6.13
-10.19
-12.37
-15.29
-17.61
-20.01
-22.87
-25
-27.7
-30.06
-32.83
-35.62
-37.42
-40.68
-42.37
-45.49
-47.48
-50.4
-53
-55.33
-57.52
-60.19
-63.35
-65.41
-68.19
-70.35
-73.13
-75.34
-77.93
-80.96
-82.72
-85.95
-88.21
-90.76
-92.99
-95.6
-98.9
-100.19
-100.71
-100.7
-100.71
-100.72
-100.71
-100.72
-100.65
-98.17
-95.73
-93.15
-90.99
-88.04
-85.74
-83.37
-80.59
-78.38
-75.1
-73.33
-70.59
-67.83
-65.68
-63.24
-60.66
-57.32
-55.69
-52.68
-50.57
-47.56
-45.77
-42.95
-40.57
-37.57
-35.4
-32.75
-30.35
-27.57
-25.06
-22.99
-20.16
-17.92
-15.27
-12.41
-9.93
-6.54
-3.33
0.35
4.44
6.98
10.51
13.29
15.85
17.86
20.61
23.36
25.54
28.44
30.57
33.08
35.64
38.22
40.88
43.39
45.54
48.03
50.81
53.18
55.96
59.04
60.74
63.65
65.84
68.62
