136
54
83
142.38
160.73
162.53
158.18
168.87
159.69
143.42
157.52
147.68
153.16
148.25
160.26
156.76
158.75
157.89
141.91
156.1
154.11
149.76
152.5
133.87
144.74
155.44
140.11
151.75
132.16
144.93
152.69
147.39
163
141.34
140.01
152.12
144.37
158.65
154.21
135.76
159.03
154.02
158.94
145.12
144.37
152.31
147.58
154.11
136.61
147.3
147.87
162.25
145.69
153.35
144.08
153.92
150.99
155.25
146.64
177.29
165.46
198.29
154.39
141.15
158.18
159.98
864.12
874.15
873.77
-0.26
0.87
-0.87
-0.35
-0.87
1.99
1.99
-0.35
-1.39
-2.25
1.47
0.87
1.13
-141.79
-124.11
-143.27
-159.91
-160.86
-149.25
-161.12
-142.49
-145.35
-143.79
-142.31
-143.87
-143.01
-142.83
-148.73
-142.75
-144.48
-138.76
-154.36
-151.15
-155.49
-159.39
-145.78
-149.94
-146.56
-137.2
-148.99
-141.1
-140.93
-135.73
-147.69
-148.99
-139.37
-149.94
-139.89
-145.43
-143.96
-136.94
-151.15
-136.33
-144.05
-150.2
-145.35
-163.72
-148.29
-153.41
-155.66
-140.84
-167.01
-146.73
-148.12
-158.35
-134.77
-146.3
-142.05
-154.97
-151.07
62.25
60.45
58.08
55.55
52.69
50.4
47.55
45
42.79
40.51
37.89
34.91
33.01
30.48
27.47
25.42
22.79
20.21
17.47
15.31
12.41
9.57
6.62
3.48
-0.07
-4.34
-7.22
-11.03
-13.12
-15.72
-18.09
-21.04
-23.2
-25.51
-28.75
-31.04
-33.3
-35.82
-38.48
-40.75
-43.27
-45.98
-48.14
-50.95
-53.42
-55.94
-59.08
-61.01
-63.85
-65.97
-68.8
-71
-73.85
-75.9
-78.99
-80.97
-83.67
-86.21
-88.85
-91.57
-93.67
-96.41
-98.75
-100.47
-100.54
-100.56
-100.55
-100.53
-100.55
-100.54
-100.53
-99.53
-97.36
-94.45
-92.11
-89.23
-86.89
-84.29
-81.93
-79.4
-76.19
-74.19
-71.79
-69.46
-65.94
-64.3
-61.44
-59.42
-56.65
-54.26
-51.56
-48.23
-46.5
-43.46
-41.54
-38.43
-36.45
-34
-31.43
-28.89
-26.42
-23.84
-21.2
-18.93
-16.01
-13.84
-11.19
-8.52
-4.7
-0.75
2.26
6.23
8.94
12.24
14.41
17.13
19.98
22.11
25
27.02
29.77
32.11
34.78
37.16
39.82
42.1
44.45
47.8
49.49
52.36
54.75
57.59
59.62
62.35
64.96
67.43
