137
55
84
159.12
137.08
154.11
156.57
161.4
168.49
152.03
135.66
150.52
144.37
155.06
144.56
155.91
145.41
164.42
150.89
141.91
148.62
148.15
147.02
147.87
126.58
141.15
142.47
144.46
157.14
129.99
141.72
147.11
139.07
154.68
134.62
143.7
139.16
143.8
155.34
142.76
135.47
145.22
146.45
158.84
143.99
155.15
142.47
149.38
141.81
143.61
141.34
150.7
142.38
149.95
155.06
139.64
148.06
156.48
152.5
163.85
175.78
166.69
191.38
146.64
141.91
151.75
159.5
905.74
894.86
895.81
-0.09
0
-0.52
-2.95
-2.08
-1.3
-1.21
-1.04
-0.95
0.87
-0.17
3.03
-0.09
-136.42
-134.34
-135.03
-156.01
-152.37
-145.09
-157.31
-140.58
-140.41
-147.34
-139.02
-142.14
-150.37
-140.93
-149.07
-140.67
-147.08
-140.49
-153.41
-147.6
-153.41
-149.25
-143.18
-151.15
-143.87
-139.97
-147.51
-142.66
-139.02
-120.47
-140.41
-143.79
-133.99
-144.91
-140.58
-139.97
-138.76
-129.83
-142.4
-133.56
-139.71
-153.67
-137.03
-157.13
-143.96
-148.47
-150.63
-135.64
-156.35
-141.88
-143.53
-158.17
-141.79
-142.92
-140.06
-153.84
-154.53
65.91
63.63
61.02
58.57
56.05
53.01
51.16
48.48
45.99
43.42
40.48
38.33
35.62
33.44
30.86
28.02
25.88
22.91
20.83
17.95
15.9
13.25
10.59
7.48
3.74
0.6
-2.76
-6.52
-9.76
-12.76
-15.04
-17.54
-20.28
-22.56
-25.37
-27.68
-30.18
-33.04
-35.27
-37.66
-40.14
-42.73
-45.63
-47.73
-50.82
-52.9
-55.85
-57.83
-60.46
-63.35
-65.47
-68.36
-70.31
-73.24
-75.54
-78.15
-81.07
-83.08
-85.98
-88.04
-90.62
-93.64
-95.65
-98.05
-99.49
-99.49
-99.51
-99.49
-99.5
-99.49
-99.48
-99.49
-99.16
-96.06
-93.57
-91.02
-88.47
-86.02
-83.22
-80.89
-78.41
-75.96
-73.45
-70.53
-68.44
-65.63
-63.4
-60.77
-57.92
-55.76
-53.32
-50.72
-48.39
-45.74
-43.23
-40.42
-38.15
-35.43
-33.27
-30.63
-27.58
-25.56
-22.63
-20.52
-17.97
-15.03
-12.9
-10.54
-7.26
-3.01
-0.19
3.5
7.25
10.39
12.92
15.17
17.74
20.84
22.84
25.98
27.94
30.33
32.83
35.84
37.94
40.42
43.25
45.53
48.49
50.68
53.36
55.46
58.11
61.34
63.18
65.89
68.24
