136
54
83
144.84
161.96
163.29
163.85
157.04
162.81
150.23
161.3
148.15
159.03
145.5
159.6
146.64
157.42
154.87
140.3
153.64
153.26
147.49
149.29
136.8
146.35
153.64
146.26
145.41
135.76
145.6
151.65
144.37
155.81
136.7
137.27
150.33
148.62
162.81
143.61
137.84
157.42
147.49
155.15
146.64
144.18
151.75
150.04
146.16
138.88
143.99
144.93
159.5
147.77
156.48
146.83
149.57
153.64
159.41
147.11
175.11
168.96
194.51
159.12
147.11
163.57
164.42
863.46
900.63
899.88
1.65
1.13
3.38
2.25
4.77
4.25
2.08
3.55
3.81
4.42
3.38
4.07
1.56
-139.37
-124.11
-143.01
-161.12
-137.03
-139.45
-146.21
-141.36
-147.08
-147.43
-141.62
-141.53
-141.19
-137.29
-142.49
-135.29
-137.98
-133.65
-151.76
-144.05
-153.23
-150.2
-147.17
-146.04
-134.17
-138.5
-142.31
-135.81
-145.35
-131.13
-145.95
-130.87
-133.13
-150.46
-137.72
-141.27
-134.95
-134.69
-150.2
-130.26
-138.07
-138.85
-141.27
-156.09
-144.13
-145.78
-139.8
-139.54
-156.35
-136.59
-152.97
-148.03
-140.93
-147.77
-139.63
-153.32
-149.59
60.55
58.02
55.66
52.66
50.67
47.83
45.53
42.84
40.31
37.49
35.5
32.79
29.84
28.18
25.34
22.9
20.39
18.02
14.96
12.5
10.26
7.22
3.64
-0.32
-3.42
-7.3
-10.94
-13.39
-15.49
-17.78
-20.91
-23.03
-25.66
-28.46
-30.77
-33.13
-35.6
-38.48
-40.65
-43.13
-45.97
-48.44
-50.67
-53.31
-56.36
-58.57
-60.74
-63.37
-66.59
-68.39
-71.34
-73.39
-76.7
-78.46
-81.32
-83.48
-86.65
-88.53
-91.23
-93.48
-96.57
-98.57
-100.92
-102.98
-103.15
-103.16
-103.15
-103.15
-103.16
-103.15
-103.14
-101.33
-98.57
-96.64
-94.03
-90.87
-88.96
-86.55
-83.9
-80.77
-78.95
-75.91
-73.95
-70.73
-68.7
-65.77
-63.77
-60.84
-58.74
-55.94
-53.79
-50.4
-48.68
-46.03
-43.64
-40.63
-38.54
-35.77
-33.53
-30.69
-28.73
-25.54
-23.42
-20.21
-18.52
-15.92
-12.99
-10.43
-7.95
-4.33
-0.31
2.83
6.69
9.63
12.3
15
17.41
20.23
22.62
25.07
27.88
29.98
32.52
34.97
37.3
41
42.91
44.94
47.59
50.4
52.64
55.35
57.69
60.36
62.77
65.49
