136
54
82
144.08
153.45
155.06
151.37
148.43
153.54
150.04
156.1
136.14
149.66
152.88
161.96
154.39
153.54
150.33
144.84
144.65
153.07
142.57
143.23
132.92
144.08
149.57
135.85
135.85
143.33
136.99
153.26
138.97
158.46
147.96
135.76
157.89
133.3
154.49
140.58
141.81
154.49
143.42
152.98
140.68
150.8
152.69
146.26
155.44
133.01
146.73
145.12
155.91
134.15
146.64
143.8
148.91
146.92
149.76
144.37
166.5
165.27
176.72
158.65
139.16
158.18
157.23
738.86
896.85
897.04
1.04
1.39
0.35
1.47
1.65
2.51
2.08
2.08
1.47
0.52
1.73
1.04
-129.57
-137.03
-119.26
-143.87
-156.44
-139.89
-152.89
-142.4
-137.98
-148.21
-138.93
-141.27
-140.15
-138.59
-154.97
-142.14
-132.34
-137.29
-136.25
-155.14
-149.25
-148.38
-141.36
-152.89
-145
-133.39
-140.23
-137.98
-145.35
-133.56
-132.17
-144.39
-132
-142.23
-149.85
-137.81
-138.24
-129.74
-138.85
-146.47
-134.43
-139.97
-135.9
-139.63
-148.47
-141.79
-144.39
-136.25
-139.02
-153.67
-132.43
-151.24
-142.05
-134.25
-132.69
-138.76
-150.03
-148.03
58.23
56.14
53.52
51.21
48.26
45.38
43.13
40.95
38.34
35.48
33.4
30.61
28.22
25.53
23.37
20.89
17.68
15.78
13.2
10.78
7.17
4.08
0.18
-3.55
-6.46
-9.59
-12.47
-15.41
-17.94
-20.59
-22.48
-25.61
-27.65
-30.26
-33.1
-35.2
-37.91
-40.31
-42.59
-45.88
-47.71
-50.17
-53.05
-55.61
-57.93
-60.53
-63.85
-65.45
-68.47
-70.56
-73.38
-75.61
-78.12
-81.1
-83.2
-86.15
-88.04
-91.03
-93.11
-96.11
-98.57
-101.1
-103.29
-105.39
-105.76
-105.76
-105.79
-105.76
-105.77
-105.76
-105.73
-103.41
-100.66
-98.5
-95.86
-92.92
-91.08
-87.92
-85.63
-82.9
-80.68
-78.29
-74.85
-73.08
-70.26
-68.33
-65.11
-63.19
-60.69
-58.29
-55.62
-53.15
-50.41
-47.8
-45.53
-42.96
-40.63
-37.68
-35.53
-32.73
-29.88
-27.89
-25.47
-22.86
-20.07
-17.79
-15.17
-12.24
-10.19
-6.09
-3.48
0.41
3.63
7.67
10.68
13.07
15.5
17.76
21.36
22.87
25.66
28.08
30.61
32.97
35.75
38.29
40.65
42.92
45.58
48.32
50.83
53.43
56.47
58.26
61.1
63.28
