136
54
82
147.39
144.18
147.96
149.29
143.04
151.18
145.03
150.42
131.5
142.19
135.47
150.52
150.33
144.27
144.18
137.84
148.72
145.5
135.38
141.91
123.74
137.08
141.15
131.22
132.73
136.8
132.16
151.46
134.24
151.93
140.96
133.2
151.18
129.8
136.04
137.93
139.35
145.6
133.68
135
138.12
140.87
153.83
137.93
147.68
124.69
136.42
137.93
151.93
133.3
137.27
141.62
144.84
143.99
143.14
137.18
164.71
160.26
176.53
149.57
135.28
150.42
154.68
724.48
910.76
912.27
1.73
1.56
-0.09
1.73
1.91
2.08
8.06
1.47
0.43
2.17
3.29
1.47
-102.53
-138.76
-120.12
-142.14
-170.57
-137.03
-151.93
-143.18
-137.29
-146.39
-138.59
-136.07
-139.37
-138.59
-143.01
-139.63
-130.52
-135.99
-134.17
-150.63
-148.38
-148.29
-137.46
-150.29
-143.35
-133.21
-137.03
-137.37
-139.11
-138.67
-134.08
-143.18
-132.78
-140.58
-147.51
-135.38
-133.3
-125.06
-137.81
-143.79
-128.53
-144.13
-134.08
-139.8
-144.91
-138.15
-146.56
-133.73
-138.59
-146.73
-130.18
-153.15
-142.75
-132.95
-134.17
-139.28
-147.43
-148.55
63.92
61.48
58.92
56.34
53.7
51.19
48.64
46.37
43.54
41.18
38.24
36.32
33.74
31.21
28.57
26.08
23.56
20.84
18.56
15.91
12.83
10.93
7.39
4.6
0.66
-2.52
-6.3
-9.68
-12.29
-15.24
-17.11
-20.4
-22.33
-24.97
-27.36
-29.97
-32.25
-34.89
-37.46
-40.01
-42.55
-45.09
-47.32
-50.51
-52.51
-55.42
-57.65
-60.2
-63.22
-65.37
-67.68
-70.2
-72.96
-75.34
-77.89
-80.64
-82.87
-85.68
-87.9
-90.26
-93.43
-95.38
-98
-99.96
-100.36
-100.32
-100.34
-100.34
-100.33
-100.34
-100.31
-98.82
-95.33
-93.06
-90.14
-87.98
-85.46
-82.39
-80.52
-77.93
-75.43
-72.86
-70.31
-68.07
-65.06
-62.94
-59.92
-57.85
-55.25
-52.58
-50.2
-47.4
-45.37
-42.42
-40.33
-37.84
-34.81
-32.7
-29.71
-27.59
-25.04
-22.4
-20.03
-17.17
-14.89
-12.16
-10.08
-6.61
-2.36
0.53
4.41
7.55
10.83
13.37
15.86
18.88
20.9
23.35
25.84
28.48
31.03
33.45
36.21
38.45
41.26
43.47
45.94
48.74
51.08
53.99
56.2
58.7
61.88
63.69
66.08
68.7
