136
54
83
146.92
155.25
154.11
154.58
149.76
163.67
153.64
165.46
139.54
149.19
155.15
159.98
157.61
154.11
152.5
152.88
153.73
158.18
149.19
152.12
145.31
148.06
153.07
138.97
140.49
137.37
137.27
155.44
142.66
151.84
147.87
146.35
156.57
138.22
148.15
148.43
151.37
159.03
139.64
141.62
140.49
149.57
159.98
146.45
169.44
136.51
148.15
142.38
158.27
138.6
154.58
149.38
149.38
149.48
151.37
142.19
171.04
162.72
202.74
155.15
149
153.73
156.48
838.29
879.44
877.65
0.78
-0.43
2.17
0
1.82
-1.65
0.09
0.26
0.61
-0.52
0.43
0.95
0.69
-141.88
-122.55
-143.01
-162.51
-148.55
-144.57
-150.98
-146.99
-141.79
-147.17
-141.1
-141.53
-146.04
-139.54
-145.43
-139.28
-144.65
-137.29
-156.53
-147.77
-152.54
-155.4
-145.09
-148.9
-144.22
-140.49
-141.88
-139.37
-147.25
-132.69
-148.99
-145.09
-136.07
-149.51
-139.37
-139.19
-139.11
-143.09
-154.79
-131.3
-139.54
-148.55
-143.87
-161.12
-144.91
-145.95
-149.77
-141.79
-161.9
-142.83
-148.12
-148.99
-146.47
-146.39
-140.15
-155.05
-153.32
63.3
61.39
58.7
56.3
53.58
51.03
48.81
45.82
43.55
40.95
38.74
36.03
33.22
30.98
28.06
26.02
23.04
21.05
17.99
15.3
13.49
11
7.81
3.58
1
-3.11
-6.47
-10.04
-12.22
-14.87
-17.83
-19.99
-22.74
-25.3
-27.67
-29.96
-32.48
-35.97
-37.33
-40.17
-43.08
-45.15
-47.63
-50.23
-53.67
-55.19
-57.95
-60.14
-62.81
-65.28
-67.97
-70.38
-72.98
-75.91
-77.92
-80.79
-82.68
-85.52
-87.91
-90.75
-92.79
-95.87
-97.98
-100.39
-100.6
-100.59
-100.61
-100.61
-100.6
-100.61
-100.58
-100.04
-96.75
-94.31
-91.33
-89.42
-86.69
-84.18
-81.37
-79.48
-76.28
-74.19
-71.3
-69.07
-66.5
-63.28
-61.11
-59.23
-56.52
-53.6
-51.31
-48.97
-46.6
-43.36
-41.36
-38.36
-36.44
-33.42
-30.99
-28.48
-26.26
-23.32
-21.17
-18.77
-15.91
-13.17
-11.04
-8.16
-4.21
-0.98
2.38
6.4
9.91
12.05
14.6
17.1
20.5
22.21
25.11
27.19
29.84
32.35
34.85
38.01
39.86
42.62
44.81
47.66
49.83
52.39
54.98
57.74
59.82
62.43
65.78
67.42
