136
54
82
158.18
143.42
156.57
154.3
165.94
175.49
152.41
139.07
144.56
147.68
153.07
152.6
158.37
143.42
162.91
148.06
151.08
154.96
144.65
149.76
149.48
140.96
145.03
142.29
150.23
143.61
131.41
147.87
141.06
140.3
155.06
136.14
151.37
133.2
141.81
149.95
144.18
136.14
140.68
144.56
152.6
143.52
158.27
143.14
152.5
142.95
146.35
143.42
156.1
140.11
150.23
150.04
140.96
143.23
151.56
138.78
165.84
172.09
171.99
186.75
153.83
146.35
160.64
455.99
883.98
878.69
1.3
0.17
1.04
0.43
3.47
0
1.73
0.87
-0.35
3.12
3.29
-1.04
-138.93
-135.12
-121.42
-144.48
-171.09
-138.67
-150.03
-144.31
-141.97
-147.77
-142.57
-143.79
-142.75
-138.41
-156.79
-145.87
-136.42
-139.02
-138.93
-155.05
-151.24
-151.85
-141.53
-149.07
-150.29
-136.07
-141.01
-142.31
-144.39
-150.37
-132.6
-143.96
-134.77
-135.55
-152.97
-138.41
-140.15
-124.72
-142.83
-148.38
-138.15
-144.39
-138.59
-141.45
-152.11
-142.4
-150.11
-142.57
-143.79
-145
-137.46
-158.26
-145.95
-138.93
-146.04
-141.79
-158.35
-154.71
64.82
62.13
58.74
57.08
54.4
52.22
48.96
47.08
44.38
40.99
39.08
36.49
34.33
31.64
29.46
26.83
24.01
21.41
19.27
16.75
14.33
11.4
8.89
5.33
2.25
-2
-5.09
-8.44
-11.89
-14.24
-16.45
-19.37
-21.63
-24.14
-26.66
-29.2
-31.4
-34.08
-36.99
-39.56
-41.73
-44.04
-46.75
-49.67
-51.8
-54.54
-57.34
-59.79
-61.79
-64.58
-66.71
-70
-71.8
-74.52
-77.16
-79.65
-82.18
-84.4
-87.47
-89.57
-92.22
-94.78
-97.65
-99.8
-100.68
-100.68
-100.69
-100.69
-100.7
-100.69
-100.56
-98.79
-96.11
-92.65
-90.4
-88.45
-85.78
-82.96
-80.67
-77.98
-75.81
-73.34
-70.87
-68.2
-65.73
-63.01
-60.92
-58.26
-55.58
-52.67
-50.45
-48.21
-45.12
-43.08
-40.5
-37.68
-35.18
-32.71
-30.63
-27.55
-25.24
-22.9
-20.32
-17.95
-15.04
-12.77
-10.15
-6.74
-3.3
0.18
3.83
6.77
10.36
13.19
15.82
18.22
20.53
22.8
26.14
28.03
31.14
33.64
35.67
38.01
40.71
43.44
45.65
48.71
50.59
53.4
55.79
58.64
61.02
63.27
66.43
68.25
