136
54
82
157.04
153.35
145.12
158.46
150.7
155.34
154.58
166.5
140.01
150.14
142.76
156.19
152.03
146.73
151.75
148.62
153.83
154.87
142.1
147.39
139.26
145.79
153.16
135.28
140.58
140.77
135.57
159.98
142.85
146.26
149.38
146.16
156.95
143.42
140.58
144.27
149
162.06
143.8
142.95
150.52
149.48
156.38
144.27
157.23
130.84
148.15
143.42
155.81
140.58
145.69
149.19
155.44
149.38
156.19
140.68
172.84
162.91
188.64
150.42
142.76
150.7
161.77
803.1
921.16
917.57
1.73
10.75
1.39
-1.91
-0.09
0.61
0.26
1.56
2.25
0.61
0.78
-1.13
-143.35
-134.95
-120.3
-158.17
-174.12
-141.62
-150.98
-146.56
-139.63
-149.51
-143.09
-139.97
-145.69
-138.41
-147.43
-145.52
-135.9
-137.11
-138.5
-157.31
-153.15
-155.14
-146.99
-153.67
-147.17
-136.51
-141.62
-141.97
-146.47
-147.95
-134.34
-144.91
-137.03
-139.71
-152.28
-137.46
-136.94
-128.62
-139.8
-145.35
-132.6
-140.67
-138.5
-146.21
-152.54
-141.71
-150.03
-144.74
-141.53
-151.93
-137.03
-154.62
-147.51
-139.71
-149.16
-145
-148.99
-157.83
63.69
61.23
58.86
55.52
53.68
50.74
48.34
45.63
43.63
41
37.84
36.01
33.19
30.99
27.94
25.9
23.09
20.92
18.09
15.88
13.48
10.91
7.39
3.34
1.05
-2.99
-6.36
-10.06
-12.88
-14.9
-17.51
-20.01
-22.68
-25.76
-27.5
-30.5
-32.41
-35.44
-37.49
-40.34
-42.41
-45.29
-47.59
-50.34
-52.71
-55.72
-57.69
-60.26
-63.01
-65.58
-68.19
-70.37
-72.74
-75.91
-77.85
-80.59
-83.21
-85.46
-88.37
-90.58
-93.22
-95.56
-98.42
-100.39
-100.65
-100.64
-100.65
-100.64
-100.65
-100.63
-100.61
-99.17
-95.65
-93.66
-90.41
-88.57
-85.76
-83.23
-80.7
-78.65
-75.93
-72.67
-70.84
-68.53
-65.91
-63.14
-60.87
-58.04
-55.72
-53.35
-50.31
-48.37
-45.73
-43.26
-40.37
-37.91
-35.2
-33.07
-30.62
-27.6
-25.67
-22.83
-20.28
-17.75
-15.54
-13
-10.01
-7.37
-3.17
0.34
3.62
6.85
10.33
13.12
15.24
17.95
20.51
23.15
25.28
27.87
30.87
32.97
35.8
37.9
40.83
42.98
45.39
48.39
50.34
53.32
55.66
58.82
60.52
63.48
65.48
68.67
