136
54
83
134.81
152.22
149.66
148.62
167.92
148.72
136.61
154.58
136.42
149
138.5
149.38
138.5
151.84
153.26
133.3
140.68
145.97
149
148.43
132.35
136.89
144.46
137.84
149.19
130.84
140.58
148.62
136.51
162.25
130.84
136.51
142.66
141.53
146.64
137.46
124.31
150.7
144.93
150.04
139.92
140.2
141.24
142.47
139.83
133.11
142.85
146.64
157.99
140.77
144.27
135.66
139.54
149.48
146.45
139.54
169.63
162.72
188.83
150.99
140.87
153.83
155.34
907.92
908.39
907.26
1.91
0.95
0.95
1.82
0.43
-2.69
0.95
1.56
2.6
2.34
-0.17
1.39
-0.09
-133.13
-125.5
-141.97
-158.95
-149.68
-139.45
-146.65
-140.23
-135.03
-141.01
-138.67
-143.27
-141.45
-137.2
-144.39
-137.29
-139.89
-132.52
-152.37
-145.09
-144.74
-145.61
-139.11
-146.39
-137.2
-136.94
-143.09
-132.78
-142.14
-128.44
-145.52
-139.97
-136.85
-140.67
-132.08
-136.25
-132.08
-132.95
-150.55
-131.39
-133.82
-135.03
-139.89
-152.45
-139.71
-141.45
-139.71
-135.73
-155.31
-133.13
-145.87
-141.27
-139.45
-146.04
-139.71
-145.61
-148.99
63.08
60.7
57.49
55.58
52.78
50.43
47.86
45.66
43.05
40.43
37.93
35.24
32.42
30.55
27.58
25.46
22.45
20.34
17.89
14.94
12.88
10.05
7.12
3.48
-0.22
-3.57
-7.41
-10.46
-13.08
-16.13
-18.14
-20.95
-23.13
-25.77
-28.75
-30.39
-33.49
-35.66
-38.24
-40.7
-43.52
-45.65
-48.3
-50.74
-53.21
-56.01
-58.33
-61.09
-63.38
-65.9
-68.85
-70.99
-73.98
-75.92
-78.52
-80.89
-83.33
-85.96
-88.46
-91.13
-93.59
-96.27
-98.71
-100.23
-100.25
-100.27
-100.25
-100.26
-100.27
-100.25
-100.27
-99.72
-96.48
-93.63
-91.24
-88.52
-86.21
-83.46
-81.21
-78.39
-76.39
-73.15
-71.21
-68.63
-66.06
-63.39
-61.1
-58.54
-55.48
-53.45
-51.09
-48.68
-46.05
-42.89
-40.99
-38.11
-35.84
-33.16
-30.76
-28.1
-25.77
-23.48
-20.02
-18.4
-15.82
-13.29
-10.51
-7.48
-3.58
-0.25
2.98
7.28
9.85
13
15.1
17.55
20.17
22.85
25.22
27.52
30.71
32.82
35.54
37.63
40.58
42.66
45.29
47.95
50.42
52.96
55.47
57.72
60.93
62.91
65.48
67.92
