155
68
88
200.85
220.33
198.95
181.45
192.52
187.98
184.86
190.63
188.64
164.61
187.51
170.19
158.08
173.98
168.96
167.07
160.92
172.65
165.94
149.48
151.08
153.26
160.92
158.84
149.38
175.4
163.1
137.08
152.69
160.64
156.76
165.46
181.74
163
172.18
173.03
161.77
182.4
175.3
157.71
169.53
180.41
169.06
146.16
166.98
170.38
139.35
147.77
159.31
138.78
156.19
160.45
138.31
152.12
171.23
169.91
150.99
178.8
180.69
150.33
163.1
187.22
150.8
164.71
187.51
152.98
164.42
181.17
162.91
135.19
153.26
888.05
884.46
879.73
8.06
10.14
9.45
9.45
12.22
5.2
8.06
9.62
10.4
8.41
-112.84
-144.83
-149.94
-172.82
-152.02
-146.13
-162.33
-155.14
-139.28
-161.21
-164.76
-139.19
-162.42
-160.95
-142.66
-154.36
-156.44
-134.43
-124.8
-139.97
-147.86
-126.1
-152.63
-144.05
-135.38
-152.89
-154.88
-146.3
-154.79
-176.29
-151.76
-151.59
-170.65
-159.99
-154.01
-173.08
-165.54
-163.72
-173.08
-161.29
-150.98
-157.48
-164.85
-150.37
-163.11
-177.93
-155.66
-152.71
-153.23
-160.95
-156.61
-157.31
-171.61
-166.41
-165.19
-170.48
-176.2
-162.59
-152.71
-180.19
-178.54
-160.86
-183.83
-200.9
-154.19
-174.12
-196.91
-194.23
-160.95
-191.54
-197.35
65.36
63.35
61.4
59.49
57.63
55.89
53.87
51.99
50.23
48.17
46.26
44.35
42.49
40.77
38.76
36.8
34.95
33.09
31.18
29.35
27.53
25.76
23.75
21.84
20.06
18.07
16.18
14.29
12.39
10.63
8.07
5.48
3.1
0.25
-2.42
-4.95
-7.48
-10.04
-12.05
-14.02
-15.91
-17.77
-19.65
-21.57
-23.41
-25.37
-27.26
-29.12
-30.97
-32.86
-34.73
-36.58
-38.53
-40.32
-42.25
-44.2
-45.99
-47.93
-49.87
-51.76
-53.6
-55.45
-57.44
-59.35
-61.12
-63.1
-64.96
-66.85
-68.77
-70.72
-72.53
-73.04
-73.06
-73.05
-73.06
-73.07
-73.04
-72.96
-73.06
-73.04
-72.93
-73.05
-72.94
-72.01
-70.05
-68.06
-66.13
-64.27
-62.27
-60.43
-58.57
-56.67
-54.71
-52.87
-50.97
-49.09
-47.2
-45.35
-43.43
-41.53
-39.68
-37.66
-35.86
-33.97
-32.04
-30.26
-28.41
-26.52
-24.56
-22.57
-20.82
-18.9
-16.92
-15.16
-13.2
-11.29
-9.17
-6.49
-3.94
-1.36
1.31
3.89
6.47
9.12
11.23
13.25
15.04
16.93
18.92
20.68
22.59
24.47
26.38
28.4
30.08
31.94
33.95
35.71
37.63
39.46
41.36
43.43
45.15
47.02
48.93
50.87
52.74
54.63
56.52
58.57
60.23
62.19
64.09
65.94
67.85
