156
68
89
181.36
193.37
173.88
169.06
179.94
162.06
165.75
171.14
163.19
140.49
158.46
163.1
145.88
150.42
167.36
154.58
149.95
167.45
158.56
134.81
150.89
154.39
144.56
143.99
152.41
144.18
134.53
148.06
146.26
129.99
142.47
154.96
142
146.45
166.31
154.49
145.22
154.58
150.89
136.7
145.31
143.99
132.73
136.23
146.83
142.1
134.15
160.64
157.42
140.39
157.89
160.83
149.95
138.6
152.31
141.91
150.61
153.54
143.33
130.55
143.14
143.89
128.76
140.49
145.31
129.61
125.92
137.27
140.49
117.03
134.43
887.3
889
889.09
12.39
7.37
9.53
8.06
10.23
10.14
11.44
10.83
11.09
9.88
7.63
-143.18
-130
-137.55
-145.69
-142.92
-122.29
-145.87
-143.53
-125.58
-130.61
-134.17
-135.38
-132
-150.89
-146.13
-127.06
-149.42
-157.48
-139.89
-153.58
-152.19
-140.41
-147.69
-152.63
-137.03
-118.3
-137.72
-137.11
-120.21
-135.47
-140.32
-128.18
-135.99
-153.75
-151.41
-134.95
-148.9
-137.98
-126.1
-146.91
-143.35
-115.36
-135.38
-146.3
-134.17
-136.94
-148.73
-149.51
-123.59
-147.95
-148.38
-123.07
-142.49
-153.84
-123.24
-132.78
-145.61
-148.03
-133.04
-149.42
-159.56
-127.32
-152.89
-179.84
-155.75
-152.71
-181.83
-188.77
-159.99
-184.61
-172.99
65.33
63.31
61.37
59.64
57.64
55.75
54.02
51.94
50.06
48.17
46.27
44.51
42.44
40.59
38.85
36.8
35.07
33.06
31.19
29.45
27.52
25.6
23.81
21.83
20.05
18.04
16.16
14.41
12.35
10.47
8.23
5.47
2.85
0.21
-2.39
-4.82
-7.56
-10.13
-11.99
-14.01
-15.92
-17.77
-19.69
-21.47
-23.42
-25.38
-27.17
-29.11
-30.94
-32.86
-34.74
-36.55
-38.55
-40.44
-42.22
-44.22
-46.03
-47.97
-49.9
-51.73
-53.64
-55.53
-57.4
-59.31
-61.2
-63.12
-64.98
-66.83
-68.8
-70.69
-72.47
-72.79
-72.82
-72.81
-72.8
-72.72
-72.79
-72.8
-72.7
-72.8
-72.72
-72.81
-72.76
-71.86
-70.03
-68.16
-66.09
-64.24
-62.29
-60.43
-58.57
-56.66
-54.81
-52.88
-50.96
-49.1
-47.15
-45.37
-43.45
-41.48
-39.7
-37.77
-35.82
-34.01
-32.05
-30.31
-28.42
-26.43
-24.59
-22.67
-20.75
-18.94
-17.03
-15.14
-13.27
-11.19
-9.16
-6.52
-3.82
-1.36
1.3
3.87
6.51
9.25
11.17
13.13
15.15
16.91
18.89
20.69
22.56
24.56
26.35
28.25
30.18
31.91
33.97
35.69
37.57
39.61
41.38
43.28
45.24
47.05
49.07
50.83
52.73
54.77
56.51
58.43
60.43
62.15
64.06
65.94
67.83
69.88
