156
68
89
174.45
183.44
170.29
171.33
179.28
155.15
164.14
172.84
156.1
147.3
159.22
161.3
142.47
152.5
152.22
145.22
147.39
154.58
159.98
136.51
148.06
161.02
152.79
158.84
163.67
160.45
165.56
165.56
167.64
163.85
169.63
177.1
163.76
180.69
194.7
167.17
180.51
180.03
166.98
164.99
157.42
157.33
154.68
159.41
156.1
132.16
142.57
150.99
148.72
134.72
157.61
139.16
141.53
154.39
146.45
133.58
155.91
152.98
139.83
155.62
152.69
154.96
146.92
174.26
156.85
148.91
165.18
152.5
153.54
159.03
157.14
920.12
922.11
918.23
12.83
13.09
10.14
14.47
11.44
8.32
7.89
13.26
11.09
14.65
8.06
-168.05
-153.84
-144.22
-162.07
-146.39
-136.07
-166.41
-153.93
-135.73
-153.75
-148.64
-138.15
-137.98
-147.34
-140.32
-118.91
-153.06
-139.97
-114.23
-141.45
-143.7
-127.32
-134.6
-142.49
-123.94
-126.19
-155.49
-144.74
-126.19
-149.25
-165.45
-137.11
-153.49
-170.74
-161.03
-150.63
-176.81
-163.37
-141.19
-165.89
-164.07
-134.34
-153.67
-160.51
-145.61
-140.75
-157.83
-141.45
-133.91
-148.55
-141.27
-122.72
-150.55
-145.52
-125.5
-130.09
-141.19
-142.4
-110.85
-141.19
-148.03
-112.84
-148.64
-149.68
-129.4
-130.7
-144.83
-133.13
-118.39
-143.01
-126.62
65.11
63.36
61.3
59.36
57.7
55.57
53.75
51.83
49.92
48.2
46.18
44.27
42.52
40.47
38.72
36.72
34.82
33.09
31.05
29.25
27.5
25.48
23.72
21.73
19.83
18.05
16.05
14.16
12.4
10.38
7.93
5.35
2.71
0.26
-2.54
-5.05
-7.51
-10.26
-12.07
-14.11
-16.01
-17.83
-19.79
-21.69
-23.45
-25.48
-27.27
-29.24
-31.13
-32.89
-34.84
-36.73
-38.53
-40.55
-42.34
-44.31
-46.16
-48.03
-50
-51.86
-53.67
-55.66
-57.48
-59.43
-61.32
-63.16
-65.08
-67
-68.85
-70.8
-72.57
-72.91
-72.91
-72.79
-72.91
-72.88
-72.77
-72.91
-72.8
-72.91
-72.93
-72.8
-72.87
-71.99
-70.05
-68.23
-66.19
-64.34
-62.47
-60.48
-58.67
-56.77
-54.82
-52.98
-51.09
-49.22
-47.3
-45.41
-43.58
-41.66
-39.7
-37.86
-35.99
-34.11
-32.24
-30.3
-28.48
-26.62
-24.63
-22.78
-20.86
-19.03
-17.1
-15.17
-13.37
-11.39
-9.19
-6.64
-4.02
-1.53
1.17
3.84
6.34
8.93
11.21
13.01
14.91
16.77
18.68
20.7
22.46
24.33
26.39
28.15
30.09
31.8
33.74
35.72
37.48
39.36
41.36
43.14
45.17
46.91
48.82
50.85
52.67
54.49
56.53
58.3
60.3
62.03
63.96
65.98
67.73
69.61
