155
68
89
164.04
148.34
142.57
143.23
137.46
132.92
139.83
148.06
154.49
164.04
140.39
137.74
136.89
134.15
145.12
141.15
132.82
130.46
119.2
125.73
123.36
129.14
131.22
121.47
123.65
125.63
123.65
124.5
137.93
137.08
131.12
146.73
136.14
123.46
125.92
124.78
118.82
123.46
117.59
110.5
115.89
112.3
117.03
122.51
126.96
119.96
118.92
125.07
113.34
122.7
133.58
122.61
134.43
127.81
128.85
142.66
127.72
124.31
128
109.93
115.61
101.23
108.42
120.9
113.9
112.67
106.81
115.89
109.84
104.35
102.17
697.8
701.87
698.09
11.96
15.51
13.26
13.87
14.73
13.78
10.4
15.43
12.31
11.96
12.48
-104.96
-104.61
-103.05
-109.29
-103.83
-103.83
-123.07
-108.6
-101.06
-121.08
-113.8
-114.66
-120.56
-115.36
-115.7
-107.99
-113.54
-106.43
-106.52
-113.02
-103.66
-115.01
-116.4
-116.14
-98.98
-113.54
-119.78
-113.45
-112.58
-114.14
-116.4
-123.42
-139.71
-127.23
-130.61
-128.36
-132.6
-126.71
-128.18
-125.06
-118.04
-122.81
-116.31
-111.8
-121.34
-124.2
-118.56
-124.2
-124.28
-122.38
-120.12
-125.93
-145.69
-130.26
-142.05
-141.71
-138.5
-129.57
-125.41
-131.65
-134.6
-128.96
-126.62
-122.03
-106.69
-113.8
-129.05
-111.54
-114.75
-141.88
65.23
63.2
61.47
59.36
57.5
55.82
53.72
51.86
49.95
48.05
46.27
44.26
42.38
40.64
38.62
36.72
34.84
32.99
30.99
29.24
27.4
25.63
23.61
21.71
19.95
17.94
16.18
14.19
12.29
10.5
7.91
5.31
2.82
0.09
-2.54
-5.11
-7.71
-10.14
-12.22
-14.09
-16.02
-17.88
-19.69
-21.66
-23.58
-25.37
-27.36
-29.23
-31.02
-32.95
-34.78
-36.67
-38.62
-40.45
-42.38
-44.3
-46.17
-48.09
-49.95
-51.86
-53.72
-55.61
-57.55
-59.44
-61.3
-63.21
-65.04
-66.94
-68.9
-70.77
-72.67
-72.87
-72.76
-72.87
-72.77
-72.87
-72.87
-72.72
-72.87
-72.9
-72.77
-72.87
-72.76
-71.93
-69.9
-67.82
-65.95
-64.02
-62.1
-60.2
-58.27
-56.46
-54.54
-52.55
-50.82
-48.88
-46.96
-45.17
-43.12
-41.31
-39.43
-37.43
-35.65
-33.77
-31.84
-30.04
-28.18
-26.26
-24.33
-22.38
-20.61
-18.7
-16.8
-14.93
-12.91
-11.09
-8.84
-6.09
-3.64
-1.04
1.73
4.14
6.8
9.4
11.43
13.48
15.24
17.15
19.06
20.89
22.92
24.69
26.57
28.61
30.3
32.14
34.06
35.91
37.98
39.7
41.58
43.66
45.33
47.27
49.32
51.07
53.12
54.84
56.74
58.81
60.5
62.4
64.47
66.19
68.2
