155
68
88
165.75
169.53
158.65
168.4
155.44
151.08
166.5
152.88
140.87
145.41
151.65
149.85
147.39
147.96
160.73
145.6
155.72
163.19
152.6
143.42
149
147.58
145.69
147.3
150.42
146.83
137.93
154.11
148.25
149
155.53
158.18
158.18
151.46
157.33
164.71
157.33
153.73
157.04
158.37
147.77
149.85
140.39
147.77
144.46
137.74
138.12
143.89
141.53
138.12
134.91
137.46
138.88
131.12
135.76
140.49
136.04
133.77
134.91
134.24
142.38
130.84
134.24
128.09
130.36
128.09
128.76
134.15
131.5
126.68
130.84
843.87
837.91
838.29
13.43
18.81
14.73
13.17
13.26
10.66
14.73
15.43
13.09
8.93
-119.34
-136.59
-122.03
-121.16
-128.96
-122.9
-123.59
-116.74
-124.37
-123.76
-126.97
-123.07
-123.76
-125.58
-126.45
-122.98
-123.76
-123.07
-122.2
-126.19
-129.31
-127.4
-126.1
-126.54
-129.66
-126.62
-130.7
-135.47
-125.32
-128.27
-140.93
-150.89
-135.21
-147.6
-150.29
-147.86
-140.06
-151.5
-155.31
-145.69
-146.04
-146.56
-140.84
-144.91
-135.38
-136.33
-150.37
-150.2
-137.29
-135.99
-147.51
-146.39
-126.97
-148.99
-153.93
-141.1
-148.29
-145.26
-139.28
-129.14
-137.03
-132
-127.58
-150.55
-154.36
-137.81
-142.66
-158.09
-145.09
-145
-146.73
65.2
63.33
61.42
59.53
57.68
55.92
53.89
51.98
50.08
48.17
46.29
44.4
42.53
40.76
38.74
36.85
34.96
33.13
31.23
29.37
27.54
25.78
23.76
21.86
19.95
18.09
16.19
14.33
12.41
10.64
8.12
5.54
2.84
0.29
-2.37
-4.92
-7.49
-10.02
-12.02
-13.99
-15.88
-17.75
-19.65
-21.57
-23.4
-25.21
-27.23
-29.06
-30.99
-32.86
-34.77
-36.55
-38.48
-40.31
-42.26
-44.17
-46.03
-47.96
-49.85
-51.69
-53.59
-55.45
-57.42
-59.31
-61.2
-63.07
-64.94
-66.84
-68.73
-70.6
-72.48
-73.07
-73.11
-73.1
-73.09
-73.07
-73.07
-72.96
-73.09
-73.09
-73.1
-73.08
-73
-72
-70.02
-68
-66.12
-64.21
-62.3
-60.43
-58.54
-56.64
-54.74
-52.78
-50.98
-49.04
-47.19
-45.32
-43.43
-41.5
-39.65
-37.65
-35.86
-33.96
-32.1
-30.25
-28.36
-26.45
-24.56
-22.55
-20.79
-18.9
-16.96
-15.13
-13.17
-11.27
-9.11
-6.29
-3.93
-1.3
1.43
3.93
6.52
9.14
11.26
13.29
15.05
16.94
18.83
20.69
22.59
24.5
26.43
28.42
30.09
31.94
33.87
35.75
37.63
39.5
41.42
43.39
45.17
47.08
48.96
50.91
52.8
54.67
56.53
58.64
60.3
62.19
64.1
65.95
67.89
