156
68
89
157.04
170.67
151.84
160.92
167.17
168.3
149.1
172.65
165.65
146.26
148.62
157.04
141.81
121.47
139.64
133.58
106.05
130.08
137.18
120.53
127.34
146.45
125.07
128.19
147.11
136.33
125.35
150.23
152.03
132.54
148.06
155.62
144.65
140.39
158.37
142.95
133.2
155.72
143.89
131.41
148.62
149.57
126.01
128.57
148.34
127.72
132.64
147.49
133.77
130.36
149.76
145.12
130.08
141.72
151.18
134.72
140.3
139.26
138.22
127.34
131.69
135.47
118.63
138.5
148.06
120.62
133.96
141.15
131.88
129.61
148.15
854.56
844.91
838.29
8.41
12.13
11.18
9.27
14.39
12.22
12.05
12.05
12.91
9.79
9.79
-150.11
-108.68
-126.02
-139.02
-110.5
-116.14
-133.91
-123.85
-115.18
-136.68
-131.13
-122.72
-139.02
-139.71
-129.05
-136.77
-141.62
-119.69
-118.56
-139.8
-118.56
-107.56
-122.9
-124.72
-111.2
-119.78
-127.66
-109.2
-115.88
-139.11
-124.98
-124.28
-142.4
-143.87
-129.74
-137.89
-147.08
-122.72
-136.51
-145.78
-128.96
-123.42
-134.77
-136.42
-115.53
-123.42
-121.16
-113.45
-109.29
-121.16
-111.37
-110.07
-127.66
-125.15
-118.74
-125.84
-139.8
-121.51
-132.26
-145.95
-129.22
-133.65
-152.54
-133.21
-121.68
-140.49
-139.63
-121.25
-125.24
-116.66
-119.52
65.35
63.35
61.42
59.7
57.69
55.78
53.88
52
50.23
48.19
46.31
44.55
42.55
40.63
38.74
36.86
35.09
33.13
31.2
29.5
27.54
25.64
23.74
21.86
20.11
18.07
16.2
14.46
12.42
10.52
8.13
5.5
3.03
0.31
-2.34
-4.81
-7.48
-10.11
-12.04
-13.97
-15.76
-17.74
-19.62
-21.43
-23.4
-25.34
-27.21
-29.08
-30.93
-32.82
-34.7
-36.49
-38.51
-40.39
-42.24
-44.17
-45.97
-47.96
-49.86
-51.64
-53.59
-55.53
-57.35
-59.26
-61.13
-63.06
-64.94
-66.75
-68.73
-70.62
-72.43
-72.61
-72.49
-72.65
-72.6
-72.46
-72.59
-72.59
-72.58
-72.64
-72.49
-72.63
-72.57
-71.86
-69.99
-68.04
-66.04
-64.2
-62.26
-60.41
-58.55
-56.58
-54.71
-52.84
-50.98
-49.06
-47.12
-45.31
-43.4
-41.43
-39.61
-37.71
-35.82
-33.96
-32.02
-30.24
-28.36
-26.35
-24.5
-22.63
-20.8
-18.92
-16.88
-15.12
-13.2
-11.17
-9.07
-6.45
-3.9
-1.29
1.49
3.94
6.54
9.24
11.26
13.2
15.02
16.87
18.95
20.71
22.62
24.64
26.42
28.29
30.1
31.97
34
35.72
37.62
39.63
41.4
43.31
45.35
47.05
49.13
50.91
52.76
54.81
56.55
58.46
60.29
62.19
64.26
65.95
67.89
69.92
