140
58
82
154.39
156.1
154.77
153.92
149.29
164.99
158.37
155.25
143.42
151.27
153.54
160.83
156.76
149
159.12
150.04
155.25
154.68
145.79
146.64
146.45
154.02
154.49
139.54
146.16
145.03
137.65
158.75
167.54
144.18
155.44
149.95
156.85
145.88
148.34
159.6
151.84
156.29
143.8
145.22
145.5
158.37
158.84
143.7
159.98
137.65
146.54
140.77
162.06
140.01
146.26
149.66
156.85
150.14
155.25
141.24
170.48
169.53
185.8
156.76
153.92
156.29
159.79
683.33
910
904.42
-0.69
0.69
0.69
0.17
0.78
-0.61
1.21
0.78
0.95
-0.61
3.21
1.39
-115.79
-147.86
-125.15
-147.51
-184.78
-150.11
-159.3
-148.47
-142.49
-153.41
-115.62
-141.62
-143.61
-143.27
-157.48
-147.69
-135.38
-142.05
-139.11
-157.74
-156.01
-156.01
-144.83
-156.09
-152.54
-141.01
-143.53
-146.91
-147.77
-152.11
-140.75
-137.55
-141.97
-149.42
-155.23
-144.05
-142.4
-134.08
-145.61
-151.15
-139.19
-146.99
-120.73
-146.82
-157.65
-147.86
-157.48
-147.69
-145.95
-161.29
-139.97
-159.91
-109.03
-141.97
-152.54
-151.85
-160.43
-159.39
-162.51
-161.9
-155.14
-153.67
60.86
58.43
55.72
53.28
50.91
48.12
45.71
43.41
40.57
38.14
35.67
33.06
30.71
28.15
26
23.05
20.62
18.17
15.52
13.07
10.61
7.15
3.78
0.35
-3.23
-6.74
-10.03
-12.8
-15.28
-17.71
-20.36
-22.89
-25.26
-28.01
-30.36
-32.8
-35.47
-37.98
-40.37
-42.93
-45.49
-47.98
-50.47
-53.05
-55.42
-58.13
-60.7
-62.97
-65.62
-68.19
-70.58
-73.22
-75.68
-78.22
-80.75
-83.32
-85.6
-88.33
-90.75
-93.36
-95.86
-98.42
-100.83
-103.02
-103.5
-103.25
-103.47
-103.49
-103.48
-103.47
-103.44
-101.93
-98.73
-96.31
-93.71
-91.14
-88.72
-86.25
-83.62
-81.27
-78.7
-76.11
-73.65
-71.13
-68.56
-66.09
-63.52
-61.04
-58.47
-55.96
-53.45
-50.89
-48.34
-45.88
-43.33
-40.82
-38.32
-35.8
-33.32
-30.76
-28.26
-25.76
-23.18
-20.69
-18.13
-15.66
-13.12
-10.54
-7.21
-3.83
-0.22
3.21
6.66
10.17
12.66
15.15
17.65
20.21
22.75
25.19
27.87
30.34
32.7
35.29
37.84
40.29
42.82
45.36
47.83
50.24
53.01
55.43
57.87
60.52
63.03
65.42
68.12
70.59
73.02
75.72
