144
62
83
144.93
158.27
158.75
156.48
163.85
152.98
143.99
156.1
145.03
153.64
144.37
155.53
143.89
153.64
145.31
135.76
148.62
141.06
140.11
146.45
128.38
137.74
144.46
141.06
141.06
130.08
137.37
147.87
136.61
150.7
173.32
129.32
138.5
133.96
151.18
138.78
127.15
149.19
143.04
149.95
143.23
139.73
147.96
145.6
142.1
131.22
144.37
142.57
156.38
143.14
148.91
138.12
153.26
154.11
152.88
147.3
179.09
169.44
191.01
155.44
144.56
150.89
160.92
928.07
921.83
921.07
-0.69
-5.03
-5.89
-1.04
-1.65
-3.03
-1.13
-0.69
-1.73
-0.87
-0.95
-1.21
-2.95
-125.06
-128.62
-144.74
-167.62
-153.49
-143.01
-156.53
-143.09
-140.23
-148.47
-143.01
-144.83
-147.43
-140.32
-147.25
-139.28
-146.39
-137.2
-152.8
-140.58
-151.41
-148.81
-143.79
-145.52
-137.98
-138.93
-142.4
-135.38
-139.02
-128.79
-145.95
-136.51
-132.95
-142.4
-136.59
-140.06
-133.91
-136.16
-150.72
-136.16
-133.99
-144.22
-141.27
-157.13
-142.92
-148.64
-144.83
-138.76
-156.35
-141.01
-147.25
-148.9
-146.13
-148.47
-144.83
-155.66
-154.01
-156.87
-161.73
-152.11
-145.87
-137.11
-145.09
-144.74
-140.93
60.33
57.9
55.25
52.71
50.26
47.61
45.15
42.71
40.28
37.6
35.15
32.74
30.16
27.65
25.18
22.58
20.08
17.58
14.98
12.5
10.02
6.68
3.05
-0.45
-3.52
-7.53
-10.77
-13.22
-15.79
-18.36
-20.8
-23.1
-25.88
-28.41
-30.83
-33.37
-35.94
-38.55
-41
-43.48
-46.17
-48.41
-50.99
-53.57
-56.06
-58.6
-61.1
-63.76
-65.99
-68.7
-71.35
-73.84
-76.21
-78.88
-81.41
-83.84
-86.28
-88.93
-90.96
-93.86
-96.54
-98.81
-101.39
-103.1
-103.18
-102.98
-103.19
-103.16
-102.86
-103.18
-103.14
-102.5
-99.45
-96.84
-94.23
-91.73
-89.28
-86.8
-84.16
-81.86
-79.23
-76.64
-74.15
-71.68
-69.04
-66.65
-64.11
-61.62
-58.98
-56.57
-54.05
-51.46
-48.95
-46.51
-43.8
-41.51
-38.89
-36.35
-33.71
-31.34
-28.72
-26.31
-23.78
-21.11
-18.68
-16.27
-13.7
-11.13
-8.02
-4.63
-0.88
2.43
5.87
9.55
12.12
14.51
17.31
19.66
22.12
24.78
27.28
29.73
32.3
34.78
37.24
39.75
42.32
44.75
47.27
49.9
52.36
54.87
57.49
59.98
62.46
65.01
67.6
69.99
72.66
75.15
77.61
80.18
82.68
85.2
