104
21
84
134.81
146.64
145.41
143.7
143.23
131.31
141.43
144.27
139.45
141.15
131.69
137.65
147.58
138.31
158.56
137.37
135.38
148.81
140.01
149.38
144.93
133.68
152.03
142.1
155.15
142.47
140.96
148.72
146.73
146.26
138.88
141.15
143.33
158.65
139.45
149.38
144.08
150.23
153.26
151.93
142.47
178.14
170.38
192.99
155.91
142.76
155.62
160.64
832.71
906.03
909.43
4.94
4.59
4.33
5.2
4.77
6.15
4.25
5.89
3.12
4.85
7.11
3.12
5.89
-130.35
-123.42
-143.01
-172.04
-141.01
-146.13
-146.99
-137.29
-140.32
-136.25
-137.89
-135.03
-141.27
-138.67
-141.97
-130.78
-136.94
-129.48
-151.85
-144.74
-151.24
-140.15
-137.81
-148.47
-131.65
-134.6
-139.97
-128.96
-142.49
-124.02
-140.58
-128.01
-131.65
-143.09
-130.09
-132.17
-126.8
-130.87
-145.26
-122.72
2.86
-0.35
-4.18
-7.59
-10.67
-13.38
-15.82
-18.24
-20.93
-23.39
-25.86
-28.55
-31.06
-33.2
-36.01
-38.64
-40.96
-43.49
-46.2
-48.24
-51.08
-53.73
-55.93
-58.63
-61.28
-63.63
-66.23
-68.86
-71.21
-73.77
-76.47
-78.59
-81.38
-84
-86.28
-88.91
-91.6
-93.69
-96.45
-99.15
-101.3
-104
-106.56
-108.88
-111.62
-114.1
-116.43
-119.1
-120.87
-121.02
-121.01
-121.07
-121.02
-121.04
-121.04
-121.02
-120.09
-116.95
-114.41
-111.66
-109.27
-106.81
-103.99
-101.73
-99.36
-96.38
-94.21
-91.67
-89.23
-86.57
-84.17
-81.61
-79.04
-76.56
-74.07
-71.44
-69.03
-66.46
-63.87
-61.4
-58.98
-56.27
-53.89
-51.3
-48.8
-46.31
-43.87
-41.29
-38.74
-36.23
-33.74
-31.15
-28.7
-26.08
-23.51
-21
-18.54
-15.92
-13.46
-10.96
-7.82
-4.28
-0.92
2.72
