144
62
83
150.42
161.77
157.71
155.91
151.65
180.41
154.3
161.21
140.01
148.53
150.99
165.56
151.27
155.34
152.5
146.92
156.1
157.14
144.18
148.53
137.37
148.34
149.19
140.58
142.19
142.66
142.95
157.33
139.64
150.52
145.22
143.42
151.46
137.08
144.56
145.31
147.3
151.65
144.08
140.2
142.38
149
150.23
143.14
154.77
134.72
145.22
141.15
159.41
133.01
150.89
154.21
147.77
150.42
153.73
141.06
172.37
169.82
186.47
154.68
146.83
160.17
162.81
768.95
845.48
843.68
1.3
6.67
1.39
2.34
2.17
3.38
1.82
1.82
4.42
2.25
1.82
3.12
1.73
-139.45
-124.72
-144.48
-175.68
-152.45
-138.59
-152.89
-135.73
-139.71
-141.62
-141.97
-137.89
-143.01
-141.1
-143.18
-137.03
-138.5
-135.9
-152.97
-148.47
-150.46
-147.51
-148.29
-148.99
-139.19
-138.59
-141.79
-136.33
-138.07
-129.22
-145
-133.65
-137.03
-150.03
-135.21
-138.41
-134.69
-133.82
-155.23
-120.82
-139.37
-137.98
-145.26
-160.34
-146.73
-146.73
-146.82
-140.58
-158.95
-141.79
-151.76
-145.26
-142.23
-143.96
-143.61
-152.45
-152.97
-157.22
-158.35
-153.41
-147.17
-143.01
-141.88
-142.75
-143.61
61.71
59.28
56.87
54.18
51.65
49.18
46.57
44.07
41.61
39
36.52
34.14
31.71
29.08
26.54
24.06
21.54
18.97
16.52
13.94
11.42
8.54
5.36
1.52
-1.91
-5.26
-9
-11.85
-14.46
-16.92
-19.36
-22.07
-24.22
-26.99
-29.43
-32.04
-34.43
-37
-39.63
-41.89
-44.53
-47.23
-49.45
-52.12
-54.81
-57.28
-59.65
-62.38
-64.83
-67.04
-69.93
-72.43
-74.66
-77.33
-80
-82.47
-84.69
-87.57
-89.98
-92.32
-95.06
-97.59
-99.99
-102.06
-102.25
-102.23
-102.2
-102.25
-102.22
-102.22
-102.2
-101.15
-98.31
-95.62
-93.14
-90.67
-88.02
-85.63
-83.12
-80.59
-78
-75.58
-72.93
-70.46
-68.01
-65.39
-62.91
-60.47
-57.76
-55.32
-52.84
-50.24
-47.73
-45.26
-42.65
-40.17
-37.67
-35.14
-32.52
-30.15
-27.67
-25.1
-22.54
-20.09
-17.51
-14.97
-12.53
-9.93
-6.35
-2.9
0.72
4.05
7.6
10.67
13.34
15.8
18.33
20.88
23.37
25.85
28.49
30.88
33.43
35.97
38.42
40.88
43.53
45.98
48.45
51.1
53.58
56.02
58.77
61.19
63.6
66.3
68.74
71.14
73.88
76.34
78.76
81.47
83.93
86.36
