144
62
83
140.96
157.61
159.03
158.18
167.07
152.12
141.24
150.99
145.5
150.52
148.34
155.91
143.89
156.76
149.76
143.33
150.8
149.85
144.37
148.34
129.51
141.43
144.27
143.23
149.29
132.26
142.85
149.19
140.39
155.06
135.95
136.23
149.38
145.31
158.37
149.29
128.47
149.95
149.38
153.64
138.88
139.73
144.08
149.66
157.71
137.65
147.02
145.03
159.88
149.48
151.46
141.91
149.85
153.73
155.62
156.29
175.59
171.14
197.25
152.88
140.3
158.65
162.53
929.11
924.57
922.77
2.77
4.59
2.86
0.26
3.03
1.39
3.12
3.55
3.47
1.13
1.82
2.86
4.59
-132.17
-131.04
-140.49
-156.87
-154.36
-143.53
-154.62
-140.75
-137.89
-148.64
-142.05
-83.72
-141.97
-132.78
-147.51
-139.02
-117
-136.42
-152.37
-145.52
-152.37
-151.76
-141.79
-147.25
-116.92
-138.59
-144.91
-135.73
-139.8
-128.1
-149.94
-142.31
-130.96
-144.39
-138.41
-136.77
-139.37
-127.14
-148.21
-135.29
-136.07
-145.61
-140.15
-158.61
-143.09
-147.6
-151.24
-137.55
-152.54
-139.28
-143.61
-145.35
-141.88
-144.91
-140.49
-150.37
-156.79
-154.62
-155.05
-154.45
-139.11
-148.55
-145.61
-143.87
-135.64
58.47
55.96
53.39
50.88
48.35
45.82
43.32
40.78
38.27
35.77
33.24
30.81
28.3
25.81
23.28
20.73
18.25
15.7
13.18
10.7
7.43
3.99
0.51
-3.01
-6.49
-10.06
-12.57
-15.11
-17.6
-20.12
-22.66
-25.13
-27.71
-30.24
-32.7
-35.23
-37.83
-40.24
-42.8
-45.39
-47.86
-50.32
-52.94
-55.41
-57.94
-60.54
-62.93
-65.49
-68.12
-70.57
-73.03
-75.69
-78.13
-80.56
-83.11
-85.71
-88.11
-90.61
-93.26
-95.73
-98.34
-100.82
-103.29
-104.62
-104.78
-104.75
-104.66
-104.8
-104.74
-104.74
-104.75
-104.36
-101.36
-98.61
-96.15
-93.63
-91.09
-88.55
-86.13
-83.78
-80.97
-78.6
-76.05
-73.52
-70.97
-68.53
-65.86
-63.41
-60.97
-58.11
-55.86
-53.42
-50.55
-48.27
-45.79
-43.25
-40.68
-38.27
-35.64
-32.84
-30.65
-28.16
-25.59
-23.07
-20.63
-18.09
-15.54
-13.07
-10.43
-6.64
-3.59
-0.17
3.62
6.8
10.26
12.87
15.31
17.79
20.33
23.03
25.37
27.86
30.71
32.84
35.36
37.87
40.43
42.88
45.41
47.97
50.47
53
55.73
58.03
60.59
63.26
65.62
68.11
70.8
73.27
75.77
78.18
80.8
83.29
