143
62
82
158.65
142.47
155.44
154.21
164.9
168.59
157.8
136.42
142
148.06
156.67
149.48
153.73
138.5
159.79
150.52
144.18
145.22
138.97
147.87
146.73
133.3
139.92
134.72
142.85
150.14
128.66
146.83
143.52
133.3
150.61
127.15
148.53
128.76
140.2
150.14
140.87
128.38
142
147.87
147.68
142.57
149.38
137.27
150.04
137.08
141.53
138.5
155.34
142.47
154.49
149.66
143.8
151.46
149.85
143.14
160.64
173.22
167.73
187.7
150.89
146.16
158.18
245.03
926.46
922.77
2.08
3.03
3.03
2.43
4.16
5.2
1.91
1.91
2.34
41.17
3.55
3.47
-132.6
-135.64
-128.79
-158
-164.67
-140.06
-154.53
-138.93
-136.59
-141.1
-137.63
-133.73
-142.49
-133.13
-141.97
-134.17
-138.93
-135.29
-142.14
-141.88
-150.03
-150.89
-140.32
-143.79
-137.63
-133.73
-140.15
-132.78
-140.23
-132
-134.6
-134.95
-127.06
-143.87
-135.47
-135.64
-133.73
-122.72
-142.49
-133.65
-133.47
-148.03
-133.04
-146.47
-142.66
-143.96
-154.01
-133.82
-143.18
-139.19
-140.06
-157.05
-138.24
-139.63
-137.55
-152.11
-156.01
-152.89
-154.71
-152.37
-144.91
-155.05
-148.73
-133.56
-138.07
60.37
57.93
55.31
52.78
50.3
47.73
45.18
42.73
40.14
37.62
35.2
32.62
30.15
27.72
25.14
22.63
20.15
17.58
15.09
12.58
10.01
6.58
3.07
-0.43
-3.89
-7.34
-10.65
-13.22
-15.76
-18.27
-20.8
-23.31
-25.89
-28.36
-30.79
-33.27
-35.83
-38.39
-40.87
-43.43
-45.9
-48.48
-51.01
-53.51
-55.99
-58.64
-61.07
-63.55
-66.22
-68.66
-71.13
-73.73
-76.22
-78.69
-81.28
-83.81
-86.21
-88.75
-91.34
-93.8
-96.4
-98.95
-101.36
-103.82
-104.81
-104.81
-104.8
-104.81
-104.82
-104.78
-104.41
-101.94
-99.28
-96.68
-94.18
-91.72
-89.09
-86.69
-84.33
-81.54
-79.1
-76.66
-73.99
-71.53
-69.14
-66.39
-63.99
-61.51
-58.81
-56.39
-53.96
-51.25
-48.81
-46.34
-43.85
-41.22
-38.81
-36.28
-33.62
-31.16
-28.66
-26.15
-23.67
-21.24
-18.53
-16.05
-13.65
-10.98
-7.79
-4.37
-0.83
2.66
6.05
9.63
12.22
14.71
17.33
19.81
22.32
24.85
27.36
29.88
32.31
34.82
37.33
39.9
42.36
44.92
47.44
49.96
52.52
55.08
57.53
60.04
62.64
65.09
67.6
70.28
72.67
75.2
77.78
80.25
82.76
