145
63
83
149.85
136.51
160.17
145.5
146.16
140.3
141.43
132.92
145.5
126.39
137.84
128.66
143.14
134.34
137.74
129.99
119.86
131.69
129.04
126.96
128.57
118.35
127.81
135.66
124.12
129.7
122.89
128.19
143.99
125.26
142
123.27
118.92
132.16
119.77
135
126.68
115.7
134.91
132.73
135.95
128.95
130.84
137.74
137.74
141.81
128.19
138.6
142.1
148.43
138.41
143.99
136.23
148.81
146.45
148.81
141.91
170.86
167.83
189.59
155.25
133.58
152.69
151.37
853.52
898.36
898.18
-5.37
-1.99
-0.95
-5.11
-1.13
-3.12
-5.03
-1.04
-0.26
-2.08
-4.25
-0.43
-0.61
-133.39
-120.38
-145.87
-178.45
-155.66
-147.51
-153.84
-142.66
-140.67
-134.86
-138.33
-135.73
-142.05
-136.59
-139.8
-131.82
-139.8
-129.48
-149.94
-144.31
-143.61
-136.59
-135.81
-139.37
-126.88
-126.28
-131.91
-119.26
-129.83
-122.64
-132.34
-121.34
-127.14
-138.59
-128.62
-127.66
-122.98
-122.29
-121.08
-119.86
-127.49
-127.49
-130.7
-143.35
-132.86
-134.17
-134.34
-128.53
-148.55
-128.1
-143.7
-136.25
-134.95
-137.81
-131.74
-139.19
-141.97
-144.65
-154.53
-136.85
-137.55
-138.5
-135.47
-138.07
-143.27
63.18
60.53
58.17
55.59
52.96
50.61
48.02
45.35
42.88
40.46
37.78
35.33
33.1
30.32
27.85
25.38
22.9
20.28
17.78
15.35
12.67
10.21
6.95
3.27
-0.18
-3.51
-7.26
-10.55
-13.04
-15.59
-18.15
-20.58
-23.2
-25.61
-28.18
-30.69
-33.21
-35.66
-38.31
-40.79
-43.27
-45.72
-48.36
-50.81
-53.32
-55.93
-58.44
-60.81
-63.48
-66.01
-68.48
-71
-73.56
-75.98
-78.6
-81.1
-83.57
-86.09
-88.65
-91.09
-93.6
-96.17
-98.71
-101.17
-103.04
-103.28
-103.32
-103.02
-103.27
-103.32
-103.03
-103.24
-102.24
-98.89
-96.51
-93.99
-91.41
-88.75
-86.48
-83.91
-81.27
-78.87
-76.38
-73.61
-71.34
-68.77
-66.17
-63.72
-61.25
-58.73
-56.23
-53.66
-51.19
-48.49
-46.1
-43.55
-40.89
-38.51
-36.08
-33.41
-30.92
-28.49
-26.03
-23.35
-20.91
-18.46
-15.83
-13.37
-10.9
-7.26
-4.09
-0.67
2.89
6.35
9.79
12.37
14.96
17.46
19.88
22.52
24.97
27.5
30.1
32.53
34.96
37.67
40.08
42.51
45.01
47.66
50.12
52.65
55.25
57.72
60.17
62.84
65.32
67.75
70.44
72.89
75.34
78.01
80.42
82.88
85.58
