145
63
83
163.29
149.95
156.1
151.37
152.31
147.49
159.88
149.85
153.26
135.47
141.91
146.07
155.34
147.39
143.52
147.39
136.99
151.37
150.33
137.18
141.15
134.05
143.23
151.84
136.61
131.88
137.65
138.6
153.26
139.16
145.6
141.81
138.78
152.6
130.18
139.73
136.42
140.11
146.16
137.93
133.49
136.14
141.43
153.16
136.14
150.04
127.15
139.73
134.62
153.54
133.49
139.73
144.27
147.11
145.03
146.64
136.61
171.52
162.44
177.48
154.96
145.88
152.12
156.76
791.74
884.65
881.15
-4.59
4.59
3.55
0.43
4.51
2.95
0.61
3.38
9.88
5.72
4.59
3.21
3.12
-136.33
-121.34
-142.23
-167.71
-145.95
-136.85
-145.09
-140.93
-135.73
-138.15
-133.13
-133.65
-137.89
-131.82
-141.1
-131.04
-136.33
-127.66
-142.92
-141.01
-144.39
-139.8
-136.07
-139.8
-131.13
-128.18
-132.26
-133.13
-135.9
-122.46
-137.37
-130.78
-128.53
-140.41
-132.52
-129.4
-124.89
-129.83
-146.91
-122.03
-133.21
-131.91
-135.81
-151.5
-136.25
-137.29
-137.81
-134.17
-150.72
-130.35
-145.26
-135.55
-135.47
-141.19
-136.51
-145
-147.86
-151.76
-156.87
-144.57
-138.85
-136.33
-135.03
-139.63
-140.32
63.99
61.45
58.98
56.39
53.89
51.33
48.82
46.27
43.79
41.28
38.7
36.25
33.77
31.2
28.79
26.28
23.59
21.2
18.7
16.19
13.56
11.13
8.13
4.5
1.12
-2.28
-5.97
-9.5
-12.11
-14.76
-17.24
-19.63
-22.2
-24.78
-27.27
-29.71
-32.31
-34.82
-37.3
-39.96
-42.4
-44.81
-47.53
-49.95
-52.41
-55.09
-57.57
-59.97
-62.66
-65.13
-67.65
-70.19
-72.72
-75.14
-77.57
-80.31
-82.73
-85.18
-87.84
-90.27
-92.77
-95.39
-97.92
-100.3
-102.47
-102.8
-102.74
-102.23
-102.73
-102.8
-102.62
-102.74
-101.7
-98.85
-96.17
-93.7
-91.19
-88.43
-86.14
-83.67
-80.94
-78.56
-76.14
-73.56
-70.9
-68.53
-66.02
-63.31
-60.92
-58.51
-55.93
-53.36
-50.94
-48.35
-45.58
-43.32
-40.82
-38.13
-35.8
-33.17
-30.75
-28.18
-25.79
-23.19
-20.56
-18.12
-15.64
-12.85
-10.6
-7.23
-3.62
-0.19
3.27
6.75
10.41
12.68
15.17
17.98
20.25
22.77
25.4
27.88
30.32
32.79
35.23
37.8
40.28
42.95
45.33
47.86
50.48
52.96
55.46
57.99
60.53
62.99
65.63
68.18
70.6
73.11
75.74
78.17
80.67
83.18
85.81
