140
58
82
154.39
153.92
149.1
155.34
149.48
160.92
152.22
155.15
140.68
150.33
155.15
157.52
157.33
148.06
155.15
149.48
154.58
156.48
140.68
147.39
142.85
150.42
151.56
141.53
142.38
146.92
136.99
154.87
141.62
144.65
154.21
138.97
155.53
138.31
147.02
152.6
149.76
150.23
144.08
141.72
150.7
153.54
154.21
142.57
153.73
136.89
153.07
141.72
162.34
138.6
145.88
155.81
152.88
153.26
153.26
140.3
180.03
166.5
182.49
160.07
149.95
155.44
162.44
689.38
920.31
917.1
0
0.09
1.3
-1.47
-0.09
2.08
1.21
1.04
-0.61
0.87
2.69
0.09
-96.03
-135.38
-124.02
-147.95
-184.61
-145.87
-158.61
-146.73
-142.92
-150.03
-145.87
-143.09
-143.44
-144.39
-156.79
-146.21
-134.17
-140.49
-139.11
-157.48
-155.66
-153.41
-144.22
-154.71
-151.67
-137.37
-138.93
-142.83
-147.34
-148.99
-138.93
-143.27
-138.07
-144.91
-152.28
-139.28
-139.8
-132.86
-146.82
-148.73
-135.99
-148.99
-137.98
-144.91
-155.75
-143.09
-156.01
-143.09
-142.49
-156.61
-139.28
-158.09
-150.2
-142.49
-150.37
-145.87
-159.47
-157.91
-160.86
-158.35
-151.85
-148.81
60.87
58.41
55.96
53.45
50.81
48.38
45.89
43.23
40.82
38.33
35.7
33.32
30.84
28.22
25.81
23.27
20.69
18.22
15.68
13.08
10.64
7.42
3.81
0.36
-3.01
-6.68
-10.09
-12.64
-15.13
-17.7
-20.19
-22.79
-25.26
-27.84
-30.2
-32.79
-35.26
-37.87
-40.33
-42.9
-45.37
-47.98
-50.44
-53.01
-55.5
-58.12
-60.53
-63.09
-65.6
-68.16
-70.63
-73.18
-75.65
-78.18
-80.69
-83.29
-85.69
-88.32
-90.75
-93.3
-95.82
-98.37
-100.82
-102.98
-103.59
-103.57
-103.55
-103.56
-103.58
-103.56
-103.51
-101.82
-98.9
-96.28
-93.76
-91.25
-88.68
-86.28
-83.76
-81.2
-78.68
-76.23
-73.61
-71.14
-68.58
-66.2
-63.57
-61.08
-58.6
-56.02
-53.45
-51.04
-48.45
-45.93
-43.46
-40.89
-38.34
-35.93
-33.27
-30.78
-28.38
-25.84
-23.22
-20.76
-18.14
-15.67
-13.23
-10.75
-7.27
-3.89
-0.46
3.12
6.62
10.02
12.61
15.14
17.59
20.19
22.75
25.15
27.63
30.29
32.67
35.08
37.76
40.21
42.66
45.31
47.81
50.23
52.95
55.43
57.92
60.31
62.98
65.49
67.89
70.6
73.04
75.47
