144
62
83
141.24
156.57
158.18
155.91
164.9
152.22
143.23
151.65
144.27
151.84
142.95
155.06
141.43
155.15
144.74
140.39
147.68
147.3
143.33
147.58
129.7
139.73
143.7
141.62
147.2
132.92
142.47
150.04
142.19
156.76
136.33
137.08
147.58
146.16
155.91
144.74
124.22
153.07
146.54
150.99
143.33
139.83
140.68
147.02
144.56
136.99
149.38
147.49
160.54
148.81
148.91
137.65
150.14
154.58
153.35
154.58
177.57
170.48
200.18
152.88
143.14
159.69
158.75
932.23
937.15
936.4
1.04
4.07
2.25
-3.73
3.29
3.03
-0.17
3.47
2.6
3.55
3.12
3.99
3.29
-139.37
-128.96
-139.54
-161.55
-148.81
-143.27
-160.77
-138.67
-134.51
-148.12
-137.29
-140.93
-140.32
-133.91
-146.04
-133.13
-143.53
-136.51
-148.99
-144.48
-149.77
-151.15
-139.89
-144.74
-136.33
-138.33
-143.27
-135.47
-138.41
-130.61
-144.91
-139.28
-132.34
-139.11
-133.91
-137.63
-136.42
-126.8
-148.99
-135.64
-134.43
-144.57
-138.76
-153.41
-141.88
-140.75
-148.55
-132.43
-154.01
-138.5
-141.53
-146.13
-142.66
-143.01
-140.49
-151.24
-148.99
-150.89
-157.83
-150.29
-140.58
-140.84
-143.79
-142.83
-139.02
58.57
56.13
53.46
51
48.51
45.81
43.39
40.94
38.28
35.8
33.4
30.95
28.36
25.95
23.42
20.73
18.29
15.85
13.21
10.76
7.66
3.95
0.57
-2.85
-6.43
-9.98
-12.5
-15.12
-17.58
-20.08
-22.67
-25.21
-27.63
-30.42
-32.68
-35.15
-37.67
-40.22
-42.76
-45.15
-47.83
-50.33
-52.69
-55.39
-57.91
-60.56
-62.93
-65.45
-67.9
-70.3
-73.02
-75.5
-77.99
-80.52
-83.1
-85.71
-87.89
-90.62
-93.25
-95.37
-98.15
-100.75
-103.08
-104.75
-104.85
-104.86
-104.51
-104.86
-104.86
-104.18
-104.87
-104.35
-101.13
-98.65
-96.11
-93.63
-91.02
-88.62
-86.09
-83.57
-81.06
-78.58
-75.71
-73.51
-70.99
-68.39
-65.87
-63.45
-60.94
-58.33
-55.89
-53.41
-50.71
-48.34
-45.76
-43.2
-40.64
-38.3
-35.53
-33.14
-30.72
-28.07
-25.57
-23.13
-20.67
-18
-15.49
-13.09
-10.34
-7.07
-3.69
-0.01
3.38
6.74
10.34
12.77
15.3
17.86
20.36
22.82
25.47
27.95
30.41
32.92
35.43
37.82
40.38
42.95
45.5
47.9
50.55
53.06
55.71
58.11
60.66
63.23
65.76
68.16
70.7
73.31
75.79
78.24
80.86
83.35
