144
62
83
151.18
160.73
162.44
156.48
150.04
154.58
154.11
162.81
140.58
150.52
144.27
164.23
153.16
156.29
154.49
145.12
154.87
154.58
145.12
149.76
172.84
146.07
152.6
136.14
136.33
137.65
140.01
154.58
145.97
154.39
143.52
141.34
151.65
136.99
149.76
148.62
146.35
149.29
145.31
143.89
144.37
150.14
151.65
147.3
155.53
131.03
147.58
140.87
159.22
140.49
148.81
144.46
154.39
152.12
152.31
148.53
174.92
167.17
188.64
158.84
143.42
158.37
163.19
797.89
907.92
913.88
1.82
2.34
1.91
2.17
2.43
3.12
2.08
1.56
2.95
1.91
1.82
3.55
0.17
-136.33
-125.76
-145.78
-177.85
-150.29
-149.77
-150.55
-144.22
-144.83
-145.69
-143.79
-142.4
-142.14
-144.57
-143.01
-136.33
-142.14
-135.47
-151.24
-119.95
-150.72
-145.09
-148.64
-151.67
-136.59
-138.41
-141.19
-132.34
-143.87
-129.66
-140.84
-133.65
-134.95
-151.76
-137.29
-135.73
-130.78
-138.93
-150.63
-132.78
-143.27
-140.15
-143.35
-158.69
-147.25
-145.52
-145.78
-141.88
-155.92
-141.36
-156.27
-146.91
-145.26
-149.77
-141.45
-148.99
-154.79
-160.86
-163.98
-151.5
-148.12
-144.74
-140.67
-150.81
-143.7
61.73
59.17
56.62
54.2
51.55
49.03
46.59
43.99
41.49
39.04
36.69
34
31.56
29.09
26.49
23.97
21.34
18.89
16.4
13.92
11.58
8.42
4.97
1.49
-1.99
-5.53
-9.31
-11.74
-14.36
-17.1
-19.14
-21.98
-24.59
-27.09
-29.51
-32.18
-34.65
-36.91
-39.56
-42.23
-44.61
-47.18
-49.8
-52.3
-54.44
-57.46
-59.86
-62.23
-64.93
-67.49
-69.92
-72.09
-74.99
-77.48
-79.75
-82.62
-85.04
-87.54
-90.09
-92.69
-95.09
-97.68
-100.17
-102.11
-102.37
-102.33
-102.37
-102.34
-102.32
-102.35
-102.34
-101.03
-98.13
-95.68
-93.12
-90.53
-88.08
-85.62
-82.96
-80.59
-78.06
-75.41
-72.94
-70.52
-67.83
-65.41
-62.87
-60.34
-57.77
-55.35
-52.71
-50.24
-47.72
-45.27
-42.64
-40.19
-37.67
-35.14
-32.55
-30.16
-27.54
-25.13
-22.59
-19.97
-17.5
-15.03
-12.4
-9.94
-6.39
-2.75
0.72
4.03
7.78
10.78
13.3
15.95
18.39
20.85
23.36
26
28.45
30.93
33.52
35.91
38.41
41.03
43.48
45.96
48.64
51.11
53.59
56.27
58.77
61.13
63.63
66.32
68.77
71.21
73.88
76.38
78.79
81.43
83.93
86.36
