144
62
83
138.22
156.19
157.52
160.35
166.03
155.53
141.15
150.42
142.47
155.06
147.2
153.45
143.61
156.76
146.64
144.08
148.81
146.83
144.74
146.54
128.66
137.93
145.5
144.56
143.23
129.14
143.8
147.39
145.22
154.49
133.2
135
146.07
144.18
156.95
141.81
126.49
151.18
146.35
156
143.8
140.3
143.89
149.48
141.34
137.08
147.58
146.16
162.63
149.1
149.95
139.35
149.29
156.38
151.84
155.81
179.56
164.71
199.05
153.83
145.5
159.6
166.79
924.57
921.64
921.07
3.03
3.21
4.16
3.38
1.91
2.69
4.94
3.21
3.38
1.47
-0.17
3.81
3.47
-137.55
-132.95
-137.11
-160.95
-159.39
-143.61
-156.7
-136.25
-138.85
-140.67
-138.15
-136.59
-142.57
-134.43
-146.21
-135.21
-139.45
-135.9
-151.85
-143.01
-149.16
-148.29
-140.32
-141.1
-135.9
-135.47
-141.36
-135.99
-136.42
-124.89
-140.32
-141.45
-130.09
-142.75
-137.63
-139.28
-135.73
-127.23
-143.35
-135.99
-137.89
-146.39
-137.63
-155.14
-144.57
-146.65
-151.93
-133.56
-150.55
-137.98
-142.75
-150.72
-140.15
-102.1
-139.71
-149.42
-152.63
-154.71
-155.23
-150.11
-139.8
-147.69
-146.3
-138.85
-134.51
58.39
56.08
53.52
50.8
48.34
45.87
43.22
40.71
38.28
35.64
33.16
30.97
28.15
25.69
23.36
20.56
18.15
15.63
13.05
10.54
7.33
3.81
0.28
-3.13
-6.12
-10.17
-12.64
-15.14
-17.71
-20.27
-22.72
-25.3
-27.84
-30.29
-32.82
-35.35
-37.87
-40.39
-42.92
-45.35
-47.97
-50.48
-52.98
-55.54
-58.06
-60.57
-62.97
-65.61
-68.11
-70.6
-73.16
-75.64
-78.18
-80.71
-83.27
-85.74
-88.23
-90.76
-93.24
-95.86
-98.34
-100.78
-103.39
-104.81
-104.85
-104.88
-104.81
-104.83
-104.83
-104.8
-104.85
-104.39
-101.5
-98.83
-96.24
-93.76
-91.27
-88.83
-86.21
-83.9
-81.11
-78.66
-76.22
-73.71
-71.09
-68.69
-66.12
-63.52
-61.05
-58.57
-55.95
-53.49
-50.99
-48.37
-45.87
-43.52
-40.77
-38.35
-35.8
-33.17
-30.72
-28.35
-25.86
-23.19
-20.66
-18.27
-15.61
-13.17
-10.63
-7.16
-3.68
-0.46
3.32
6.66
10.05
12.71
15.23
17.67
20.28
22.76
25.23
27.84
30.35
32.71
35.3
37.8
40.3
42.83
45.36
47.81
50.45
52.96
55.52
57.98
60.54
63.04
65.51
68.09
70.61
73.12
75.72
78.12
80.71
83.25
