140
58
83
153.54
158.18
161.11
156.19
157.04
164.52
157.61
160.83
142.29
152.12
151.37
164.9
159.6
159.41
152.41
149.1
159.12
155.91
143.23
151.75
136.99
149.76
156.19
140.2
137.37
147.77
142.38
162.34
148.25
156
149.76
149.38
160.45
135.85
151.37
150.14
153.26
157.23
152.22
144.84
145.88
155.15
156.57
146.35
159.03
134.15
147.77
145.69
156.85
139.73
149.19
150.7
150.99
155.06
155.44
144.37
178.9
171.71
190.25
162.15
154.87
159.31
166.5
672.64
778.59
775.95
0.78
0.17
-0.61
-1.73
0.35
44.2
-0.95
4.33
-3.29
-1.91
0.17
-1.91
-1.56
-148.81
-135.64
-152.8
-193.53
-157.74
-163.55
-157.05
-150.98
-155.4
-152.97
-147.43
-147.08
-150.81
-159.04
-139.19
-142.49
-146.39
-147.77
-162.68
-162.07
-162.94
-158.26
-156.96
-160.08
-146.21
-146.91
-158.09
-150.2
-156.53
-144.39
-155.49
-143.35
-144.74
-161.21
-146.13
-146.65
-142.05
-147.95
-157.39
-142.83
-152.8
-143.96
-158
-164.85
-150.11
-156.09
-150.29
-150.2
-167.62
-145.95
-163.29
-154.45
-152.37
-156.7
-153.75
-163.37
-161.81
-170.22
-167.19
-153.15
-156.53
60.79
58.64
55.86
53.24
50.88
48.26
45.76
43.19
40.73
38.2
35.57
33.2
30.74
28.11
25.69
23.14
20.47
18.27
15.62
12.95
10.53
7.28
3.66
0.35
-3.11
-6.65
-10.23
-12.74
-15.23
-17.94
-20.13
-22.85
-25.42
-27.71
-30.32
-33.03
-35.37
-37.93
-40.55
-43.03
-45.46
-48.06
-50.61
-53.07
-55.56
-58.25
-60.39
-63.12
-65.79
-68.05
-70.66
-73.37
-75.71
-78.27
-80.89
-83.27
-85.77
-88.35
-90.92
-93.4
-95.86
-98.54
-100.91
-102.75
-103.13
-102.91
-103.07
-103.13
-102.88
-103.07
-103.08
-101.84
-98.66
-96.08
-93.31
-91.04
-88.58
-85.98
-83.5
-81.11
-78.3
-75.98
-73.49
-70.9
-68.33
-65.98
-63.33
-60.82
-58.35
-55.8
-53.24
-50.75
-48.22
-45.68
-43.18
-40.66
-37.93
-35.66
-33.16
-30.38
-28.08
-25.65
-22.87
-20.48
-18.06
-15.4
-12.9
-10.52
-6.98
-3.44
-0.05
3.34
6.98
10.28
12.78
15.54
17.9
20.32
23.2
25.45
27.92
30.62
32.97
35.37
38
40.51
42.95
45.45
48.07
50.51
53.1
55.69
58.14
60.62
63.48
65.74
68.16
70.88
73.36
75.76
