144
62
83
146.45
161.3
156.76
150.89
156.95
155.44
155.15
156.48
148.15
148.62
140.2
158.37
146.26
153.45
146.83
135.38
148.81
147.58
140.87
145.41
131.22
144.56
153.07
135.57
146.07
134.15
140.49
150.04
143.23
157.14
135.1
135.95
146.83
139.16
154.58
141.06
129.32
150.89
145.03
147.11
140.01
140.11
150.99
141.62
148.15
131.22
144.93
142.1
154.87
140.3
145.69
145.31
148.43
150.61
150.23
143.42
176.15
167.07
196.4
152.79
141.72
158.18
159.22
823.06
915.87
913.88
-4.42
-2.86
-1.13
-6.33
-0.78
-0.69
-4.33
-0.17
-0.87
-1.56
-4.51
-1.65
-1.47
-141.1
-125.93
-149.94
-177.85
-153.15
-144.05
-156.96
-146.82
-142.14
-148.03
-143.18
-140.32
-147.17
-143.09
-145.87
-138.85
-144.05
-137.89
-154.62
-147.86
-152.02
-146.21
-142.75
-149.33
-138.76
-137.81
-143.35
-137.29
-143.53
-128.79
-143.44
-131.74
-136.42
-150.11
-136.85
-138.33
-132.17
-133.04
-150.63
-131.3
-141.27
-141.71
-144.05
-149.85
-146.65
-145.17
-145.35
-139.37
-159.65
-142.23
-155.31
-146.47
-143.18
-150.89
-145
-152.45
-152.8
-145.61
-166.06
-154.36
-148.21
-146.13
-144.22
-145.95
-147.08
60.53
58.06
55.39
52.96
50.44
47.76
45.33
42.88
40.23
37.76
35.37
32.86
30.31
27.83
25.38
22.65
20.27
17.78
15.1
12.66
10.24
6.63
3.26
-0.15
-3.77
-7.31
-10.51
-13.2
-15.65
-18.16
-20.72
-23.27
-25.67
-28.34
-30.77
-33.22
-35.87
-38.35
-40.82
-43.27
-45.91
-48.4
-50.85
-53.46
-55.98
-58.44
-61
-63.55
-66.03
-68.52
-71.09
-73.6
-76.04
-78.61
-81.2
-83.82
-86.04
-88.69
-91.33
-93.53
-96.27
-98.89
-101.14
-102.91
-103.12
-103.13
-102.78
-103.05
-103.11
-102.85
-103.06
-102.28
-99.15
-96.57
-93.94
-91.5
-88.92
-86.47
-83.98
-81.27
-78.86
-76.41
-73.82
-71.32
-68.82
-66.36
-63.6
-61.31
-58.74
-56.11
-53.71
-51.22
-48.57
-46.17
-43.61
-41.23
-38.47
-36.16
-33.52
-30.97
-28.52
-26.09
-23.38
-20.92
-18.49
-16.01
-13.34
-10.94
-7.7
-4.09
-0.64
2.7
6.43
9.83
12.32
15
17.48
19.88
22.55
24.99
27.51
30.1
32.62
34.97
37.57
40.07
42.53
45
47.64
50.08
52.65
55.22
57.77
60.17
62.77
65.31
67.76
70.38
72.88
75.37
77.98
80.42
82.92
85.52
