144
62
82
157.61
144.65
154.96
158.56
163.76
172.27
158.65
140.3
145.69
147.96
158.08
149.66
158.08
144.56
166.22
153.83
148.25
149.57
143.61
151.84
147.58
133.49
141.81
137.84
148.06
153.26
134.15
147.2
144.65
141.53
154.3
135
147.2
136.61
145.03
156.67
143.7
133.01
142.76
145.97
157.42
144.37
150.7
140.2
154.3
138.03
140.58
147.02
157.14
149.1
152.31
150.23
141.62
151.65
153.45
149.48
159.6
173.79
172.27
190.53
150.52
145.69
157.8
317.02
883.23
878.97
-0.35
2.6
5.55
-0.43
1.91
7.28
0.26
1.82
0.69
0.69
2.08
0.95
-123.76
-140.23
-125.84
-157.05
-176.29
-146.82
-156.44
-145.78
-139.63
-142.05
-141.19
-139.37
-145.43
-142.14
-148.55
-138.93
-142.31
-137.2
-140.41
-149.94
-155.23
-152.02
-146.56
-152.97
-143.96
-137.29
-142.23
-137.2
-145
-137.2
-139.37
-140.93
-132.69
-148.29
-141.79
-138.24
-137.89
-126.54
-145.52
-137.98
-139.28
-152.19
-136.77
-145
-145
-140.49
-156.7
-139.11
-141.27
-140.84
-140.41
-157.91
-144.65
-141.79
-139.37
-152.54
-161.9
-157.31
-157.31
-150.03
-152.37
-157.48
-148.03
-132.17
-136.07
-152.19
63
60.45
57.89
55.42
52.86
50.32
47.8
45.34
42.78
40.28
37.8
35.25
32.79
30.31
27.77
25.24
22.7
20.23
17.69
15.19
12.63
10.11
6.72
3.19
-0.25
-3.68
-7.4
-10.6
-13.1
-15.7
-18.17
-20.66
-23.21
-25.76
-28.21
-30.69
-33.22
-35.77
-38.23
-40.89
-43.29
-45.8
-48.41
-50.88
-53.4
-56.06
-58.47
-60.96
-63.62
-66.08
-68.48
-71.15
-73.6
-76.06
-78.75
-81.23
-83.61
-86.15
-88.75
-91.23
-93.71
-96.35
-98.78
-101.19
-102.24
-102.19
-102.07
-102.22
-102.18
-102.15
-101.93
-99.57
-96.99
-94.41
-91.91
-89.43
-86.83
-84.4
-82
-79.34
-76.81
-74.34
-71.75
-69.31
-66.8
-64.19
-61.73
-59.25
-56.38
-54.13
-51.65
-48.74
-46.56
-44.1
-41.53
-38.99
-36.52
-34.01
-31.33
-28.93
-26.52
-23.66
-21.39
-18.94
-16.39
-13.8
-11.38
-8.29
-4.45
-1.24
2.21
6.04
9.18
11.96
14.46
16.97
19.51
22.04
24.87
27.03
29.61
32.16
34.55
37.08
39.55
42.21
44.58
47.14
49.69
52.2
54.74
57.38
59.83
62.29
64.77
67.42
69.84
72.38
75.05
77.44
79.91
82.5
85.06
87.48
