144
62
83
145.12
155.53
156.85
157.99
162.06
158.18
142.19
158.37
147.96
152.22
143.52
157.23
148.25
167.54
150.8
141.15
151.75
146.35
141.34
149.76
133.3
146.26
152.22
142.95
149.57
134.62
142.19
153.26
145.03
155.15
137.65
137.65
151.18
149.48
156.48
142.95
133.3
158.27
147.77
150.89
145.03
145.12
147.2
153.73
147.87
134.91
148.34
147.11
165.84
144.08
147.58
142.38
152.88
154.68
157.71
149.76
177.67
178.05
196.21
155.81
143.52
161.02
164.52
931.38
921.64
919.27
8.06
4.16
1.65
9.1
4.33
1.04
4.16
5.63
3.29
3.29
0.78
2.17
0.87
-135.64
-132.17
-143.09
-161.29
-154.97
-143.87
-156.09
-139.54
-138.33
-149.33
-138.41
-142.49
-141.97
-137.46
-144.65
-136.68
-143.27
-135.47
-152.37
-145
-131.04
-152.97
-142.4
-146.3
-138.93
-138.15
-146.91
-132.95
-143.87
-130.09
-144.48
-139.8
-134.25
-142.66
-137.29
-137.81
-126.8
-131.56
-149.16
-139.97
-136.07
-146.04
-140.23
-155.92
-144.39
-148.81
-149.94
-137.89
-154.01
-141.97
-146.56
-146.91
-141.53
-147.43
-138.93
-148.29
-117.26
-154.19
-156.7
-143.44
-141.53
-148.12
-144.13
-145.87
-138.07
58.62
56.19
53.54
51
48.53
45.96
43.49
40.94
38.51
35.91
33.43
30.96
28.45
25.96
23.4
20.83
18.39
15.85
13.31
10.84
7.67
4.05
0.67
-2.78
-6.27
-9.85
-12.43
-14.97
-17.48
-20
-22.45
-25.12
-27.54
-30.04
-32.63
-35.06
-37.6
-40.15
-42.69
-45.15
-47.75
-50.25
-52.66
-55.32
-57.82
-60.3
-62.88
-65.42
-67.82
-70.44
-72.9
-75.39
-77.96
-80.46
-83.02
-85.54
-88.05
-90.54
-93.03
-95.58
-98.07
-100.54
-103.11
-104.73
-104.76
-104.71
-104.72
-104.8
-104.7
-104.72
-104.78
-104.15
-101.19
-98.61
-95.98
-93.49
-91
-88.42
-85.9
-83.59
-81.02
-78.41
-75.88
-73.47
-70.82
-68.36
-65.86
-63.29
-60.74
-58.33
-55.68
-53.22
-50.71
-48.14
-45.62
-43.18
-40.59
-38.13
-35.5
-33.01
-30.55
-28.11
-25.57
-23
-20.48
-17.99
-15.38
-12.94
-10.33
-6.87
-3.45
-0.05
3.62
6.94
10.36
12.9
15.42
17.84
20.83
22.99
25.43
27.95
30.56
32.99
35.43
38.17
40.54
42.94
45.89
48.03
50.55
53.18
55.72
58.15
60.7
63.48
65.78
68.26
71
73.35
75.88
78.32
80.89
83.44
