146
64
84
146.92
152.6
131.97
150.42
152.12
152.12
163
147.3
130.18
137.74
140.2
142.85
137.74
146.45
135.95
157.14
140.58
135.47
137.93
133.3
142.85
139.26
126.77
133.49
130.74
137.65
144.65
123.08
136.8
131.41
135.85
142.38
122.7
129.32
123.18
130.46
141.43
129.42
119.3
129.61
139.54
142
135
138.5
134.91
140.11
130.46
132.07
134.24
146.35
144.27
141.43
140.77
136.51
142.19
149
146.35
154.39
170.67
167.07
188.83
144.84
137.18
151.08
195.83
868
863.83
863.08
-0.09
-0.09
-1.13
-0.87
-0.43
-0.52
-1.39
-0.69
-0.95
-0.87
-0.78
0.78
-1.56
-137.72
-132.78
-132.43
-159.91
-161.03
-140.67
-155.14
-137.03
-140.58
-139.54
-137.63
-133.99
-144.05
-133.47
-130.78
-130.87
-141.62
-124.54
-145.61
-139.54
-142.31
-145.52
-136.77
-140.84
-132.34
-132.08
-136.25
-138.15
-131.48
-123.59
-132.17
-133.82
-130.96
-141.01
-135.21
-139.19
-134.08
-121.86
-143.35
-134.08
-135.9
-150.03
-132.78
-148.64
-142.05
-144.31
-149.51
-126.97
-148.03
-138.67
-138.41
-156.79
-137.03
-138.41
-136.94
-147.08
-155.75
-149.94
-152.71
-148.73
-138.85
-154.1
-147.51
-139.63
-137.29
65.29
62.85
60.64
57.77
55.3
52.81
50.2
47.66
45.21
42.61
40.14
37.69
35.05
32.61
30.21
27.59
25.09
22.56
20.04
17.53
15.03
12.46
9.94
6.47
3.03
-0.54
-3.93
-7.5
-10.78
-13.26
-15.74
-18.33
-20.86
-23.4
-25.91
-28.41
-30.87
-33.46
-35.98
-38.41
-40.96
-43.49
-46.02
-48.54
-51.08
-53.58
-56.11
-58.68
-61.11
-63.61
-66.28
-68.67
-71.16
-73.81
-76.3
-78.73
-81.41
-83.9
-86.32
-88.77
-91.38
-93.87
-96.51
-98.95
-101.39
-102.57
-102.56
-102.58
-102.57
-102.59
-102.61
-102.57
-102.58
-102.34
-99.55
-96.77
-94.26
-91.75
-89.16
-86.73
-84.28
-81.76
-79.2
-76.72
-74.21
-71.63
-69.13
-66.67
-63.99
-61.58
-59.12
-56.44
-54.03
-51.59
-48.83
-46.43
-43.93
-41.31
-38.78
-36.39
-33.88
-31.2
-28.83
-26.43
-23.68
-21.21
-18.81
-16.12
-13.62
-11.25
-7.87
-4.46
-1.06
2.59
6.01
9.34
12.22
14.64
17.18
19.73
22.31
24.73
27.32
29.86
32.29
34.63
37.35
39.74
42.21
44.82
47.39
49.72
52.42
54.96
57.46
60.02
62.52
64.99
67.6
70.11
72.56
75.17
77.68
80.15
82.72
85.25
