140
58
83
154.87
159.03
159.69
160.35
152.69
160.26
155.15
162.34
139.73
150.14
153.26
169.44
158.46
155.15
154.02
153.54
159.12
158.56
145.03
147.49
141.72
154.02
155.34
144.18
142.66
142.57
139.54
163.1
147.39
153.73
152.79
149.29
167.83
140.2
148.06
150.04
148.72
157.23
150.61
145.97
145.97
155.25
157.8
150.61
159.12
133.68
147.02
145.41
159.69
139.26
151.27
146.83
152.03
149.95
151.27
142.47
174.36
165.27
189.87
161.3
147.49
156.76
163.95
741.89
871.78
870.65
-3.03
0.95
0.61
-4.51
0.09
1.56
-1.73
-1.47
1.82
0.69
0.95
1.04
-2.34
-139.71
-127.66
-151.41
-187.99
-153.75
-157.91
-151.67
-145.26
-152.11
-148.64
-144.05
-147.17
-146.04
-149.42
-147.6
-138.24
-143.7
-137.37
-157.48
-155.49
-158.35
-152.45
-152.19
-153.93
-142.66
-142.83
-144.65
-147.34
-153.84
-139.45
-145.95
-140.15
-145.61
-157.57
-141.45
-140.41
-136.68
-146.39
-151.24
-136.07
-146.99
-141.97
-148.38
-155.14
-147.34
-151.85
-147.86
-146.04
-162.33
-123.42
-159.3
-152.89
-147.69
-152.97
-147.95
-156.18
-158.09
-166.49
-165.28
-154.97
-153.67
60.62
58.29
55.59
53.05
50.51
47.97
45.45
43.02
40.38
37.91
35.45
32.87
30.44
27.95
25.37
22.82
20.35
17.78
15.24
12.87
10.21
6.82
3.47
-0.02
-3.6
-7.07
-10.34
-13.07
-15.52
-17.97
-20.6
-23.1
-25.52
-28.26
-30.61
-33.1
-35.72
-38.27
-40.71
-43.32
-45.76
-48.27
-50.66
-53.39
-55.84
-58.34
-60.87
-63.45
-65.85
-68.57
-70.98
-73.45
-76.09
-78.58
-80.89
-83.54
-86.07
-88.58
-91.02
-93.77
-95.96
-98.63
-101.26
-102.76
-103.42
-103.49
-103.16
-103.41
-103.38
-103.05
-103.4
-102.12
-98.88
-96.44
-93.97
-91.32
-88.77
-86.43
-83.64
-81.37
-78.84
-76.17
-73.75
-71.32
-68.58
-66.23
-63.75
-61.08
-58.6
-56.22
-53.47
-51.06
-48.57
-46.16
-43.46
-41.03
-38.51
-35.93
-33.36
-30.98
-28.32
-25.93
-23.39
-20.73
-18.3
-15.87
-13.35
-10.73
-7.5
-4.13
-0.37
2.91
6.36
10
12.47
14.91
17.64
20.02
22.48
25.18
27.61
30.08
32.53
35.09
37.54
40.07
42.63
45.09
47.63
50.17
52.73
55.25
57.86
60.23
62.82
65.42
67.87
70.38
73.02
75.48
