140
58
83
145.79
159.31
160.07
156.38
161.77
160.07
150.61
160.35
147.68
155.62
144.08
158.08
151.27
157.8
149.19
138.88
152.31
144.37
142
144.84
132.73
144.56
146.54
142
149.85
133.11
141.34
152.98
144.37
158.27
135.66
137.08
147.3
144.08
157.23
145.12
133.68
158.84
151.65
155.81
145.6
148.34
151.18
153.92
166.79
136.61
150.33
146.16
161.87
146.92
152.12
146.73
154.49
154.49
157.33
151.75
181.26
176.82
197.44
161.49
148.62
163.57
164.8
806.5
872.16
868.85
5.03
0.95
-1.73
-0.52
0.26
-2.08
-1.56
0.09
-1.13
-0.52
-1.04
-0.26
-1.3
-144.74
-139.02
-153.06
-181.4
-164.15
-149.42
-162.59
-148.99
-139.02
-153.06
-146.91
-143.61
-154.36
-144.65
-153.32
-143.79
-149.16
-140.58
-161.21
-153.84
-157.22
-155.66
-148.73
-155.4
-148.64
-145.52
-151.24
-140.15
-146.39
-130
-151.41
-136.94
-139.37
-155.23
-140.84
-139.97
-138.15
-139.63
-156.79
-133.82
-142.14
-144.57
-146.56
-163.37
-149.07
-152.28
-153.41
-144.48
-164.15
-145.61
-156.27
-149.94
-149.59
-149.94
-148.99
-159.82
-159.39
-163.11
-169.61
-156.7
-151.24
60.34
57.79
55.28
52.78
50.15
47.67
45.19
42.62
40.11
37.63
35.02
32.64
30.19
27.55
25.11
22.58
20.09
17.49
15.02
12.49
9.89
6.45
3.03
-0.58
-3.86
-7.47
-10.8
-13.32
-15.76
-18.36
-20.87
-23.36
-25.9
-28.49
-30.86
-33.44
-35.97
-38.5
-41
-43.53
-46.01
-48.58
-51.12
-53.63
-56.12
-58.64
-61.13
-63.7
-66.17
-68.78
-71.25
-73.8
-76.28
-78.8
-81.37
-83.85
-86.38
-88.88
-91.31
-93.97
-96.45
-98.95
-101.49
-103.07
-103.3
-103.04
-103.25
-103.26
-103.14
-103.19
-103.29
-102.61
-99.37
-96.78
-94.24
-91.67
-89.23
-86.72
-84.09
-81.81
-79.18
-76.56
-74.06
-71.63
-69.1
-66.51
-64.02
-61.55
-58.9
-56.53
-53.96
-51.35
-48.88
-46.38
-43.73
-41.39
-38.78
-36.27
-33.7
-31.26
-28.78
-26.25
-23.66
-21.13
-18.6
-16.18
-13.64
-11.09
-7.92
-4.46
-0.79
2.51
5.98
9.6
12.18
14.65
17.41
19.71
22.28
24.75
27.33
29.84
32.42
34.77
37.32
39.79
42.38
44.84
47.39
49.91
52.51
54.95
57.52
60.03
62.53
65.07
67.65
70.27
72.68
75.21
