140
58
82
157.04
153.35
150.99
155.15
147.58
164.14
154.3
155.62
141.34
150.89
154.21
157.99
159.03
147.39
157.14
139.45
156.57
156.19
141.91
145.79
140.96
152.69
153.83
138.6
141.91
148.34
139.07
164.14
143.04
152.5
152.41
143.7
160.07
140.2
146.35
153.92
150.8
157.61
147.96
143.61
152.98
153.54
159.6
141.24
154.02
136.8
152.12
162.44
161.87
142.85
151.08
152.98
156.85
154.39
156.85
142.95
177.57
170.67
187.88
162.91
155.91
161.96
165.84
679.92
879.16
873.96
-1.47
-1.21
-3.21
-1.82
-0.87
-1.13
0
-1.04
-0.69
-1.3
-0.78
-0.26
-148.55
-150.46
-133.04
-156.79
-194.75
-156.53
-157.22
-152.45
-148.73
-156.27
-149.68
-147.69
-148.9
-150.63
-162.07
-149.25
-143.7
-148.99
-145.95
-167.62
-163.81
-158.43
-154.1
-163.2
-156.7
-148.9
-149.59
-148.29
-156.61
-157.65
-144.31
-152.02
-145.43
-150.72
-161.55
-147.17
-146.39
-140.23
-148.21
-156.27
-142.57
-144.13
-145.26
-147.51
-161.64
-150.98
-159.47
-151.41
-150.11
-162.16
-143.7
-171.78
-150.03
-145.87
-155.83
-154.62
-161.47
-161.55
-163.81
-163.03
-155.83
-158.43
61.09
58.81
56.13
53.53
51.29
48.58
45.93
43.5
40.97
38.53
35.88
33.49
31.03
28.4
26.17
23.48
20.85
18.42
15.9
13.28
10.97
7.67
4.14
0.63
-2.66
-6.24
-9.89
-12.37
-14.9
-17.56
-19.81
-22.52
-25.11
-27.46
-30.01
-32.64
-34.86
-37.63
-40.24
-42.75
-45.1
-47.69
-50.24
-52.51
-55.23
-57.92
-60.06
-62.84
-65.42
-67.89
-70.37
-73
-75.4
-77.96
-80.62
-83.1
-85.42
-88.18
-90.58
-93.06
-95.56
-98.21
-100.54
-102.71
-103.19
-102.85
-103.2
-103.2
-103.08
-103.17
-103.18
-101.46
-98.4
-95.94
-93.28
-90.83
-88.35
-85.83
-83.3
-80.89
-78.21
-75.71
-73.31
-70.67
-68.17
-65.7
-63.13
-60.67
-58.09
-55.59
-53.05
-50.49
-48.1
-45.47
-42.84
-40.54
-37.89
-35.27
-32.89
-30.33
-27.84
-25.42
-22.82
-20.3
-17.74
-15.26
-12.76
-10.23
-6.79
-3.16
0.19
3.65
7.24
10.44
13
15.55
18.05
20.56
23.11
25.57
28.16
30.71
33.1
35.69
38.14
40.67
43.25
45.68
48.23
50.91
53.3
55.84
58.52
60.81
63.38
65.88
68.4
70.96
73.46
76.05
