140
58
82
150.42
160.17
160.73
157.42
153.16
159.31
156.1
161.68
140.01
152.41
153.26
164.71
157.71
156.48
153.64
142.38
155.62
158.18
144.37
149.29
140.2
148.43
153.83
141.34
139.16
140.39
141.91
159.6
146.45
152.79
151.08
144.08
159.98
136.42
148.43
146.83
152.03
154.68
155.34
146.26
146.07
153.16
158.75
146.45
158.27
138.41
146.45
151.84
159.12
140.49
150.52
151.93
155.34
148.15
155.15
146.54
179.37
169.82
190.53
162.06
151.27
159.98
161.49
728.08
882.85
881.24
-0.61
-0.09
-2.69
0.52
0.52
-2.69
0.95
-0.69
1.04
0.09
0.35
-4.51
-110.33
-146.91
-133.47
-154.71
-194.75
-156.96
-162.42
-153.06
-148.03
-156.27
-149.07
-148.38
-148.03
-148.64
-155.66
-149.77
-137.37
-145.61
-136.25
-156.18
-157.91
-158.52
-153.67
-154.71
-155.75
-145.43
-144.31
-147.77
-147.77
-152.37
-139.11
-151.24
-140.93
-144.83
-156.35
-141.71
-139.11
-138.07
-144.74
-151.24
-137.03
-148.29
-141.27
-149.94
-162.07
-148.9
-152.45
-147.86
-149.25
-165.71
-142.92
-158.95
-153.23
-147.08
-153.67
-149.42
-159.91
-158
-166.41
-158.87
-156.27
-156.27
60.83
58.39
55.71
53.28
50.73
48.17
45.63
43.22
40.68
38.11
35.64
33.17
30.63
28.18
25.66
23
20.68
18.08
15.56
13
10.51
7.07
3.7
0.19
-3.2
-6.68
-10.19
-12.76
-15.3
-17.86
-20.31
-22.89
-25.37
-28
-30.38
-32.93
-35.42
-38.01
-40.47
-43.06
-45.44
-48.12
-50.54
-53.08
-55.69
-58.22
-60.6
-63.24
-65.72
-68.29
-70.76
-73.31
-75.75
-78.42
-80.84
-83.41
-85.84
-88.45
-90.86
-93.39
-95.97
-98.48
-100.86
-102.98
-103.26
-103.3
-103.25
-103.25
-103.25
-103.29
-103.26
-102.1
-98.81
-96.28
-93.73
-91.18
-88.68
-86.24
-83.59
-81.21
-78.6
-76.19
-73.61
-71.08
-68.53
-66.09
-63.56
-61.01
-58.43
-56.05
-53.42
-50.89
-48.41
-45.88
-43.27
-40.85
-38.27
-35.81
-33.19
-30.72
-28.27
-25.82
-23.14
-20.69
-18.17
-15.58
-13.13
-10.64
-7.11
-3.78
-0.3
3.28
6.74
10.1
12.75
15.17
17.71
20.23
22.77
25.27
27.86
30.31
32.85
35.36
37.8
40.34
42.92
45.33
47.8
50.41
52.98
55.42
58.06
60.55
63.01
65.58
68.09
70.57
73.22
75.67
