140
58
83
148.72
157.99
155.62
155.34
150.8
152.6
155.62
160.17
141.62
149.76
152.31
160.83
156.38
156.57
153.73
142.66
165.37
154.96
145.97
149.48
140.49
152.98
154.87
139.07
139.54
138.31
142
156.38
144.37
150.99
149.38
145.41
156.85
142.57
147.96
148.72
147.3
153.35
154.02
143.7
147.58
149.29
153.35
151.84
154.87
133.01
147.02
141.43
157.23
139.92
148.91
148.43
147.58
148.06
150.23
143.52
178.71
169.25
186.84
157.14
145.6
156.57
161.96
737.44
912.55
914.26
-0.35
-0.17
0.78
1.04
0.17
11.35
0.09
1.04
3.03
0.61
-1.65
-0.17
-15.08
-139.37
-125.24
-148.55
-184.78
-145.95
-155.05
-150.98
-144.48
-149.16
-146.47
-144.57
-143.09
-144.13
-151.33
-147.43
-137.72
-141.79
-133.3
-159.04
-153.58
-154.19
-148.29
-150.2
-150.46
-140.49
-141.53
-143.27
-144.05
-150.81
-135.12
-143.27
-139.02
-140.93
-155.83
-135.55
-138.41
-134.86
-145.17
-150.89
-135.81
-146.73
-139.54
-147.69
-161.38
-144.05
-148.03
-147.25
-147.69
-163.2
-139.71
-159.39
-151.07
-146.04
-148.55
-148.47
-126.19
-153.49
-163.37
-160.43
-154.71
-149.51
60.56
58.1
55.58
53.01
50.49
47.98
45.43
42.88
40.44
37.83
35.35
32.83
30.41
27.84
25.37
22.78
20.32
17.82
15.22
12.71
10.24
6.72
3.34
-0.15
-3.57
-7.25
-10.53
-13.04
-15.57
-18.09
-20.66
-23.23
-25.61
-28.16
-30.7
-33.17
-35.67
-38.33
-40.75
-43.21
-45.85
-48.35
-50.71
-53.5
-55.9
-58.39
-60.96
-63.51
-65.92
-68.64
-71
-73.54
-75.96
-78.63
-81.06
-83.57
-86.19
-88.66
-91.08
-93.77
-96.17
-98.68
-101.23
-103.22
-103.46
-103.48
-103.53
-103.46
-103.53
-103.56
-103.46
-102.39
-98.98
-96.5
-94
-91.43
-88.89
-86.49
-83.85
-81.44
-78.89
-76.34
-73.77
-71.27
-68.9
-66.24
-63.71
-61.35
-58.59
-56.24
-53.76
-51.08
-48.59
-46.19
-43.45
-41.09
-38.58
-35.97
-33.42
-31.03
-28.37
-25.95
-23.47
-21.03
-18.34
-15.96
-13.44
-10.83
-7.6
-4.19
-0.5
2.81
6.27
9.94
12.41
14.81
17.55
19.93
22.43
24.94
27.57
29.94
32.48
35.03
37.46
40
42.66
45.05
47.56
50.19
52.69
55.15
57.83
60.27
62.74
65.21
67.82
70.32
72.8
75.44
