145
63
82
149.48
158.75
143.89
157.52
152.03
164.42
169.34
151.84
138.12
145.41
145.97
150.89
145.69
152.22
136.04
157.61
144.27
140.68
146.26
134.24
144.08
144.37
125.63
138.6
136.23
142.85
145.69
131.22
147.58
139.07
137.08
151.27
130.36
145.12
126.77
139.73
142
140.01
127.53
130.74
138.69
145.6
141.53
148.34
140.2
150.14
134.43
137.55
136.23
154.58
137.08
147.39
146.73
157.14
143.8
149.57
140.39
175.4
169.15
171.14
178.14
154.58
141.53
156.19
373.12
892.4
914.73
3.73
9.53
4.51
5.03
2.77
3.47
2.69
3.81
0.35
3.29
5.03
5.03
-129.4
-132.6
-118.91
-152.28
-174.47
-140.75
-151.76
-139.54
-130.44
-143.27
-136.68
-131.39
-138.76
-135.29
-150.2
-134.34
-134.43
-130.09
-128.1
-145.35
-149.07
-141.01
-135.55
-141.53
-137.37
-129.22
-131.82
-131.56
-137.37
-133.91
-129.14
-135.81
-129.83
-139.71
-139.54
-130.52
-135.38
-121.42
-133.82
-136.68
-129.74
-144.13
-133.21
-132.78
-140.84
-136.85
-145
-131.04
-132.69
-143.27
-129.14
-151.93
-138.24
-130.7
-131.13
-144.65
-150.81
-146.04
-149.33
-143.09
-144.22
-148.9
-139.97
-126.19
-136.33
-142.49
64.92
62.29
59.79
57.32
54.71
52.19
49.76
47.17
44.63
42.16
39.59
37.12
34.58
32.14
29.64
27.12
24.57
22.06
19.56
17.02
14.51
12.01
9.18
5.87
2.28
-1.15
-4.63
-8.22
-11.23
-13.84
-16.27
-18.78
-21.47
-23.88
-26.39
-28.96
-31.37
-33.89
-36.52
-38.95
-41.47
-44.07
-46.56
-49.02
-51.52
-54.17
-56.67
-59.1
-61.71
-64.19
-66.67
-69.26
-71.75
-74.23
-76.84
-79.34
-81.83
-84.36
-86.9
-89.33
-91.91
-94.45
-96.97
-99.37
-101.94
-102.82
-102.79
-102.83
-102.84
-102.79
-102.81
-102.58
-100.49
-97.66
-95.24
-92.77
-90.1
-87.7
-85.21
-82.61
-80.11
-77.64
-74.98
-72.53
-70.09
-67.63
-64.95
-62.52
-60.06
-57.37
-54.91
-52.47
-49.8
-47.32
-44.9
-42.21
-39.77
-37.36
-34.65
-32.15
-29.73
-27.29
-24.64
-22.16
-19.55
-17.05
-14.6
-12.02
-9.3
-5.82
-2.36
1.24
4.63
8.07
11.2
13.74
16.18
18.76
21.33
23.78
26.37
28.9
31.33
33.87
36.32
38.84
41.37
43.88
46.41
48.86
51.44
53.97
56.47
59.04
61.54
64.06
66.62
69.11
71.67
74.19
76.71
79.17
81.81
84.27
86.76
