144
63
82
142.47
152.79
135
146.45
147.2
152.6
161.68
141.62
125.82
133.68
132.07
139.54
128.28
136.99
122.32
137.84
130.27
121.28
123.55
118.63
126.96
131.31
118.16
125.82
122.8
134.24
142.57
118.92
130.46
124.97
120.9
132.82
108.42
123.55
110.97
117.78
126.77
118.07
109.65
120.05
128
142.29
127.05
139.64
126.49
139.64
122.8
128.85
136.8
147.2
141.15
145.22
139.92
138.41
147.96
147.39
146.07
161.49
183.44
181.92
199.9
157.14
139.64
159.6
410.49
898.08
898.27
5.37
0.78
-6.07
0.87
-1.21
-3.55
1.73
0.87
-1.56
-1.99
0.87
-0.43
-142.14
-133.91
-135.9
-171.09
-193.62
-157.05
-160.43
-145.78
-140.58
-144.57
-135.38
-140.75
-139.97
-133.91
-146.47
-132.6
-135.81
-130.87
-134.95
-141.1
-144.74
-141.53
-133.91
-136.25
-130.09
-119.26
-124.54
-121.51
-127.32
-117
-115.7
-124.63
-114.14
-130.7
-131.48
-130.87
-128.18
-114.92
-135.29
-127.58
-123.33
-138.93
-124.02
-128.36
-129.92
-131.56
-143.44
-122.64
-128.18
-129.83
-129.05
-147.34
-134.95
-132.52
-134.51
-146.39
-153.41
-150.46
-150.98
-144.05
-146.73
-152.28
-144.83
-131.48
-133.04
39.9
37.35
34.86
32.38
29.78
27.23
24.79
22.22
19.74
17.2
14.71
12.1
9.54
6.17
2.58
-0.79
-4.21
-7.89
-10.88
-13.4
-16.03
-18.49
-20.96
-23.6
-26.11
-28.5
-30.99
-33.74
-36.23
-38.65
-41.34
-43.76
-46.26
-48.91
-51.39
-53.77
-56.41
-58.89
-61.4
-63.92
-66.52
-68.9
-71.44
-74.01
-76.53
-79
-81.68
-84.1
-86.61
-89.21
-91.7
-94.11
-96.51
-99.23
-101.73
-104.07
-106.81
-109.25
-111.94
-114.33
-116.81
-119.52
-121.69
-124.33
-127.02
-127.79
-128
-128.09
-128.07
-127.52
-128
-127.69
-124.87
-122.4
-119.97
-117.28
-114.9
-112.36
-109.88
-107.39
-104.84
-102.34
-99.67
-97.25
-94.75
-92.29
-89.68
-87.22
-84.75
-82.08
-79.68
-77.18
-74.48
-72.02
-69.61
-66.94
-64.44
-62.04
-59.49
-56.88
-54.41
-52.02
-49.35
-46.83
-44.45
-41.73
-39.28
-36.82
-34.17
-31.64
-29.12
-26.59
-24.08
-21.62
-18.99
-16.48
-14.03
-11.41
-8.54
-5.12
-1.54
1.92
5.36
8.87
11.63
14.13
16.6
19.2
21.67
24.15
26.77
29.27
31.8
34.47
36.89
39.36
42.06
44.43
46.92
49.57
52.06
54.46
57.15
59.62
