144
62
83
145.12
157.89
158.84
157.04
162.44
156.76
143.61
156.76
145.03
149.1
142.95
157.14
146.16
153.64
148.15
137.46
147.96
144.08
140.01
143.8
132.07
141.53
146.07
139.45
147.96
132.45
137.37
150.14
143.42
153.83
133.68
136.42
145.69
138.97
155.25
139.45
130.74
149.76
146.45
148.62
141.15
139.64
149.19
143.23
144.27
131.5
148.53
142.85
160.35
145.6
149.1
139.16
150.8
153.45
153.54
147.96
178.9
168.49
194.89
158.08
142.29
157.8
157.61
904.42
909.34
908.96
-2.25
-1.39
-1.3
-1.3
-3.21
-1.65
-2.08
-3.81
-3.21
-2.25
-3.03
-1.39
-2.25
-131.82
-130
-145.26
-167.71
-157.31
-150.03
-156.7
-145.35
-141.01
-147.86
-143.53
-148.12
-145.78
-139.63
-150.03
-139.28
-146.56
-140.06
-153.84
-146.56
-152.8
-154.45
-144.74
-147.95
-138.33
-137.89
-144.05
-137.11
-143.01
-129.48
-146.39
-132.26
-135.55
-145.61
-139.8
-139.71
-136.68
-133.47
-151.24
-132.43
-137.46
-144.13
-141.36
-157.31
-142.31
-149.77
-147.08
-141.19
-156.09
-141.01
-150.37
-146.47
-145.52
-151.41
-114.32
-152.54
-155.49
-162.33
-163.29
-153.06
-149.42
-149.25
-145.09
-147.77
-140.84
60.41
57.83
55.34
52.84
50.19
47.7
45.25
42.61
40.18
37.68
35.06
32.7
30.25
27.62
25.16
22.66
20.1
17.56
15.1
12.49
9.97
6.56
3
-0.47
-3.82
-7.54
-10.73
-13.21
-15.75
-18.36
-20.78
-23.37
-25.88
-28.4
-30.79
-33.42
-35.91
-38.38
-40.95
-43.5
-46
-48.51
-51.02
-53.57
-56.09
-58.64
-61.07
-63.67
-66.17
-68.71
-71.17
-73.71
-76.24
-78.77
-81.3
-83.81
-86.26
-88.82
-91.3
-93.87
-96.34
-98.84
-101.38
-102.95
-103.03
-103.08
-103.08
-103.05
-103.07
-103.08
-102.92
-102.54
-99.55
-96.71
-94.21
-91.78
-89.17
-86.65
-84.18
-81.76
-79.07
-76.65
-74.04
-71.55
-69.01
-66.53
-63.99
-61.5
-59
-56.45
-53.91
-51.49
-48.8
-46.39
-43.82
-41.35
-38.74
-36.35
-33.72
-31.24
-28.73
-26.28
-23.68
-21.2
-18.64
-16.15
-13.62
-11.04
-7.95
-4.46
-0.78
2.49
6.02
9.56
12.22
14.66
17.17
19.76
22.23
24.72
27.38
29.79
32.27
34.79
37.31
39.72
42.61
44.85
47.35
49.93
52.5
54.89
57.69
60.27
62.5
65.05
67.9
70.07
72.66
75.36
77.71
80.06
82.82
85.25
