145
63
82
146.92
151.46
150.89
149.85
152.79
145.5
156.76
141.15
146.64
130.93
135.95
141.91
139.54
149.66
130.46
141.43
135.76
136.51
137.18
127.05
134.62
135
129.99
139.35
127.15
139.35
136.14
125.07
149.38
135.66
130.55
143.89
123.18
145.97
122.61
128.76
139.92
132.73
136.04
131.03
130.84
142.29
142.95
149
132.07
144.56
135.1
137.37
140.77
151.08
135.1
147.68
146.07
151.84
143.99
144.18
140.96
168.3
172.37
178.14
165.08
152.79
145.03
156.85
588.06
900.07
905.65
-0.26
1.73
2.43
1.13
1.65
0.35
1.21
3.21
2.17
0.87
-0.43
2.43
-132.34
-133.3
-120.99
-147.43
-182.09
-142.92
-152.19
-142.14
-139.71
-143.96
-137.29
-135.9
-138.93
-134.86
-151.41
-134.51
-127.49
-132
-129.14
-146.04
-150.63
-143.53
-133.47
-141.27
-138.07
-129.48
-128.79
-130.52
-136.33
-129.22
-128.18
-132.78
-122.29
-134.77
-140.41
-129.48
-130.78
-112.76
-132.08
-133.39
-128.88
-138.24
-127.23
-129.22
-136.25
-134.25
-141.97
-133.91
-128.53
-137.2
-125.32
-148.03
-135.55
-129.83
-132.69
-139.11
-148.12
-144.39
-146.65
-140.15
-141.62
-147.95
-134.43
-127.49
-137.98
-142.75
64.17
61.74
59.15
56.64
54.16
51.59
49.11
46.52
43.98
41.5
39.01
36.47
33.96
31.51
28.99
26.47
23.98
21.38
18.93
16.43
13.93
11.35
8.39
4.88
1.41
-2.04
-5.5
-9.13
-11.89
-14.42
-16.97
-19.46
-21.98
-24.56
-27.11
-29.49
-32.06
-34.57
-37.08
-39.65
-42.16
-44.58
-47.22
-49.72
-52.19
-54.69
-57.31
-59.76
-62.28
-64.84
-67.38
-69.77
-72.44
-74.9
-77.36
-79.98
-82.55
-84.91
-87.56
-90
-92.48
-95.09
-97.62
-100.04
-102.38
-103.12
-103.15
-103.1
-103.08
-103.1
-103.1
-102.85
-100.79
-98.14
-95.48
-93.01
-90.59
-87.91
-85.5
-83.12
-80.39
-77.92
-75.47
-72.82
-70.33
-67.93
-65.24
-62.74
-60.33
-57.65
-55.23
-52.76
-50.3
-47.64
-45.19
-42.72
-40.04
-37.59
-35.18
-32.38
-30.01
-27.61
-25.01
-22.46
-19.95
-17.41
-14.85
-12.43
-9.72
-6.19
-2.76
0.8
4.22
7.73
10.83
13.4
15.95
18.39
20.99
23.48
25.93
28.58
31.01
33.5
36
38.53
41.03
43.56
46.05
48.59
51.12
53.67
56.17
58.76
61.21
63.72
66.26
68.78
71.31
73.84
76.39
78.85
81.4
84
86.43
