146
64
84
144.65
155.44
138.41
155.15
156.57
159.22
164.99
148.06
137.18
147.96
137.46
150.52
145.03
148.62
138.41
154.68
144.74
139.26
143.8
147.39
143.14
145.22
125.35
141.72
142.1
143.14
150.89
127.53
139.16
142.95
142.47
158.84
131.78
132.45
143.7
145.22
155.81
140.96
120.62
145.22
144.93
150.89
137.46
137.27
143.61
144.56
136.8
132.45
142.76
143.7
158.08
147.11
148.25
139.83
147.96
154.96
149.29
155.44
172.46
165.08
193.75
151.93
139.26
153.83
159.41
914.83
913.03
911.7
1.99
2.17
3.03
2.25
2.6
0.09
3.55
3.55
3.38
3.21
2.25
3.64
4.94
-124.89
-129.92
-136.85
-155.14
-158.61
-138.76
-154.36
-136.16
-138.33
-142.83
-135.03
-135.9
-140.15
-132.86
-140.49
-132.6
-137.98
-126.1
-145.43
-140.67
-144.05
-146.13
-137.37
-141.53
-132.26
-135.9
-142.14
-134.25
-129.31
-124.11
-134.17
-138.15
-126.62
-139.45
-132.6
-134.34
-133.82
-125.06
-141.36
-130.78
-135.38
-145.35
-133.39
-151.85
-141.71
-144.31
-145.26
-128.18
-146.99
-134.51
-137.2
-152.37
-136.25
-135.73
-135.03
-146.73
-152.97
-150.63
-152.89
-148.9
-137.37
-148.73
-143.87
-136.85
-136.59
65.57
62.77
60.35
57.89
55.24
52.74
50.28
48.1
45.13
42.68
40.52
37.58
35.15
32.83
30.12
27.69
25.22
22.54
20.09
17.6
15.02
12.48
10.02
6.51
2.97
-0.42
-3.96
-7.47
-10.73
-13.32
-15.77
-18.31
-20.75
-23.38
-25.9
-28.33
-30.9
-33.36
-35.95
-38.46
-40.96
-43.49
-46.05
-48.54
-51.04
-53.56
-56.13
-58.59
-61.07
-63.66
-66.16
-68.63
-71.21
-73.72
-76.26
-78.76
-81.34
-83.77
-86.44
-88.84
-91.29
-93.85
-96.4
-98.86
-101.4
-102.79
-102.85
-102.88
-102.81
-102.81
-102.85
-102.87
-102.85
-102.46
-99.61
-96.98
-94.49
-91.87
-89.38
-86.94
-84.37
-81.98
-79.38
-76.76
-74.31
-71.84
-69.17
-66.75
-64.21
-61.79
-59.2
-56.65
-54.22
-51.61
-49.08
-46.66
-43.97
-41.58
-39.03
-36.48
-33.94
-31.47
-28.89
-26.5
-23.93
-21.31
-18.9
-16.37
-13.75
-11.32
-8.27
-4.59
-1.18
2.16
5.93
9.22
11.92
14.41
17.1
19.48
22.04
24.58
27.06
29.57
32.23
34.58
37.02
39.67
42.14
44.55
47.26
49.65
52.14
54.85
57.31
59.72
62.44
64.93
67.36
70.03
72.49
74.92
77.65
80.01
82.48
85.18
