102
20
83
146.73
145.69
143.42
144.37
124.69
139.92
143.23
141.53
148.43
128.66
136.89
145.79
139.07
149.76
131.78
135.19
140.11
156.29
157.8
142.1
124.12
147.96
145.31
158.56
142.29
144.08
146.07
148.25
142.66
135.85
149
147.11
156.67
149.85
153.64
141.24
147.39
154.96
164.52
154.58
177.29
165.37
196.97
154.11
145.97
158.18
162.44
884.55
880.11
880.39
1.04
1.13
1.73
0.52
0.26
1.04
1.39
1.39
3.99
1.04
-0.43
0.69
1.21
-139.97
-137.37
-132
-151.85
-164.41
-143.87
-158.09
-143.18
-143.61
-145.26
-139.89
-138.5
-147.95
-134.95
-145.52
-137.98
-144.83
-126.54
-153.84
-147.25
-153.06
-158.52
-142.23
-148.73
-141.36
-138.59
-143.61
-139.71
-137.63
-129.74
-139.45
-144.57
-135.38
-148.29
-139.71
-139.45
-141.1
-122.55
-146.56
17.45
14.97
12.46
9.89
6.48
2.95
-0.51
-4.07
-7.46
-10.79
-13.37
-15.85
-18.33
-20.93
-23.43
-25.91
-28.53
-30.95
-33.43
-36.02
-38.55
-40.99
-43.66
-46.05
-48.58
-51.21
-53.63
-56.16
-58.81
-61.23
-63.69
-66.31
-68.82
-71.24
-73.89
-76.34
-78.83
-81.34
-83.91
-86.38
-88.9
-91.4
-93.92
-96.47
-99.06
-101.47
-104.01
-105.27
-105.31
-105.35
-105.3
-105.32
-105.38
-105.35
-105.31
-105.12
-102.44
-99.59
-97.13
-94.61
-92
-89.56
-87.06
-84.61
-82
-79.51
-76.9
-74.49
-71.94
-69.34
-66.89
-64.37
-61.75
-59.31
-56.82
-54.21
-51.73
-49.25
-46.61
-44.24
-41.68
-39.06
-36.57
-34.12
-31.5
-29.13
-26.62
-23.95
-21.54
-19.01
-16.36
-13.98
-11.38
-8.27
-4.79
-1.49
2.21
5.68
9.05
12.04
14.39
16.87
