145
63
83
154.58
150.04
150.14
151.84
147.11
148.15
158.18
143.04
147.39
131.41
140.87
144.46
146.26
153.92
137.74
147.96
142.76
144.93
144.18
136.42
144.18
135.19
137.46
147.39
127.24
142.38
138.6
128.09
153.83
134.53
135.85
144.37
129.42
147.96
129.61
132.73
144.56
137.18
134.53
132.73
136.8
140.58
147.58
148.15
131.97
149.29
135.57
136.51
136.14
153.73
130.65
146.26
147.2
148.62
146.83
145.79
143.33
163.95
166.79
176.53
162.15
156.48
146.54
156.19
724.01
912.93
918.61
3.38
4.51
4.59
3.21
4.59
3.03
4.33
5.11
4.51
2.25
5.03
5.11
2.51
-130.18
-117.7
-141.36
-179.06
-138.41
-148.81
-139.89
-137.98
-140.23
-136.94
-132.78
-135.99
-131.74
-140.32
-135.47
-122.98
-131.74
-127.14
-145.26
-145.87
-143.35
-131.65
-141.27
-138.76
-126.1
-131.65
-129.57
-128.96
-141.71
-125.15
-130.35
-128.44
-100.45
-143.87
-127.75
-132.43
-121.08
-135.38
-139.02
-124.54
-137.29
-129.92
-135.29
-145.61
-138.07
-141.27
-133.13
-136.16
-150.81
-126.97
-147.25
-140.49
-134.51
-140.15
-136.33
-144.74
-144.83
-151.85
-152.02
-143.96
-140.84
-137.37
-128.79
-137.03
-141.53
64.56
61.97
59.46
56.93
54.54
51.85
49.34
46.85
44.27
41.77
39.32
36.98
34.26
31.8
29.43
26.76
24.25
21.65
19.18
16.7
14.04
11.64
8.8
5.09
2
-1.61
-5.17
-8.52
-11.6
-14.13
-16.7
-19.2
-21.69
-24.35
-26.87
-29.19
-31.91
-34.22
-36.81
-39.5
-41.97
-44.37
-47.05
-49.49
-51.67
-54.44
-57.14
-59.23
-61.95
-64.63
-67.11
-69.73
-72.18
-74.66
-77.1
-79.8
-82.28
-84.37
-87.4
-89.78
-91.99
-94.92
-97.42
-99.77
-102.23
-102.86
-102.85
-102.81
-102.89
-102.84
-102.86
-102.78
-101.05
-98.15
-95.72
-93.19
-90.7
-88.11
-85.67
-83.21
-80.61
-78.09
-75.64
-73
-70.56
-68.05
-65.45
-62.97
-60.5
-57.86
-55.4
-52.97
-50.3
-47.83
-45.38
-42.86
-40.25
-37.79
-35.35
-32.63
-30.18
-27.77
-25.14
-22.65
-20.2
-17.58
-15.09
-12.66
-9.96
-6.46
-3.08
0.59
3.97
7.42
10.73
13.27
15.7
18.34
20.83
23.28
25.84
28.41
30.83
33.26
35.87
38.36
40.82
43.37
45.89
48.37
50.94
53.55
55.96
58.62
61.08
63.59
66.18
68.65
71.16
73.66
76.24
78.76
81.18
83.84
86.29
