157
75
95
0.57
1.99
47.87
0.38
1.89
1.61
2.08
2.65
1.89
2.18
149.95
144.84
148.06
142.47
159.03
155.81
158.46
168.21
152.5
142.66
150.52
139.64
152.12
144.56
153.26
141.06
157.89
146.07
166.69
145.79
145.97
139.35
147.2
126.96
138.78
140.77
143.8
152.69
132.26
142.57
145.97
139.92
156.57
134.34
137.55
143.52
145.6
155.06
141.34
122.32
147.39
144.56
151.56
141.43
139.92
144.65
147.3
139.83
135.57
145.41
143.23
156.67
147.68
149.57
136.7
148.81
153.07
146.16
152.5
176.53
165.18
195.26
152.03
142.95
153.07
158.65
921.64
919.74
919.84
3.12
6.24
1.65
2.43
4.07
-2.6
4.07
3.47
2.08
3.29
2.6
1.04
3.38
-128.96
-129.74
-133.65
-153.67
-152.71
-141.53
-154.19
-135.64
-139.28
-140.58
-136.42
-136.85
-117.87
-130.87
-143.96
-133.47
-142.14
-131.48
-148.64
-139.28
-144.57
-150.81
-137.55
-138.59
-134.17
-135.29
-139.71
-133.82
-133.56
-124.8
-138.33
-141.62
-129.4
-137.2
-134.25
-137.2
-133.3
-128.18
-144.65
-133.82
-136.16
-143.53
-135.99
-152.11
-139.97
-142.75
-151.41
-134.17
-147.69
-136.42
-139.28
-150.63
-136.85
-142.31
-137.29
-146.3
-152.02
-153.75
-153.06
-145.43
-139.28
-146.39
-144.48
-143.44
-133.13
90.2
90.17
88.59
85.77
83.08
80.63
78.08
75.54
72.97
70.58
68
65.46
63.01
60.5
57.93
55.47
52.92
50.3
47.83
45.36
42.73
40.27
37.8
35.16
32.75
30.37
27.74
25.2
22.71
20.29
17.65
15.15
12.63
10.06
6.71
3.24
-0.3
-3.76
-7.26
-10.6
-13.17
-15.65
-18.16
-20.74
-23.26
-25.77
-28.3
-30.75
-33.29
-35.8
-38.28
-40.78
-43.33
-45.91
-48.41
-50.91
-53.47
-55.96
-58.52
-60.98
-63.53
-66.06
-68.54
-71.09
-73.6
-76.12
-78.65
-81.19
-83.69
-86.2
-88.65
-91.19
-93.72
-96.26
-98.74
-101.26
-102.77
-102.61
-102.76
-102.83
-102.82
-102.76
-102.84
-102.81
-102.36
-99.52
-96.73
-94.2
-91.73
-89.16
-86.64
-84.22
-81.78
-79.15
-76.66
-74.09
-71.62
-69.07
-66.56
-63.99
-61.51
-59.05
-56.44
-53.98
-51.49
-48.88
-46.41
-43.86
-41.36
-38.8
-36.35
-33.73
-31.27
-28.7
-26.26
-23.72
-21.21
-18.69
-16.19
-13.65
-11.06
-7.99
-4.54
-0.99
2.43
5.98
9.57
12.13
14.64
17.16
19.74
22.21
24.69
27.33
29.8
32.26
34.81
37.23
39.75
42.34
44.79
47.32
49.89
52.44
54.91
57.69
59.99
62.48
64.94
67.61
70.04
72.59
75.33
77.7
80.07
83.05
85.23
