145
63
82
150.89
153.07
141.53
152.79
146.16
152.22
158.56
140.58
141.15
131.88
135.85
142.29
139.54
149.95
132.64
172.09
133.96
134.05
137.08
128.19
133.96
135.57
129.04
136.23
126.77
131.78
133.68
122.32
145.41
132.16
134.91
143.14
127.24
146.16
120.53
129.8
137.27
135.57
133.68
129.99
134.81
141.72
140.11
147.02
134.43
148.72
139.54
138.22
140.87
150.23
134.34
147.39
147.49
145.41
145.6
152.6
145.5
169.91
176.91
180.03
174.17
154.02
143.99
155.91
566.87
897.89
896.66
2.17
4.85
5.46
0.78
5.46
5.2
6.07
5.03
6.67
5.37
5.2
5.98
-128.36
-127.58
-123.42
-152.19
-187.03
-148.81
-153.23
-141.62
-137.11
-142.66
-137.03
-118.74
-120.99
-132.17
-144.48
-132.43
-126.71
-129.48
-127.92
-141.27
-143.01
-139.45
-131.04
-138.93
-132.69
-124.2
-123.24
-125.84
-136.07
-129.4
-126.71
-127.32
-122.29
-133.99
-136.16
-123.59
-124.11
-109.9
-129.66
-131.48
-125.41
-135.03
-124.02
-127.4
-133.13
-126.97
-139.19
-128.7
-125.41
-131.04
-113.02
-142.49
-131.48
-127.32
-129.92
-135.38
-145.26
-141.62
-143.79
-138.33
-133.47
-143.61
-132.17
-123.16
-133.13
-138.33
62.3
59.86
57.34
54.74
52.32
49.75
47.19
44.65
42.19
39.7
37.09
34.64
32.11
29.6
27.19
24.64
22.06
19.57
17.11
14.48
11.99
9.36
5.73
2.33
-1.11
-4.63
-8.09
-11.15
-13.78
-16.29
-18.77
-21.34
-23.89
-26.38
-28.94
-31.39
-33.91
-36.39
-38.99
-41.43
-44.05
-46.48
-49.05
-51.51
-54.06
-56.6
-59.13
-61.62
-64.13
-66.64
-69.19
-71.68
-74.22
-76.66
-79.29
-81.78
-84.48
-86.79
-89.3
-91.89
-94.34
-96.85
-99.42
-101.82
-104.27
-105.23
-105.25
-104.96
-105.21
-105.25
-104.93
-104.93
-102.66
-100.04
-97.57
-94.96
-92.48
-89.95
-87.44
-85.02
-82.43
-79.92
-77.4
-74.9
-72.38
-69.83
-67.42
-64.8
-62.28
-59.72
-57.25
-54.71
-52.2
-49.69
-47.12
-44.68
-42.24
-39.53
-37.09
-34.53
-31.93
-29.57
-27.07
-24.48
-21.96
-19.49
-16.66
-14.38
-11.91
-8.75
-5.45
-2.15
1.47
4.93
8.33
11.39
14.01
16.41
18.87
21.71
23.97
26.44
29.13
31.51
33.86
36.48
39.27
41.49
44.07
46.73
49.1
51.67
54.17
56.69
59.21
61.7
64.38
66.72
69.3
72.02
74.33
76.84
79.37
81.86
84.45
