140
58
83
157.52
158.37
154.11
155.15
151.27
164.23
157.89
161.49
138.31
151.56
152.69
159.79
154.02
151.08
155.44
150.42
164.04
154.49
147.02
149.19
142.47
147.96
151.75
142.95
140.49
148.81
138.69
159.6
142.85
150.33
152.88
147.02
161.11
142.1
147.3
146.73
153.26
154.68
147.3
141.91
145.6
150.33
157.71
143.04
155.44
136.61
149.29
143.52
165.37
137.84
149.85
189.11
159.22
153.73
150.8
141.91
174.92
182.02
181.45
156.38
147.68
159.03
161.11
676.04
842.36
842.93
1.13
1.13
1.39
0.87
1.39
-0.09
1.04
1.3
2.17
-2.86
1.39
-0.26
0.35
-140.32
-127.23
-148.03
-187.55
-149.07
-158.26
-148.47
-146.39
-154.36
-148.99
-142.05
-144.91
-143.7
-148.64
-149.68
-136.77
-141.1
-139.37
-156.44
-156.96
-154.45
-152.19
-156.35
-152.89
-142.4
-137.63
-147.69
-149.25
-151.41
-137.37
-150.89
-138.85
-144.74
-155.83
-138.41
-139.02
-137.03
-143.09
-152.37
-139.63
-146.39
-140.58
-150.2
-158.78
-145.43
-153.75
-147.08
-146.13
-161.73
-137.81
-158.69
-149.68
-144.65
-151.5
-148.81
-158.69
-158.87
-161.29
-161.55
-153.41
-151.07
60.7
58.26
55.72
53.14
50.64
48.17
45.54
43.05
40.57
38.09
35.47
33.08
30.65
28.01
25.57
23.05
20.46
17.99
15.48
12.82
10.42
7.15
3.53
0.07
-3.35
-6.85
-10.31
-12.82
-15.38
-17.97
-20.33
-23
-25.47
-28.05
-30.46
-33.04
-35.53
-38.1
-40.59
-43.16
-45.59
-48.19
-50.61
-53.23
-55.74
-58.34
-60.76
-63.36
-65.82
-68.43
-70.77
-73.44
-75.88
-78.42
-80.99
-83.56
-85.88
-88.54
-91.02
-93.51
-96.09
-98.63
-101.02
-103.11
-103.5
-103.46
-103.49
-103.51
-103.49
-103.42
-103.5
-102.18
-98.79
-96.44
-93.89
-91.33
-88.82
-86.41
-83.81
-81.33
-78.72
-76.19
-73.73
-71.18
-68.68
-66.13
-63.67
-61.18
-58.37
-56.14
-53.59
-51.05
-48.51
-46.01
-43.46
-40.97
-38.41
-35.97
-33.37
-30.9
-28.35
-25.89
-23.36
-20.81
-18.25
-15.78
-13.15
-10.7
-7.43
-3.57
-0.51
3.02
6.63
9.94
12.55
15.19
17.58
20.13
22.94
25.09
27.71
30.35
32.62
35.16
37.7
40.19
42.72
45.24
47.73
50.24
52.99
55.35
57.87
60.61
62.86
65.43
67.99
70.46
72.98
75.66
