140
58
82
156.57
155.62
152.88
157.14
151.56
165.56
155.06
160.17
141.81
150.04
157.14
157.14
159.22
144.46
154.68
150.23
149.76
156.1
142.85
147.49
138.69
149.76
151.56
138.78
141.43
147.96
133.96
155.81
145.31
144.56
150.33
144.37
156.95
142.76
142.29
145.31
150.04
151.65
142.66
139.92
147.68
156.57
156.95
143.61
154.77
139.54
149.1
147.87
163.48
138.88
148.72
151.84
152.31
152.22
151.27
142.1
172.84
167.64
181.74
156.29
151.37
153.92
163.48
715.3
906.41
906.59
-0.78
-0.61
-0.17
0.61
1.56
-2.43
2.17
-0.87
1.56
0.78
0.87
0.43
-110.07
-140.06
-124.46
-148.64
-186.86
-147.25
-154.62
-147.6
-143.7
-144.31
-147.69
-141.19
-142.75
-141.53
-149.85
-142.14
-135.55
-143.27
-135.55
-155.57
-153.32
-150.37
-144.22
-150.81
-150.89
-138.67
-138.93
-142.4
-146.3
-149.42
-132.95
-142.31
-136.77
-141.71
-140.06
-137.72
-136.51
-132
-143.61
-149.77
-134.86
-144.83
-138.93
-147.17
-157.57
-146.21
-147.86
-143.35
-147.95
-161.47
-138.76
-158.69
-149.51
-143.79
-149.07
-144.39
-160.25
-157.65
-163.98
-162.94
-152.45
-150.29
60.82
58.32
55.74
53.28
50.68
48.15
45.67
43.24
40.57
38.14
35.71
33.09
30.64
28.2
25.57
23.07
20.65
18.03
15.48
13.07
10.45
7.13
3.73
0.29
-3.31
-6.78
-10.18
-12.83
-15.31
-17.78
-20.38
-22.91
-25.33
-28
-30.45
-32.86
-35.46
-38.03
-40.42
-43.07
-45.53
-48.05
-50.52
-53.12
-55.61
-58.12
-60.68
-63.24
-65.64
-68.35
-70.74
-73.24
-75.83
-78.39
-80.78
-83.47
-85.91
-88.38
-90.82
-93.5
-95.94
-98.47
-100.98
-103.05
-103.52
-103.5
-103.52
-103.52
-103.5
-103.49
-103.48
-101.93
-98.95
-96.49
-93.83
-91.38
-88.83
-86.45
-83.84
-81.4
-78.84
-76.31
-73.79
-71.32
-68.71
-66.21
-63.75
-61.21
-58.6
-56.21
-53.61
-51.05
-48.61
-46.02
-43.47
-41.07
-38.6
-35.96
-33.43
-31.05
-28.4
-25.99
-23.47
-20.8
-18.35
-15.88
-13.25
-10.77
-7.58
-3.91
-0.47
2.88
6.51
9.97
12.46
14.88
17.56
20.02
22.63
25.1
27.63
29.98
32.65
35.04
37.5
40.21
42.61
45.02
47.74
50.15
52.66
55.36
57.8
60.22
62.92
65.37
67.82
70.46
72.95
75.37
