140
58
83
151.46
161.87
160.26
156
150.99
157.99
154.11
160.54
140.11
150.33
149.19
164.99
154.3
154.58
149.19
143.04
157.89
153.16
145.31
147.49
138.41
147.11
149.48
140.3
156.1
139.07
140.01
154.77
141.53
147.68
141.81
135.95
151.65
134.43
147.96
144.93
144.84
150.14
140.3
140.49
145.12
146.54
153.16
148.25
153.16
129.32
145.31
136.99
155.15
139.64
149.38
145.97
154.3
148.53
152.79
142
175.96
165.37
185.24
154.49
147.2
154.21
160.54
744.82
902.05
896.85
-0.52
0.95
-2.08
-1.21
1.39
-2.08
-1.21
2.51
-1.21
-0.52
-0.87
-1.91
-3.81
-133.13
-124.89
-147.51
-181.92
-145.78
-155.4
-145.95
-142.23
-149.68
-143.96
-141.88
-143.7
-141.27
-147.43
-146.73
-134.25
-140.32
-135.9
-150.11
-152.02
-153.15
-146.47
-148.21
-149.07
-138.85
-139.28
-140.49
-144.13
-147.69
-133.47
-142.05
-133.65
-137.37
-152.19
-139.02
-129.22
-132.52
-140.32
-148.55
-132.17
-145.17
-139.54
-144.83
-154.62
-142.14
-148.55
-148.21
-142.05
-163.37
-139.11
-155.75
-149.07
-146.21
-152.45
-146.73
-156.53
-155.66
-163.37
-162.51
-148.38
-151.67
60.59
57.93
55.43
53.02
50.46
47.86
45.48
42.92
40.27
37.84
35.36
32.8
30.34
27.87
25.21
22.75
20.36
17.67
15.17
12.75
10.23
6.69
3.35
-0.18
-3.71
-6.97
-10.47
-13.13
-15.57
-18.12
-20.68
-23.2
-25.64
-28.25
-30.71
-33.22
-35.7
-38.29
-40.76
-43.31
-45.9
-48.36
-50.85
-53.49
-55.95
-58.45
-60.98
-63.48
-65.95
-68.67
-71
-73.57
-76.14
-78.63
-81.13
-83.8
-86.09
-88.69
-91.17
-93.76
-96.23
-98.78
-101.25
-103.15
-103.54
-103.29
-103.53
-103.57
-103.34
-103.46
-103.52
-102.21
-98.99
-96.58
-93.84
-91.41
-88.96
-86.54
-83.84
-81.51
-78.93
-76.39
-73.88
-71.44
-68.74
-66.35
-63.87
-61.18
-58.65
-56.32
-53.56
-51.12
-48.69
-46.23
-43.54
-41.14
-38.58
-36.04
-33.52
-31.07
-28.38
-26.07
-23.51
-20.85
-18.45
-16
-13.31
-10.92
-7.71
-4.03
-0.65
2.74
6.48
9.79
12.35
15
17.48
19.88
22.56
24.97
27.51
29.98
32.55
35.01
37.49
40.08
42.55
45.04
47.63
50.05
52.68
55.24
57.68
60.17
62.84
65.31
67.79
70.43
72.87
75.34
