140
58
82
150.61
154.96
151.08
156.95
154.96
165.65
155.06
157.71
144.18
153.45
155.53
159.5
161.4
147.2
158.37
150.8
155.34
158.18
144.56
149
145.79
146.83
152.5
140.58
147.11
149
142.29
163.85
142.29
150.33
159.12
146.54
159.98
143.33
149.57
153.73
155.91
156.57
145.31
147.3
155.72
157.52
160.83
144.93
160.64
140.77
151.56
146.35
163.57
145.22
151.37
156.76
159.03
152.6
158.75
148.53
181.36
172.27
189.68
164.52
157.23
157.61
168.49
663.56
829.02
827.13
-4.94
-0.17
1.56
-5.89
-0.43
-3.73
1.56
0.26
-0.52
-2.08
0.09
1.04
-145
-150.63
-112.84
-155.75
-200.73
-159.3
-165.02
-154.27
-151.24
-155.31
-151.24
-145.35
-146.39
-149.16
-161.9
-154.1
-141.19
-139.45
-144.05
-145.52
-165.11
-157.48
-151.24
-156.01
-156.53
-146.39
-150.2
-150.72
-156.18
-159.91
-147.69
-150.72
-146.04
-150.37
-159.65
-149.33
-146.39
-137.55
-148.99
-159.73
-142.23
-153.93
-146.56
-148.03
-160.95
-152.89
-160.08
-150.37
-151.76
-163.37
-147.69
-165.54
-154.88
-146.47
-154.19
-154.36
-161.9
-162.33
-168.57
-164.5
-141.45
-156.35
61.35
58.72
56.16
53.65
51.09
48.6
46
43.53
40.99
38.45
36.02
33.54
31.1
28.51
26.05
23.51
20.97
18.44
15.92
13.41
10.86
7.66
4.31
0.63
-2.64
-6.19
-9.8
-12.39
-14.89
-17.46
-19.96
-22.49
-25.03
-27.63
-29.94
-32.6
-35.01
-37.6
-40.08
-42.68
-45.09
-47.65
-50.17
-52.77
-55.22
-57.82
-60.29
-62.79
-65.35
-67.93
-70.3
-72.94
-75.44
-77.95
-80.46
-83.01
-85.4
-88.11
-90.53
-93
-95.43
-98.17
-100.59
-102.54
-103.17
-103.14
-102.85
-103.18
-103.15
-102.75
-103.13
-101.42
-98.41
-95.9
-93.38
-90.86
-88.28
-85.88
-83.37
-80.83
-78.29
-75.88
-73.35
-70.76
-68.27
-65.73
-63.2
-60.69
-58.09
-55.67
-53.12
-50.51
-48.03
-45.55
-43.07
-40.44
-37.99
-35.5
-32.92
-30.45
-27.96
-25.43
-22.89
-20.36
-17.67
-15.35
-12.81
-10.18
-6.75
-3.3
0.07
3.73
7.11
10.43
13.04
15.47
18.02
20.53
23.07
25.57
28.14
30.63
33.12
35.67
38.13
40.62
43.06
45.73
48.13
50.65
53.34
55.76
58.19
60.82
63.3
65.87
68.53
70.91
73.43
75.96
