145
63
82
160.45
150.04
147.96
142.47
142.95
137.08
149.29
139.92
149.48
123.36
132.92
136.51
147.2
142.19
136.51
134.62
130.55
138.22
141.34
129.61
133.3
129.51
139.64
145.22
129.7
128.09
132.92
129.14
150.7
130.74
135.19
133.39
128.66
141.15
124.12
128.76
125.73
129.8
138.31
130.93
126.96
136.7
136.33
146.35
136.04
144.93
125.45
140.3
135.76
151.84
132.92
141.06
142.1
169.91
144.74
149.57
136.8
169.72
164.52
178.71
151.56
146.92
152.41
154.39
672.35
851.35
854.94
-5.11
-0.69
-0.09
14.39
-2.51
-0.69
0.69
-0.78
-0.95
-1.21
-1.82
-2.17
-126.02
-139.54
-123.42
-140.32
-189.63
-153.32
-158.09
-146.47
-144.39
-147.6
-143.53
-141.71
-141.27
-138.15
-150.11
-141.62
-131.22
-136.16
-133.47
-149.85
-145.87
-145.52
-135.64
-146.3
-143.27
-129.05
-133.73
-136.51
-139.11
-141.36
-127.4
-138.33
-127.84
-125.67
-146.65
-133.82
-131.82
-127.49
-140.75
-144.39
-130
-139.8
-133.39
-138.76
-147.51
-136.42
-142.57
-137.98
-134.77
-149.85
-129.83
-148.81
-138.59
-138.15
-136.85
-138.15
-142.66
-146.04
-149.77
-150.72
-144.39
-145.43
-140.06
-130.26
-138.24
-146.3
63.06
60.43
57.95
55.47
52.87
50.36
47.9
45.26
42.79
40.27
37.73
35.23
32.76
30.32
27.71
25.26
22.81
20.19
17.69
15.22
12.66
10.1
6.76
3.23
-0.33
-3.68
-7.26
-10.61
-13.12
-15.65
-18.19
-20.65
-23.26
-25.7
-28.31
-30.72
-33.26
-35.75
-38.34
-40.82
-43.35
-45.87
-48.4
-50.87
-53.44
-55.99
-58.5
-60.95
-63.55
-66.05
-68.6
-71.04
-73.56
-76.12
-78.62
-81.14
-83.68
-86.1
-88.71
-91.19
-93.87
-96.25
-98.79
-101.35
-103.06
-103.73
-103.76
-103.48
-103.73
-103.79
-103.79
-103.7
-102.28
-98.87
-96.46
-93.87
-91.34
-88.82
-86.41
-83.85
-81.37
-78.79
-76.32
-73.81
-71.24
-68.77
-66.23
-63.69
-61.25
-58.63
-56.16
-53.66
-51.08
-48.58
-46.09
-43.53
-41.11
-38.49
-35.96
-33.44
-30.88
-28.43
-25.95
-23.31
-20.8
-18.4
-15.9
-13.27
-10.77
-7.54
-4.02
-0.56
2.9
6.45
9.89
12.46
15.04
17.51
19.98
22.53
25.09
27.58
30.08
32.64
35.08
37.54
40.06
42.56
45.03
47.6
50.2
52.74
55.25
57.82
60.32
62.8
65.4
67.88
70.37
73.29
75.49
77.88
80.44
83.01
85.54
