145
63
82
152.5
154.02
138.12
152.12
145.03
150.99
157.52
140.49
134.72
130.65
138.78
144.65
140.39
152.69
133.3
149.85
138.12
134.05
142.66
128.38
141.34
138.31
128.85
136.99
129.51
136.42
140.87
128.95
144.65
132.07
133.01
142.76
124.22
144.37
121.76
130.74
134.62
133.77
129.99
128.47
140.11
142.76
139.64
150.33
135.85
147.77
135.66
143.04
138.31
153.26
137.65
150.33
147.58
141.43
146.35
150.14
145.03
167.17
175.4
177.95
176.63
156.67
143.14
162.63
482.48
902.81
902.53
5.63
4.68
6.59
7.8
5.2
4.42
6.67
5.81
5.03
6.33
5.89
5.63
-124.98
-129.83
-120.82
-153.06
-186.69
-145.78
-153.84
-140.58
-136.77
-143.09
-133.13
-133.39
-138.15
-130.61
-145.87
-132.08
-125.93
-129.48
-129.74
-141.36
-142.66
-137.81
-131.13
-141.27
-134.51
-123.85
-126.36
-123.33
-135.47
-132.17
-123.24
-131.39
-123.42
-128.96
-137.11
-128.44
-125.06
-118.65
-131.65
-131.82
-123.33
-144.83
-126.02
-129.05
-135.9
-131.3
-137.89
-128.88
-126.54
-137.63
-121.51
-145.52
-133.04
-119.08
-128.62
-139.19
-139.63
-139.11
-145.17
-141.19
-136.59
-143.53
-131.39
-124.46
-130.44
-138.93
62.34
59.92
57.45
55.08
52.29
49.83
47.63
44.7
42.22
39.91
37.15
34.7
32.22
29.71
27.2
24.74
22.15
19.59
17.15
14.65
12.09
9.43
6.01
2.39
-1.09
-4.38
-8.04
-11.14
-13.65
-16.24
-18.74
-21.18
-23.79
-26.27
-28.8
-31.3
-33.72
-36.33
-38.89
-41.38
-43.93
-46.42
-48.91
-51.39
-54.03
-56.5
-59.01
-61.54
-63.99
-66.56
-69.18
-71.61
-74.1
-76.59
-79.24
-81.67
-84.24
-86.79
-89.24
-91.74
-94.31
-96.78
-99.25
-101.89
-104.32
-105.22
-105.2
-105.23
-105.19
-105.19
-105.22
-104.92
-102.64
-100.08
-97.63
-95.11
-92.52
-90.08
-87.6
-85.08
-82.55
-80
-77.4
-74.97
-72.48
-69.82
-67.4
-64.94
-62.26
-59.83
-57.41
-54.67
-52.26
-49.78
-47.09
-44.66
-42.23
-39.51
-37.03
-34.65
-31.97
-29.52
-27.1
-24.57
-21.91
-19.47
-17.04
-14.29
-11.88
-9.15
-5.41
-2.06
1.28
4.96
8.45
11.31
13.92
16.49
18.94
21.51
24.02
26.48
28.95
31.46
33.98
36.45
39.08
41.55
44
46.6
49.13
51.63
54.17
56.74
59.28
61.67
64.3
66.77
69.29
71.83
74.34
76.83
79.41
81.88
84.45
