140
58
83
154.58
160.73
160.73
156.67
154.3
161.77
157.33
158.84
140.58
146.16
150.52
164.61
156.57
153.16
152.41
149.76
159.12
152.6
144.56
148.81
135.47
148.15
168.77
139.54
143.14
148.34
140.39
160.45
146.07
152.03
150.33
144.84
164.33
137.93
146.73
145.88
149.38
155.44
149
145.22
146.92
150.7
157.33
149.1
161.96
129.04
147.87
145.03
156
140.01
151.84
150.99
152.22
152.22
152.88
146.54
182.87
172.84
191.86
162.06
152.79
163.48
166.41
719.85
817.57
818.71
-0.95
-0.09
0.26
-0.35
-1.3
-4.33
-1.39
-0.69
-3.9
-1.04
0.43
-1.91
-1.65
-147.95
-134.17
-153.58
-193.45
-159.3
-164.76
-154.97
-148.12
-153.49
-150.81
-148.12
-148.64
-148.47
-152.63
-151.93
-142.14
-145.95
-143.27
-161.9
-160.6
-159.73
-154.79
-156.7
-155.14
-145.61
-146.91
-149.33
-150.63
-155.75
-140.84
-152.97
-143.35
-147.08
-155.92
-143.27
-140.41
-137.2
-147.77
-154.62
-138.07
-153.75
-140.93
-152.02
-165.28
-150.37
-154.62
-148.9
-152.54
-167.71
-142.92
-161.55
-153.67
-148.99
-154.36
-151.07
-158.69
-163.2
-169.96
-166.15
-159.3
-155.23
60.81
58.3
55.72
53.28
50.67
48.16
45.64
43.11
40.58
38.12
35.59
33.13
30.62
28.16
25.62
23.07
20.59
17.97
15.49
12.97
10.43
7.12
3.73
0.13
-3.27
-6.79
-10.19
-12.81
-15.29
-17.85
-20.32
-22.91
-25.34
-27.97
-30.42
-32.95
-35.46
-38.04
-40.49
-43.07
-45.57
-48.12
-50.58
-53.17
-55.65
-58.26
-60.64
-63.22
-65.69
-68.27
-70.75
-73.27
-75.79
-78.41
-80.83
-83.46
-85.84
-88.41
-90.91
-93.51
-95.93
-98.49
-101
-102.93
-102.76
-103.03
-103.14
-103.15
-103.09
-103.14
-103.13
-101.84
-98.7
-96.27
-93.45
-91.12
-88.58
-86
-83.52
-81.15
-78.36
-75.99
-73.51
-70.8
-68.35
-66
-63.49
-60.87
-58.37
-56.01
-53.28
-50.79
-48.35
-45.69
-43.16
-40.82
-37.94
-35.68
-33.13
-30.72
-28.05
-25.68
-23.13
-20.5
-17.97
-15.61
-12.9
-10.45
-7.15
-3.45
-0.05
3.28
6.75
10.27
12.77
15.12
17.89
20.29
22.76
25.47
28.01
30.35
33.11
35.46
37.87
40.62
42.96
45.39
47.84
50.51
53.05
55.48
58.17
60.6
63.06
65.8
68.24
70.65
73.35
75.78
