140
58
82
157.61
156
156.76
158.56
156.29
164.8
157.14
160.26
140.11
151.08
153.07
164.71
163.38
151.93
152.98
151.27
157.99
158.94
148.15
151.08
142
155.44
160.45
144.84
143.04
150.99
141.91
168.11
147.58
153.83
158.37
154.96
165.18
141.06
150.04
153.64
154.49
161.87
151.56
148.53
148.81
156.67
161.96
145.22
155.81
136.33
147.3
146.73
161.68
140.39
150.89
151.08
155.72
153.16
156.57
143.89
175.87
168.21
186.37
163.38
153.73
163.1
167.45
720.7
888.43
886.92
-1.04
0.43
0.26
-1.39
0.95
-0.78
-5.98
2.08
-1.13
0.43
-0.17
0.43
-158.43
-148.21
-132.86
-152.97
-193.36
-152.63
-164.15
-152.19
-149.16
-156.35
-150.11
-146.39
-143.7
-146.56
-153.93
-150.63
-138.24
-145.17
-141.88
-161.73
-157.91
-155.23
-150.11
-159.47
-156.18
-143.87
-144.57
-148.73
-153.58
-155.4
-141.1
-148.81
-141.1
-148.73
-158.95
-144.65
-143.01
-136.68
-149.85
-150.2
-136.94
-150.11
-145.09
-149.68
-154.1
-147.51
-153.49
-148.55
-146.21
-162.85
-141.27
-163.89
-159.3
-142.49
-153.32
-150.37
-158.09
-156.87
-159.21
-163.37
-154.88
-152.28
60.74
58.21
55.69
53.15
50.42
47.97
45.54
43.05
40.41
38.01
35.5
33
30.52
28
25.55
22.94
20.45
18.03
15.41
12.9
10.49
6.96
3.61
0.27
-3.49
-7
-10.21
-12.97
-15.44
-17.94
-20.47
-23.04
-25.47
-28.17
-30.51
-32.99
-35.62
-38.09
-40.54
-43.24
-45.62
-48.1
-50.72
-53.27
-55.69
-58.4
-60.81
-63.35
-65.89
-68.48
-70.87
-73.36
-75.94
-78.46
-80.91
-83.6
-85.99
-88.48
-91.07
-93.61
-95.9
-98.68
-101.12
-102.78
-103.48
-103.47
-103.22
-103.41
-103.45
-103.26
-103.41
-101.88
-98.82
-96.38
-93.7
-91.21
-88.72
-86.18
-83.67
-81.28
-78.6
-76.11
-73.67
-71.05
-68.52
-66.12
-63.63
-60.97
-58.49
-56.1
-53.39
-50.94
-48.47
-45.86
-43.39
-40.93
-38.25
-35.8
-33.33
-30.7
-28.26
-25.84
-23.13
-20.68
-18.3
-15.8
-13.11
-10.68
-7.39
-3.73
-0.31
3.01
6.75
10.08
12.55
15.05
17.68
20.13
22.64
25.23
27.71
30.21
32.74
35.18
37.7
40.3
42.75
45.22
47.82
50.28
52.85
55.45
57.89
60.41
63.01
65.46
67.99
70.48
73.07
75.57
