144
63
82
145.5
152.31
136.51
147.96
145.88
156.95
161.21
145.88
129.04
138.41
139.35
146.54
140.77
147.3
131.12
156.1
140.87
136.42
140.77
132.26
142.19
138.78
131.41
131.22
126.68
138.5
139.92
125.63
141.72
135.1
131.41
144.08
121.76
136.04
120.05
130.36
134.72
131.78
119.39
131.12
137.55
142.38
136.7
142.57
134.15
143.8
129.23
135.28
135.76
150.61
211.35
142.29
142.19
136.04
144.37
147.3
140.68
159.6
170.29
167.64
183.91
147.39
140.77
151.18
260.16
864.12
860.43
-0.69
-0.78
-4.51
0.17
-3.21
-4.07
-1.13
-1.3
-1.91
-2.86
-1.39
-1.39
-143.35
-137.37
-135.03
-163.29
-168.49
-143.61
-125.32
-141.45
-141.45
-141.62
-139.8
-135.73
-142.75
-135.21
-144.57
-134.34
-139.54
-132.08
-143.53
-141.01
-147.43
-147.51
-137.89
-142.4
-132.69
-132.95
-141.62
-135.64
-134.08
-127.23
-134.6
-138.33
-131.13
-141.1
-135.12
-139.71
-133.99
-121.94
-142.57
-132.69
-135.29
-148.38
-133.91
-148.47
-140.58
-143.27
-150.72
-126.36
-142.83
-137.29
-139.02
-154.62
-138.41
-136.68
-135.64
-146.82
-154.45
-148.47
-149.25
-149.25
-139.45
-152.02
-145.69
-134.08
-140.23
65.33
62.68
60.4
57.81
55.11
52.74
50.17
47.53
45.11
42.58
39.97
37.51
35.08
32.5
30.02
27.61
24.95
22.46
20.05
17.3
14.92
12.45
9.7
6.26
2.84
-0.68
-4.14
-7.69
-10.92
-13.44
-15.85
-18.47
-21.05
-23.49
-26.07
-28.53
-30.97
-33.59
-36.14
-38.53
-41.07
-43.63
-46.2
-48.62
-51.22
-53.73
-56.22
-58.8
-61.28
-63.76
-66.26
-68.8
-71.34
-73.7
-76.4
-78.92
-81.61
-83.93
-86.5
-89.09
-91.51
-94.01
-96.74
-99.03
-101.51
-102.58
-102.27
-102.51
-102.55
-102.36
-102.51
-102.26
-99.46
-96.78
-94.3
-91.74
-89.17
-86.71
-84.23
-81.84
-79.24
-76.66
-73.98
-71.66
-69.1
-66.5
-64.04
-61.55
-59.04
-56.51
-54
-51.52
-48.76
-46.41
-43.9
-41.29
-38.81
-36.38
-33.81
-31.31
-28.79
-26.33
-23.68
-21.23
-18.76
-16.11
-13.59
-11.21
-8.13
-4.45
-1.01
2.35
6.03
9.36
12.05
14.67
17.15
19.6
22.32
24.75
27.17
29.71
32.33
34.65
37.16
39.75
42.23
44.69
47.33
49.76
52.32
54.98
57.45
59.87
62.54
65
67.45
70.09
72.56
75.03
77.7
80.11
82.57
85.3
