146
64
84
144.37
153.73
138.88
159.12
156.57
158.84
163.29
152.69
136.14
147.68
141.15
146.07
148.43
152.41
138.22
157.04
145.69
140.11
146.45
147.68
143.33
143.52
128
138.41
140.68
145.03
152.41
124.5
142.47
145.03
142.66
154.77
133.3
139.73
142.29
145.69
156.1
140.11
123.27
148.81
143.42
152.41
143.42
137.37
146.45
149.29
134.81
134.15
141.62
147.39
161.68
147.39
148.25
136.7
146.83
153.35
145.6
154.11
175.4
162.44
196.4
151.93
139.07
153.16
160.17
904.89
917.66
917.66
0.52
3.12
3.99
2.95
0.26
2.69
2.08
4.25
3.9
4.42
1.39
3.81
4.07
-133.47
-130.09
-133.91
-160.43
-153.49
-139.11
-154.01
-136.68
-138.15
-140.75
-138.93
-136.42
-143.01
-131.65
-142.31
-133.21
-142.57
-132.26
-145.52
-140.84
-144.48
-147.95
-138.85
-138.59
-133.56
-135.81
-141.53
-135.12
-134.43
-126.19
-136.07
-141.27
-130.87
-140.93
-135.29
-139.8
-135.29
-127.58
-148.21
-135.55
-137.55
-147.25
-138.07
-152.89
-142.57
-144.65
-151.76
-133.39
-149.42
-136.85
-137.63
-150.63
-138.24
-139.89
-136.42
-144.83
-151.67
-153.06
-153.06
-147.08
-136.77
-144.39
-145
-139.02
-132.86
65.44
62.97
60.34
57.88
55.42
52.77
50.28
47.77
45.46
42.74
40.24
37.87
35.17
32.74
30.2
27.71
25.19
22.53
20.14
17.63
15.14
12.68
10.07
6.69
3.3
-0.29
-3.99
-7.1
-10.64
-13.21
-15.68
-18.25
-20.77
-23.39
-25.81
-28.28
-30.9
-33.13
-35.87
-38.48
-40.76
-43.36
-46.05
-48.27
-50.92
-53.63
-55.89
-58.54
-61.17
-63.65
-66.07
-68.73
-71.22
-73.52
-76.29
-78.77
-81.15
-83.9
-86.35
-88.5
-91.43
-93.9
-96.09
-98.98
-101.44
-102.58
-102.86
-102.79
-102.7
-102.81
-102.81
-102.82
-102.53
-102.45
-99.6
-96.78
-94.3
-91.83
-89.13
-86.79
-84.28
-81.79
-79.2
-76.72
-74.09
-71.68
-69.14
-66.7
-64.06
-61.62
-59.15
-56.5
-54.05
-51.59
-48.91
-46.51
-43.99
-41.39
-38.91
-36.47
-33.77
-31.33
-28.9
-26.28
-23.74
-21.33
-18.66
-16.2
-13.75
-11.29
-7.98
-4.53
-1.12
2.5
5.92
9.28
12.17
14.61
17.07
19.69
22.21
24.66
27.3
29.77
32.23
34.74
37.25
39.68
42.31
44.82
47.26
49.83
52.44
54.86
57.35
59.96
62.43
64.91
67.51
70.02
72.5
75.14
77.61
80.04
82.67
85.19
