153
71
91
0.47
0.09
2.27
1.23
-0.38
162.72
153.07
151.37
154.77
139.45
157.8
155.81
161.49
166.69
154.3
139.64
152.12
143.99
152.5
146.54
152.79
138.78
154.49
148.15
141.34
150.52
149.57
144.46
145.88
131.22
140.3
142.38
144.27
150.52
130.36
144.84
160.07
143.04
158.46
134.91
139.64
149.29
147.39
155.91
145.41
125.63
151.84
147.49
155.44
141.53
140.01
144.46
148.34
141.24
134.34
146.35
145.79
161.68
147.11
151.56
140.2
148.62
153.35
150.99
152.88
174.64
167.54
193.75
151.37
140.68
158.75
160.73
882
912.46
911.61
2.86
3.12
5.89
3.29
3.73
1.82
0.78
2.08
5.72
0.87
1.99
4.16
0.61
-130.7
-128.88
-136.94
-159.13
-153.67
-143.27
-153.32
-134.77
-138.5
-142.83
-138.24
-137.46
-141.27
-134.51
-142.57
-134.95
-141.19
-132.6
-148.64
-141.79
-145.69
-151.33
-139.45
-142.23
-135.47
-136.68
-141.36
-135.9
-133.65
-125.67
-140.23
-142.49
-132.52
-139.63
-140.06
-138.33
-135.47
-127.58
-148.55
-136.94
-137.72
-146.56
-138.93
-151.85
-143.18
-148.99
-148.9
-133.21
-151.15
-137.29
-142.05
-148.64
-138.24
-137.63
-138.76
-145.87
-151.67
-153.58
-153.93
-148.55
-138.85
-151.41
-144.57
-140.67
-136.16
83.09
80.63
77.95
75.54
73.2
70.39
67.99
65.66
62.86
60.36
57.9
55.32
52.78
50.3
47.69
45.21
42.73
40.16
37.63
35.16
32.91
30.22
27.71
25.24
22.63
20.12
17.66
15.07
12.52
10.06
6.54
3.07
-0.32
-3.87
-7.43
-10.66
-13.27
-15.7
-18.23
-20.82
-23.34
-25.85
-28.34
-30.81
-33.36
-35.94
-38.39
-40.95
-43.41
-46
-48.47
-50.95
-53.52
-56.06
-58.56
-61.07
-63.59
-66.14
-68.63
-71.16
-73.68
-76.25
-78.69
-81.19
-83.84
-86.27
-88.77
-91.36
-93.84
-96.33
-98.78
-101.4
-102.71
-102.76
-102.8
-102.76
-102.77
-102.78
-102.75
-102.78
-102.41
-99.49
-96.89
-94.25
-91.72
-89.34
-86.69
-84.25
-81.91
-79.17
-76.71
-74.2
-71.61
-69.11
-66.63
-64.02
-61.6
-59.06
-56.43
-54.03
-51.51
-48.83
-46.42
-43.92
-41.3
-38.81
-36.41
-33.63
-31.26
-28.79
-26.41
-23.68
-21.24
-18.8
-16.12
-13.67
-11.24
-7.92
-4.52
-1.1
2.56
6
9.33
12.24
14.66
17.14
19.81
22.27
24.67
27.37
29.85
32.24
34.82
37.36
39.73
42.23
44.84
47.34
49.74
52.5
54.98
57.4
60.08
62.53
64.94
67.65
70.06
72.53
75.17
77.69
80.13
82.76
85.26
