102
20
83
157.71
153.45
143.14
149.57
135
145.79
151.37
136.04
135.28
139.54
138.6
155.34
145.41
150.61
146.07
141.72
149.95
133.77
143.04
144.56
138.31
152.03
145.31
140.68
146.83
148.34
153.35
144.74
154.68
129.99
145.97
140.58
158.75
136.04
144.84
146.54
150.14
151.18
152.12
142.29
175.87
167.64
185.52
155.91
146.07
154.39
157.33
697.71
878.02
880.96
0.95
-1.56
-0.17
0.61
-2.43
4.16
0.87
1.56
1.04
-0.17
-0.61
0.35
2.51
-137.2
-125.15
-145.26
-185.04
-147.08
-151.85
-150.63
-142.57
-145.95
-145.95
-142.14
-141.19
-144.31
-148.29
-144.83
-135.47
-141.97
-137.03
-148.03
-152.45
-150.72
-143.53
-148.38
-148.73
-138.5
-136.51
-139.97
-140.06
-145.95
-131.48
-142.4
-136.77
-136.77
-150.81
-135.73
-135.47
-130.96
-140.06
-145.95
20.18
17.71
15.34
12.56
10.15
6.84
3.17
-0.34
-3.67
-7.13
-10.56
-13.12
-15.54
-18.29
-20.67
-23.09
-25.73
-28.29
-30.65
-33.34
-35.81
-38.28
-40.78
-43.39
-45.8
-48.47
-50.88
-53.41
-55.89
-58.57
-60.94
-63.5
-66.05
-68.6
-71.01
-73.67
-76.04
-78.61
-81.23
-83.68
-86.08
-88.76
-91.13
-93.73
-96.31
-98.76
-101.22
-103.05
-103.29
-103.46
-103.48
-103.33
-103.43
-103.48
-103.21
-102.3
-99.16
-96.46
-93.93
-91.55
-88.84
-86.44
-83.98
-81.38
-78.83
-76.5
-73.79
-71.31
-68.89
-66.24
-63.74
-61.35
-58.61
-56.22
-53.74
-50.92
-48.6
-46.2
-43.48
-41.07
-38.56
-36.21
-33.44
-31.04
-28.62
-25.98
-23.49
-21.04
-18.41
-15.95
-13.46
-10.79
-7.61
-4.25
-0.5
2.75
6.23
9.92
12.42
14.83
17.38
19.96
