140
58
82
157.61
164.14
159.88
157.8
153.26
166.31
157.61
161.77
142.85
151.37
155.81
171.14
162.25
153.54
156
152.31
158.56
156.57
148.15
147.49
143.99
151.18
159.03
142.95
143.42
149.76
141.91
164.9
149.66
152.69
155.62
152.12
164.04
144.37
149.48
150.89
152.88
161.21
149.66
141.24
147.39
154.3
159.5
152.12
164.61
135.19
146.92
144.18
160.83
142.95
153.26
149.29
153.26
153.45
151.75
145.41
177.76
164.52
184.86
162.53
149.19
161.87
165.75
710.1
898.27
893.63
-4.25
-0.17
2.6
-1.82
0.09
0.87
1.04
15.17
1.73
-1.82
1.3
1.65
-156.01
-144.57
-130.09
-153.32
-191.02
-151.85
-159.82
-151.76
-146.73
-155.31
-149.42
-144.83
-147.69
-146.91
-151.33
-149.07
-140.75
-145.35
-140.15
-161.29
-156.27
-155.14
-151.24
-154.36
-153.49
-145.43
-142.49
-147.17
-146.39
-154.36
-140.06
-148.9
-140.67
-146.65
-152.97
-142.66
-142.83
-135.81
-146.99
-152.54
-138.67
-150.46
-143.01
-152.45
-158.17
-147.69
-155.4
-147.86
-147.95
-166.41
-141.53
-161.99
-152.19
-145.78
-151.76
-150.55
-156.87
-159.73
-167.36
-158.43
-152.37
-150.55
60.64
58.07
55.5
53.05
50.46
47.93
45.49
42.82
40.34
37.89
35.32
32.86
30.45
28.03
25.34
22.86
20.51
17.75
15.31
12.83
10.19
6.82
3.45
-0.19
-3.63
-7.1
-10.24
-13.1
-15.53
-18.02
-20.6
-23.15
-25.57
-28.28
-30.65
-33.17
-35.71
-38.29
-40.74
-43.21
-45.81
-48.21
-50.52
-53.42
-55.84
-58.28
-60.92
-63.48
-65.64
-68.63
-70.99
-73.29
-76.1
-78.63
-80.74
-83.77
-86.12
-88.52
-90.97
-93.75
-96.01
-98.61
-101.25
-102.87
-103.47
-103.5
-103.21
-103.46
-103.52
-103.37
-103.42
-102.2
-98.85
-96.4
-93.9
-91.35
-88.76
-86.43
-83.78
-81.35
-78.8
-76.3
-73.54
-71.24
-68.67
-66.15
-63.69
-61.11
-58.54
-56.17
-53.53
-51.05
-48.53
-46.04
-43.24
-40.98
-38.42
-35.62
-33.35
-30.89
-28.12
-25.94
-23.31
-20.66
-18.31
-15.79
-13.17
-10.77
-7.39
-3.81
-0.43
3.05
6.53
9.99
12.55
15.11
17.58
20.08
22.66
25.12
27.69
30.2
32.68
35.16
37.7
40.24
42.69
45.18
47.8
50.25
52.87
55.39
57.9
60.43
62.85
65.48
68.02
70.4
73.08
75.53
