97
40
58
121.28
137.65
125.82
129.14
127.34
132.35
131.12
140.68
128.38
144.74
117.97
130.55
123.65
127.34
122.99
141.24
131.88
138.69
138.97
147.49
117.12
140.58
120.53
137.74
119.3
122.51
120.72
114.66
126.49
127.81
124.78
121.28
128.66
122.23
133.3
124.22
125.16
111.35
122.13
122.8
130.27
124.5
116.46
135
924.19
920.41
923.62
0.52
3.55
3.12
-1.73
0.87
-2.17
-0.17
-135.47
-127.75
-132.08
-120.99
-116.22
-120.47
-127.23
-119.78
-126.97
-120.47
-118.91
-129.83
-128.18
-120.38
-119.08
-112.06
-113.1
-117.52
-129.74
-123.5
-121.6
-123.85
-133.13
-123.94
-141.97
-123.76
-122.72
-129.31
-133.04
-115.44
-128.01
-113.02
-124.98
-134.17
-141.36
-117.44
-131.91
-129.48
-131.39
-130.18
-131.91
-123.07
-116.14
61.06
58.04
55.01
52.04
48.89
45.75
42.84
39.78
36.7
33.65
30.73
27.72
25.02
21.99
18.87
15.81
12.71
9.62
5.39
1.24
-2.96
-7.14
-11.06
-13.85
-17.01
-20.1
-23.13
-26.19
-29.24
-32.25
-35.28
-38.31
-41.33
-44.31
-47.37
-50.45
-53.42
-56.16
-59.21
-62.37
-65.42
-68.46
-71.49
-74.56
-75.31
-75.31
-75.31
-75.34
-75.34
-75.32
-75.34
-75.31
-75.33
-73.93
-70.78
-67.62
-64.57
-61.45
-58.57
-55.47
-52.35
-49.45
-46.27
-43.6
-40.44
-37.38
-34.38
-31.36
-28.37
-25.29
-22.25
-19.16
-16.43
-13.36
-10.12
-5.92
-1.81
2.43
6.49
10.52
13.64
16.6
19.6
22.72
25.76
28.6
31.58
34.64
37.64
40.7
43.7
46.74
49.83
52.89
55.99
58.74
61.76
