88
35
53
127.15
134.43
132.26
128.57
131.69
140.01
137.55
129.14
139.64
119.01
137.55
122.8
126.58
141.62
127.05
132.35
135.47
143.52
123.65
137.84
117.31
135.1
125.16
116.08
119.77
118.44
128.28
126.77
125.35
116.74
124.31
126.86
127.81
115.99
120.34
120.05
131.78
115.8
119.86
936.49
950.21
941.98
2.25
-1.39
3.03
0.78
-1.21
1.65
-99.32
-122.98
-126.71
-116.57
-120.64
-117.52
-126.19
-120.82
-125.32
-114.58
-130.78
-127.32
-122.46
-113.62
-112.41
-116.31
-123.59
-132.43
-122.46
-125.5
-129.83
-133.82
-140.49
-130.96
-123.85
-131.39
-135.55
-120.64
-129.57
-124.63
-128.79
-139.02
-130.87
-133.3
-135.38
-126.8
-121.51
-129.14
-127.4
-118.39
60.69
57.22
53.9
50.88
47.51
44.06
40.71
37.26
33.93
30.57
27.31
23.88
20.53
17.48
14.09
10.6
6.08
1.53
-3.18
-7.75
-11.82
-15.32
-18.56
-21.95
-25.41
-28.78
-32.11
-35.46
-38.67
-42.2
-45.21
-48.61
-52.07
-55.43
-58.73
-62.19
-65.55
-68.9
-72.32
-75.2
-75.23
-75.24
-75.22
-75.25
-75.23
-75.24
-75.24
-74.98
-72.36
-69.12
-65.6
-62.23
-58.91
-55.48
-52.05
-48.7
-45.36
-42.3
-38.85
-35.46
-32.11
-28.81
-25.41
-22.03
-18.63
-15.24
-11.76
-8.21
-3.61
1.22
5.93
10.39
13.75
17.11
20.49
23.87
27.2
30.54
33.87
37.21
40.69
43.75
47.07
50.66
54
57.38
60.7
64.07
