87
35
53
119.96
134.53
122.13
125.45
128.76
135.19
129.89
120.53
140.77
113.53
127.72
115.42
134.34
137.65
125.07
129.04
129.8
138.31
117.88
130.18
116.46
129.04
111.44
122.89
117.12
115.89
131.97
132.16
128.66
117.12
125.45
131.69
129.23
110.12
112.86
110.12
121.76
112.58
114.85
750.59
981.24
978.97
6.15
2.08
5.03
3.9
5.89
0.87
-105.82
-117.78
-120.12
-109.81
-110.24
-120.12
-127.4
-114.32
-123.24
-113.19
-126.19
-119.08
-122.12
-116.92
-104.96
-111.8
-110.85
-124.63
-119.17
-117.7
-127.58
-120.3
-137.46
-117.52
-122.12
-119.26
-123.85
-116.4
-119
-121.42
-126.1
-132
-127.58
-125.24
-124.72
-119
-116.05
-124.89
-115.27
60.92
57.55
54.1
50.82
47.32
44.12
40.58
37.23
33.95
30.93
27.57
24.09
20.74
17.37
13.98
10.62
6.17
1.55
-3.15
-7.31
-11.5
-15.04
-18.48
-21.86
-25.21
-28.62
-31.96
-35.23
-38.64
-42.01
-45.36
-48.74
-52.06
-55.44
-58.54
-62
-65.37
-68.85
-72.17
-75.35
-75.46
-75.47
-75.47
-75.47
-75.48
-75.48
-75.49
-75.16
-72.4
-69.17
-65.79
-62.47
-59.02
-55.64
-52.18
-48.96
-45.49
-42.14
-38.78
-35.43
-32.38
-28.99
-25.59
-22.16
-18.81
-15.45
-11.99
-8.09
-3.44
0.89
5.5
10.11
13.63
16.9
20.36
23.84
27.16
30.39
33.82
37.1
40.55
43.76
47.26
50.64
54.01
57.09
60.6
