113
48
66
126.39
131.41
135.47
122.51
124.4
124.97
131.22
132.26
135.95
126.77
131.97
131.97
113.53
126.2
117.97
122.13
118.82
122.23
129.14
117.5
130.27
126.77
132.54
144.37
116.17
129.51
111.54
123.36
113.43
111.07
115.42
112.96
114.66
107.85
130.65
127.05
123.18
124.03
127.34
118.54
126.86
124.4
122.04
125.35
122.42
119.86
109.74
116.46
124.59
118.44
112.39
125.16
843.4
928.07
920.88
0.43
-0.95
0.52
8.15
-0.78
1.99
-125.67
-122.81
-126.1
-127.23
-113.88
-114.58
-119.43
-122.12
-120.64
-120.82
-125.15
-125.41
-118.56
-115.88
-120.56
-129.57
-114.58
-112.32
-109.12
-110.07
-114.32
-112.41
-124.98
-118.22
-127.14
-112.5
-124.02
-130.52
-127.84
-131.3
-116.74
-115.01
-114.75
-125.84
-130.18
-118.22
-119.6
-121.34
-119.69
-124.28
-124.28
-133.65
-124.11
-119.26
-132.69
-126.02
-124.11
-119.34
-122.98
-119.52
-121.25
-113.02
60.64
58.18
55.65
53.03
50.55
48.04
45.42
42.84
40.31
37.83
35.33
33.07
30.42
28.05
25.44
22.91
20.36
17.9
15.31
12.75
10.24
6.9
3.66
0.21
-3.6
-6.88
-10.39
-12.91
-15.54
-18.02
-20.53
-23.11
-25.61
-28.18
-30.73
-33.19
-35.74
-37.94
-40.59
-43.12
-45.65
-48.18
-50.73
-53.24
-55.76
-58.36
-60.94
-63.14
-65.88
-68.28
-70.86
-73.45
-75.14
-75.17
-75.15
-75.16
-75.16
-75.14
-75.17
-75.16
-74.39
-71.42
-68.73
-66.5
-63.91
-61.28
-58.79
-56.24
-53.77
-51.2
-48.66
-46.1
-43.61
-41.1
-38.75
-36.18
-33.62
-31.12
-28.59
-26.05
-23.5
-20.93
-18.42
-15.95
-13.39
-10.86
-7.56
-4.07
-0.69
2.89
6.38
9.92
12.18
14.8
17.37
19.88
22.42
24.98
27.48
29.94
32.45
34.79
37.27
39.83
42.44
45.01
47.56
50.09
52.56
55.16
57.73
60.2
62.74
