115
49
67
125.07
125.07
131.78
127.34
121.19
124.4
127.81
129.32
121.76
130.46
118.92
128.95
117.03
113.53
121
108.7
121.28
123.55
126.77
114.85
120.62
136.51
128.76
139.07
122.23
123.84
125.54
112.3
129.61
120.34
120.24
124.78
120.43
117.78
132.26
136.42
145.41
135.28
138.78
131.97
130.65
131.41
125.92
133.96
109.08
115.32
117.5
106.62
129.32
116.36
114.19
108.23
122.99
939.42
940.84
939.71
3.47
7.28
3.81
10.14
3.55
7.63
2.17
-121.42
-111.8
-121.94
-110.5
-108.08
-112.84
-120.38
-123.59
-123.24
-126.19
-127.84
-127.14
-119
-129.83
-133.47
-129.83
-116.83
-112.24
-103.66
-113.02
-110.24
-125.32
-116.05
-116.4
-124.11
-111.28
-128.01
-119.86
-121.86
-128.44
-113.28
-116.74
-116.66
-128.96
-118.48
-106.6
-119.17
-104.44
-112.58
-119.34
-119.78
-122.12
-109.2
-115.36
-112.84
-113.54
-110.33
-106
-119.6
-113.62
-108.6
-110.33
62.15
59.56
57.14
54.52
51.93
49.38
47.14
44.56
42.02
39.43
36.92
34.38
31.93
29.36
26.93
24.39
22.05
19.54
17.02
14.31
11.86
9.04
5.58
2.04
-1.32
-4.82
-8.41
-11.4
-13.96
-16.53
-19.02
-21.57
-24.1
-26.72
-28.93
-31.53
-34.06
-36.52
-39.12
-41.64
-44.19
-46.69
-49.22
-51.78
-54.37
-56.61
-59.35
-61.79
-64.35
-66.83
-69.4
-71.97
-74.45
-75.35
-75.34
-75.34
-75.37
-75.34
-75.35
-75.33
-75.35
-75.12
-72.71
-70.01
-67.48
-64.92
-62.44
-60.02
-57.48
-54.91
-52.34
-49.83
-47.39
-44.84
-42.24
-39.78
-37.12
-34.93
-32.37
-29.83
-27.24
-24.66
-22.15
-19.61
-17.07
-14.56
-11.94
-9.48
-5.96
-2.34
1.21
4.62
8.12
11.16
13.72
16.3
18.76
21.33
23.86
26.35
28.89
31.33
33.86
36.12
38.69
41.24
43.83
46.31
48.94
51.53
54.03
56.46
59.06
61.58
63.89
