155
68
89
125.63
125.35
110.97
120.81
110.78
114.28
121.47
130.08
115.61
111.25
124.31
129.04
115.89
128.28
134.62
129.23
118.54
137.55
141.62
119.11
118.26
125.35
109.08
117.59
130.55
111.35
102.65
111.92
117.59
114.38
122.32
132.73
115.13
135.66
131.22
122.7
133.01
134.34
128.57
130.93
127.53
126.49
125.63
125.35
128.57
119.77
127.91
127.91
132.26
131.31
125.26
122.7
123.08
132.07
120.53
119.77
112.67
130.36
120.81
110.59
128.95
137.27
122.13
137.27
130.36
123.93
115.99
129.61
124.69
113.43
131.03
829.3
824.19
822.96
-1.21
-0.61
-1.99
1.04
-0.87
2.86
-1.04
0.61
-0.69
-2.34
-0.09
-129.66
-125.58
-120.99
-126.71
-123.33
-128.27
-130.18
-122.55
-124.37
-130.26
-119.43
-119.26
-130.61
-131.3
-124.11
-115.62
-125.93
-126.71
-124.2
-124.8
-133.65
-123.33
-127.92
-130.78
-127.32
-120.21
-130.44
-127.32
-119.52
-126.02
-132.43
-122.29
-119.6
-128.18
-123.24
-127.23
-135.47
-123.68
-106.34
-120.3
-109.46
-111.2
-113.71
-111.11
-113.71
-130.7
-122.9
-122.98
-120.3
-136.16
-125.84
-124.11
-138.24
-121.6
-117.96
-122.38
-119.34
-118.82
-102.53
-123.24
-114.75
-102.27
-121.25
-129.48
-110.16
-112.24
-118.48
-109.98
-107.9
-118.48
65.16
63.11
61.24
59.48
57.48
55.55
53.71
51.77
50.02
48.03
46.1
44.36
42.32
40.58
38.54
36.64
34.93
32.92
31.03
29.16
27.35
25.52
23.52
21.67
19.88
17.86
16
14.22
12.2
10.29
7.86
5.23
2.75
0.05
-2.62
-5.06
-7.78
-10.24
-12.22
-14.17
-15.99
-17.95
-19.88
-21.71
-23.61
-25.46
-27.4
-29.29
-31.09
-33.06
-34.94
-36.71
-38.68
-40.61
-42.45
-44.42
-46.16
-48.17
-50.07
-51.88
-53.81
-55.62
-57.63
-59.54
-61.31
-63.31
-65.18
-66.98
-68.97
-70.82
-72.7
-73.02
-72.91
-73.02
-73.04
-72.91
-73.01
-72.92
-73.01
-73.02
-72.93
-73.01
-72.94
-72
-69.95
-67.91
-65.98
-64.07
-62.14
-60.32
-58.41
-56.46
-54.61
-52.65
-50.85
-48.94
-46.98
-45.17
-43.28
-41.32
-39.55
-37.58
-35.71
-33.84
-31.87
-30.12
-28.24
-26.23
-24.42
-22.42
-20.66
-18.76
-16.77
-15
-13.08
-11.07
-8.91
-6.13
-3.82
-1.12
1.69
4.16
6.72
9.5
11.4
13.31
15.18
17.07
19.1
20.84
22.74
24.75
26.53
28.55
30.2
32.08
34.14
35.87
37.82
39.76
41.54
43.57
45.32
47.22
49.26
51.03
52.95
54.95
56.67
58.59
60.46
62.37
64.4
66.16
68.05
