155
68
88
136.33
121.57
139.45
134.81
131.59
129.04
141.43
128.38
124.22
144.08
140.87
125.16
136.8
142.66
135.1
118.07
133.39
139.16
117.21
117.88
135.66
123.84
128.66
140.3
126.3
120.72
135.76
140.87
126.2
124.22
143.7
123.08
144.37
138.12
119.11
122.7
142.29
125.92
115.89
127.24
119.39
106.9
119.96
130.74
106.34
124.31
126.77
115.23
117.21
134.05
131.97
108.89
139.35
144.18
116.27
123.27
138.31
119.2
110.59
130.84
134.91
111.35
134.91
133.58
110.5
108.98
138.41
117.69
111.92
137.74
129.51
789.29
786.45
783.14
2.17
2.77
3.55
1.82
2.95
1.39
2.69
3.73
2.34
-2.69
-127.84
-145.61
-108.08
-120.56
-135.64
-114.14
-125.06
-140.32
-132.78
-115.1
-134.77
-135.64
-103.92
-137.81
-155.4
-114.58
-126.45
-146.73
-117
-118.91
-133.47
-146.65
-108.42
-125.5
-133.65
-106.17
-113.28
-124.37
-122.9
-106.26
-122.64
-139.11
-110.24
-127.66
-135.38
-115.18
-136.68
-142.14
-126.45
-122.98
-130.61
-116.92
-113.19
-131.56
-119.69
-106.43
-123.68
-122.03
-107.73
-123.16
-121.25
-114.4
-117.18
-131.13
-123.85
-120.47
-129.05
-136.07
-119.69
-112.32
-136.42
-132.52
-116.4
-130.09
-129.14
-116.22
-121.08
-133.3
-108.42
-102.27
-123.07
65.14
63.23
61.38
59.45
57.59
55.86
53.78
51.87
49.99
48.15
46.24
44.31
42.44
40.68
38.65
36.74
34.92
33.08
31.1
29.33
27.47
25.67
23.68
21.79
19.86
18.02
16.13
14.22
12.31
10.58
8.07
5.35
2.78
0.2
-2.48
-5.03
-7.59
-10.12
-12.09
-14.05
-15.97
-17.84
-19.71
-21.59
-23.51
-25.33
-27.28
-29.18
-31.11
-32.89
-34.84
-36.68
-38.55
-40.41
-42.35
-44.27
-46.12
-48.03
-49.99
-51.78
-53.7
-55.62
-57.47
-59.42
-61.28
-63.18
-64.99
-66.92
-68.86
-70.68
-72.57
-72.66
-72.72
-72.7
-72.66
-72.67
-72.67
-72.6
-72.7
-72.7
-72.7
-72.67
-72.69
-71.94
-69.88
-67.81
-65.88
-63.98
-62.06
-60.17
-58.24
-56.42
-54.51
-52.5
-50.74
-48.85
-46.9
-45.09
-43.19
-41.26
-39.39
-37.4
-35.57
-33.73
-31.84
-30.02
-28.02
-26.2
-24.32
-22.29
-20.53
-18.63
-16.74
-14.87
-12.94
-11.04
-8.74
-5.96
-3.58
-0.93
1.72
4.25
6.91
9.5
11.51
13.55
15.29
17.18
19.09
20.98
22.88
24.73
26.66
28.68
30.32
32.23
34.13
35.97
37.92
39.74
41.64
43.71
45.42
47.35
49.21
51.15
53.07
54.91
56.77
58.87
60.57
62.47
64.36
66.26
68.13
