155
68
89
146.73
145.6
124.22
144.84
161.96
144.74
147.49
162.15
148.62
131.88
150.23
134.24
117.97
127.91
118.82
111.35
111.73
112.86
114
110.88
103.31
111.44
119.58
118.82
119.2
118.73
112.96
116.65
133.49
118.35
125.54
121.95
121.66
126.58
117.12
113.43
114.94
112.77
114
116.74
117.97
98.86
115.51
103.02
113.05
115.23
116.74
114.76
124.22
123.55
133.2
117.12
128.85
136.61
129.8
132.54
130.65
131.78
114.47
119.77
120.53
112.67
110.12
122.99
106.81
108.51
105.29
115.04
113.53
109.65
114.76
809.15
800.16
798.75
-2.34
4.25
1.13
0.78
-3.21
-0.95
1.73
-0.95
-0.87
-3.64
2.08
-121.68
-123.85
-121.68
-126.8
-123.5
-121.34
-136.07
-128.01
-128.62
-137.29
-141.45
-136.25
-143.01
-148.03
-135.29
-130.18
-138.93
-139.54
-120.99
-126.19
-127.49
-120.56
-121.42
-120.64
-116.74
-112.93
-114.4
-127.23
-119.52
-119.34
-140.93
-128.27
-120.56
-137.63
-132.69
-113.36
-135.21
-116.83
-119.6
-110.85
-91.96
-110.68
-109.64
-90.14
-98.02
-99.58
-102.18
-103.4
-102.62
-98.8
-99.67
-99.06
-109.46
-112.5
-107.73
-104.26
-116.74
-119.34
-101.4
-118.22
-115.79
-108.34
-115.7
-132
-110.94
-113.71
-117
-118.04
-106.95
-115.44
65.24
63.23
61.28
59.38
57.55
55.78
53.74
51.85
50.07
48.09
46.18
44.26
42.37
40.58
38.6
36.72
34.99
32.96
31.09
29.39
27.4
25.66
23.64
21.71
19.98
17.98
16.08
14.2
12.3
10.49
7.96
5.34
2.84
0.11
-2.59
-5.12
-7.69
-10.2
-12.17
-14.09
-15.93
-17.9
-19.75
-21.58
-23.53
-25.39
-27.36
-29.25
-31.03
-32.96
-34.86
-36.71
-38.65
-40.46
-42.41
-44.34
-46.12
-48.08
-50.03
-51.88
-53.76
-55.6
-57.55
-59.46
-61.27
-63.2
-65.11
-67.01
-68.9
-70.74
-72.66
-73
-72.9
-72.96
-72.99
-72.87
-72.97
-72.87
-72.99
-73
-72.9
-73
-72.94
-71.97
-69.9
-67.82
-65.91
-64.01
-62.05
-60.26
-58.33
-56.47
-54.57
-52.58
-50.8
-48.89
-46.93
-45.14
-43.22
-41.24
-39.46
-37.43
-35.64
-33.77
-31.83
-30.04
-28.18
-26.28
-24.35
-22.38
-20.6
-18.7
-16.72
-14.93
-13
-11.08
-8.84
-6.01
-3.67
-1.04
1.78
4.21
6.8
9.55
11.48
13.49
15.26
17.16
19.17
20.9
22.85
24.69
26.59
28.65
30.32
32.18
34.21
35.92
37.86
39.7
41.6
43.64
45.37
47.29
49.32
51.09
53.01
54.98
56.72
58.84
60.45
62.42
64.49
66.19
68.1
