155
68
88
152.69
141.15
132.73
145.69
148.91
131.5
146.45
150.04
140.01
140.96
144.46
136.51
129.8
142.76
136.8
119.01
134.62
134.72
120.53
118.35
132.64
122.51
119.39
135.76
130.18
120.81
136.99
134.34
130.55
133.39
140.87
136.33
137.46
143.7
131.69
112.77
136.99
124.22
116.65
117.03
128.47
119.39
126.96
132.64
115.61
111.25
129.23
119.01
107
123.74
128.28
113.34
131.5
135
124.97
128.57
130.36
129.7
113.9
130.74
133.68
109.36
124.12
141.06
109.46
100.28
116.93
119.11
96.4
123.08
125.92
782.38
778.97
780.58
1.21
1.99
0.26
0.09
1.39
-0.78
-1.39
-1.39
-0.69
-2.86
-123.42
-138.76
-117.7
-139.19
-141.36
-117.87
-137.55
-153.58
-119
-127.32
-153.15
-133.47
-114.66
-138.59
-139.89
-119.6
-128.62
-135.03
-111.11
-113.45
-139.63
-120.99
-99.5
-137.2
-130.96
-115.44
-124.63
-145.61
-124.8
-127.4
-149.07
-131.3
-126.45
-148.29
-143.09
-121.34
-147.69
-148.12
-130
-139.89
-138.5
-127.75
-127.75
-143.18
-130.52
-115.79
-141.01
-135.9
-111.54
-137.46
-142.49
-123.59
-131.48
-150.63
-131.04
-122.81
-150.2
-146.13
-106.43
-137.37
-148.64
-122.03
-130.26
-146.73
-133.21
-135.03
-140.58
-146.73
-128.53
-136.85
-150.98
65.07
63.16
61.3
59.38
57.53
55.76
53.74
51.83
50.05
48.04
46.13
44.21
42.37
40.63
38.61
36.69
34.83
32.95
31.05
29.23
27.35
25.48
23.59
21.71
19.91
17.93
16.05
14.16
12.23
10.48
7.93
5.26
2.81
0.1
-2.59
-5.16
-7.69
-10.29
-12.21
-14.13
-16.03
-17.89
-19.8
-21.69
-23.54
-25.42
-27.35
-29.29
-31.06
-32.98
-34.88
-36.74
-38.66
-40.48
-42.39
-44.37
-46.12
-48.13
-50.03
-51.87
-53.76
-55.68
-57.57
-59.48
-61.36
-63.26
-65.12
-67.01
-68.94
-70.77
-72.62
-72.8
-72.73
-72.8
-72.82
-72.82
-72.81
-72.71
-72.82
-72.8
-72.72
-72.8
-72.81
-72
-69.95
-67.91
-65.94
-64.07
-62.16
-60.23
-58.4
-56.5
-54.56
-52.6
-50.82
-48.9
-46.92
-45.16
-43.26
-41.33
-39.49
-37.5
-35.65
-33.77
-31.87
-30.08
-28.18
-26.31
-24.35
-22.48
-20.64
-18.74
-16.82
-14.96
-13.04
-11.09
-8.85
-6.08
-3.68
-1.05
1.69
4.17
6.82
9.38
11.42
13.48
15.19
17.1
19.14
20.93
22.76
24.68
26.6
28.45
30.26
32.15
34.03
35.91
37.84
39.7
41.58
43.63
45.36
47.22
49.29
51.09
52.99
54.84
56.71
58.78
60.5
62.38
64.45
66.17
68.07
