155
68
89
182.02
212.2
167.45
166.03
183.91
170.86
147.02
165.75
156.76
143.14
152.03
148.25
140.68
137.08
158.94
153.35
150.33
149.66
155.44
145.31
139.07
135.1
152.22
143.14
123.18
142.47
145.97
134.81
135.57
152.03
145.03
138.12
139.35
156.57
149.95
137.84
149.38
154.3
145.41
155.34
141.91
150.89
146.54
148.91
159.31
139.35
146.83
163.67
137.37
144.74
157.89
149
147.2
156.85
161.77
147.68
150.23
156.38
148.81
133.96
154.77
148.72
127.81
154.39
154.21
138.31
136.61
148.25
129.89
127.53
132.16
864.78
852.95
850.49
5.89
3.38
2.77
3.9
5.11
1.91
0.87
5.29
3.12
-0.26
4.94
-143.53
-136.94
-158.61
-148.21
-139.45
-153.32
-166.06
-138.59
-149.42
-165.11
-144.83
-146.65
-158.69
-149.77
-141.01
-151.33
-163.89
-141.1
-147.51
-156.61
-140.15
-133.04
-145.35
-147.51
-140.32
-146.04
-160.08
-146.3
-142.14
-140.32
-133.99
-138.85
-151.41
-141.97
-141.45
-136.94
-142.92
-146.56
-134.51
-140.84
-148.21
-142.49
-132.86
-134.17
-140.41
-139.37
-141.1
-148.29
-145.95
-152.02
-146.99
-167.36
-161.81
-154.1
-146.91
-164.59
-151.41
-130.44
-153.23
-162.07
-138.93
-143.79
-157.31
-140.41
-134.51
-149.59
-166.49
-136.68
-155.23
-169.35
65.25
63.24
61.43
59.4
57.51
55.8
53.76
51.9
50.13
48.07
46.35
44.29
42.42
40.68
38.65
36.72
34.97
33
31.09
29.26
27.41
25.63
23.65
21.72
19.97
17.99
16.21
14.17
12.28
10.55
7.95
5.32
2.88
0.14
-2.52
-5.07
-7.66
-10.17
-12.15
-14.1
-15.91
-17.87
-19.76
-21.65
-23.51
-25.37
-27.33
-29.2
-31.06
-32.96
-34.79
-36.7
-38.65
-40.45
-42.34
-44.33
-46.09
-48.04
-49.93
-51.86
-53.7
-55.59
-57.52
-59.43
-61.23
-63.22
-65.11
-66.97
-68.94
-70.72
-72.67
-72.9
-72.83
-72.9
-72.83
-72.87
-72.93
-72.83
-72.9
-72.92
-72.83
-72.93
-72.75
-71.94
-69.92
-67.82
-65.92
-64.03
-62.05
-60.25
-58.3
-56.47
-54.57
-52.61
-50.78
-48.85
-46.92
-45.14
-43.13
-41.29
-39.48
-37.44
-35.66
-33.77
-31.81
-30
-28.14
-26.25
-24.35
-22.36
-20.6
-18.67
-16.69
-14.91
-12.87
-11.09
-8.84
-6.02
-3.62
-1.01
1.79
4.21
6.97
9.43
11.45
13.51
15.28
17.16
19.17
20.92
22.83
24.71
26.6
28.64
30.32
32.17
34.18
35.94
38.01
39.68
41.62
43.67
45.36
47.26
49.33
51.1
53.15
54.87
56.79
58.83
60.53
62.42
64.51
66.21
68.24
