153
67
87
162.25
137.65
134.62
145.03
140.11
120.43
135.76
124.59
108.61
128.95
137.93
114
120.9
133.39
116.74
108.7
124.88
117.31
96.69
111.73
115.51
95.83
114.28
130.27
114.38
109.93
129.23
124.12
111.54
122.23
133.58
116.55
125.82
131.69
118.63
114.28
124.22
121
119.01
129.42
123.36
106.9
118.54
117.4
113.43
121
128.28
127.05
114.47
119.49
109.08
98.39
125.54
113.43
102.93
101.61
116.08
109.17
111.25
109.93
112.77
112.01
107.38
117.5
96.02
96.5
99.9
104.54
87.98
115.8
335.56
778.59
765.35
4.42
3.12
0.95
0.43
-1.82
1.13
1.65
-1.82
-0.95
3.12
-110.42
-109.2
-104.96
-114.23
-122.9
-115.1
-122.81
-125.93
-118.48
-112.15
-118.3
-112.15
-111.89
-128.01
-128.27
-106.34
-117.09
-125.76
-108.94
-113.8
-125.84
-113.97
-109.98
-113.62
-111.54
-109.12
-121.86
-126.54
-107.73
-110.42
-134.34
-122.9
-119.08
-129.74
-125.24
-116.92
-132
-122.12
-113.88
-124.54
-118.56
-112.24
-112.41
-118.04
-109.72
-113.02
-120.38
-122.2
-104.44
-125.24
-130.7
-106.17
-128.18
-133.21
-120.82
-117.96
-135.9
-136.85
-117
-139.02
-145.78
-125.58
-135.9
-149.59
-128.18
-148.03
-145.35
-148.47
-136.25
-153.06
65.25
63.17
61.29
59.4
57.52
55.61
53.79
51.85
50.08
48.09
46.17
44.24
42.41
40.62
38.6
36.71
34.99
32.95
31.07
29.25
27.37
25.48
23.64
21.71
19.94
17.95
16.09
14.16
12.26
10.42
7.95
5.27
2.86
0.12
-2.55
-5.07
-7.66
-10.25
-12.16
-14.11
-15.91
-17.9
-19.79
-21.69
-23.55
-25.48
-27.34
-29.26
-31.03
-32.97
-34.86
-36.72
-38.62
-40.47
-42.38
-44.37
-46.1
-48.07
-50
-51.83
-53.78
-55.65
-57.55
-59.45
-61.26
-63.23
-65.13
-66.97
-68.9
-70.77
-72.56
-72.68
-72.57
-72.67
-72.75
-72.65
-72.66
-72.7
-72.7
-72.66
-72.53
-71.65
-69.79
-67.85
-65.93
-64.01
-62.13
-60.23
-58.3
-56.46
-54.54
-52.67
-50.76
-48.88
-46.95
-45.13
-43.16
-41.3
-39.46
-37.5
-35.67
-33.75
-31.91
-30.07
-28.05
-26.25
-24.35
-22.45
-20.62
-18.68
-16.79
-14.77
-12.94
-11.12
-8.86
-6.2
-3.66
-0.93
1.65
4.19
6.94
9.41
11.44
13.39
15.25
17.15
19.02
20.91
22.94
24.66
26.59
28.49
30.25
32.14
34.08
35.92
37.99
39.7
41.6
43.49
45.32
47.42
49.19
51.06
53.15
54.84
56.72
58.67
60.53
62.43
64.31
66.19
68.23
