155
68
88
157.14
151.27
123.74
145.69
132.45
128.09
139.73
134.62
128.76
130.18
138.88
122.04
123.84
138.41
123.55
117.31
122.61
126.11
118.92
126.2
124.22
121.76
127.91
120.24
127.53
134.53
123.36
128.85
140.58
128.47
133.77
132.82
129.23
130.93
135.47
130.55
128.28
120.81
126.39
109.46
107.75
130.08
128.57
128.66
117.88
116.36
118.35
116.74
110.88
116.27
115.42
114.66
115.61
118.16
120.72
119.3
118.54
119.39
114.66
109.08
122.51
116.55
108.8
112.3
113.34
113.81
116.27
117.31
110.31
119.96
118.82
757.03
762.7
758.26
1.13
-0.43
2.69
4.77
0.61
0.09
4.51
0.69
4.33
-0.95
-135.29
-140.49
-118.65
-126.71
-127.32
-116.31
-123.76
-130.09
-121.16
-126.54
-142.14
-123.5
-133.39
-131.56
-126.36
-128.36
-131.82
-132.95
-129.31
-127.84
-132.6
-120.12
-123.33
-128.79
-128.79
-128.53
-127.84
-131.74
-128.44
-134.77
-122.64
-133.82
-136.51
-140.58
-133.65
-131.82
-141.1
-139.45
-134.25
-139.28
-136.33
-134.25
-138.15
-130
-123.16
-132.78
-131.91
-127.66
-125.15
-127.49
-127.4
-121.6
-127.4
-142.66
-138.24
-126.1
-146.65
-150.81
-123.16
-136.33
-161.03
-140.49
-141.36
-163.29
-160.43
-142.14
-147.34
-155.57
-137.29
-129.14
-151.5
64.99
63.1
61.15
59.31
57.46
55.71
53.66
51.77
50.03
47.96
46.1
44.18
42.31
40.55
38.51
36.62
34.9
32.89
31.02
29.15
27.31
25.37
23.54
21.63
19.75
17.88
15.98
14.09
12.19
10.46
7.82
5.21
2.73
0.01
-2.69
-5.19
-7.8
-10.26
-12.25
-14.22
-16.11
-17.98
-19.85
-21.74
-23.62
-25.49
-27.42
-29.32
-31.13
-33.09
-35
-36.8
-38.72
-40.54
-42.48
-44.43
-46.18
-48.2
-50.12
-51.95
-53.81
-55.69
-57.63
-59.55
-61.38
-63.32
-65.19
-67.06
-69
-70.9
-72.73
-72.91
-72.81
-72.91
-72.92
-72.9
-72.9
-72.82
-72.88
-72.94
-72.81
-72.92
-72.87
-72.05
-69.99
-67.95
-66.01
-64.12
-62.21
-60.3
-58.44
-56.55
-54.67
-52.74
-50.91
-48.97
-47.06
-45.23
-43.32
-41.42
-39.56
-37.52
-35.75
-33.89
-31.9
-30.16
-28.25
-26.36
-24.45
-22.45
-20.68
-18.77
-16.87
-15.02
-13.09
-11.16
-8.94
-6.12
-3.79
-1.2
1.59
4.09
6.67
9.32
11.36
13.39
15.16
17.05
19.06
20.81
22.73
24.64
26.49
28.42
30.19
32.08
33.98
35.83
37.77
39.64
41.5
43.56
45.29
47.17
49.24
51.01
52.92
54.76
56.66
58.72
60.43
62.3
64.37
66.1
67.97
