155
68
89
147.2
141.34
135.38
139.64
143.52
130.46
136.14
164.33
132.16
133.68
149.38
132.73
118.16
137.37
144.65
117.5
129.99
148.62
126.01
110.59
130.18
124.5
107.66
132.26
124.88
112.58
113.81
127.43
117.5
118.92
140.3
135.95
127.62
136.51
142.29
135.85
137.27
140.49
128.85
143.8
125.45
124.78
133.87
134.34
142.95
132.26
147.39
148.72
133.49
141.24
136.61
132.82
151.18
149.66
141.24
132.54
143.89
147.02
130.84
136.61
148.53
138.5
135.95
146.07
142.29
126.2
130.36
139.64
114
125.82
142.85
823.82
821.36
820.98
2.86
1.56
0.78
4.16
4.07
1.3
1.82
0.87
3.64
2.6
2.43
-142.83
-121.68
-136.16
-135.38
-120.73
-136.85
-135.38
-128.79
-122.38
-134.95
-125.41
-115.62
-137.98
-142.31
-119.69
-130.61
-141.1
-131.91
-121.6
-138.24
-141.71
-131.3
-138.07
-145
-125.67
-125.5
-128.01
-125.76
-118.74
-122.72
-130.87
-136.33
-126.1
-134.43
-120.56
-110.94
-140.41
-129.4
-117.35
-131.65
-120.56
-107.82
-132.6
-125.41
-108.42
-124.8
-129.83
-122.46
-107.73
-134.69
-127.32
-115.27
-136.42
-133.47
-111.8
-126.36
-136.85
-120.21
-107.82
-132.78
-131.74
-115.18
-131.04
-149.42
-128.18
-120.99
-138.33
-129.92
-134.08
-131.48
65.22
63.18
61.3
59.41
57.52
55.78
53.76
51.85
50.1
48.08
46.17
44.26
42.37
40.68
38.61
36.73
35
32.97
31.09
29.37
27.39
25.62
23.6
21.75
19.93
17.96
16.06
14.18
12.27
10.51
7.98
5.31
2.88
0.11
-2.4
-4.89
-7.62
-10.16
-12.17
-14.11
-15.9
-17.9
-19.76
-21.67
-23.56
-25.38
-27.31
-29.23
-31.03
-32.96
-34.79
-36.72
-38.64
-40.47
-42.37
-44.33
-46.1
-48.07
-50.02
-51.78
-53.73
-55.57
-57.54
-59.45
-61.25
-63.22
-65.07
-66.98
-68.92
-70.73
-72.63
-72.83
-72.73
-72.83
-72.82
-72.81
-72.83
-72.7
-72.82
-72.83
-72.73
-72.82
-72.8
-71.92
-69.89
-67.85
-65.92
-64.02
-62.06
-60.23
-58.34
-56.46
-54.57
-52.57
-50.81
-48.85
-46.9
-45.14
-43.22
-41.29
-39.46
-37.43
-35.65
-33.76
-31.81
-30.06
-28.17
-26.18
-24.35
-22.37
-20.61
-18.66
-16.68
-14.92
-13
-11.07
-8.83
-6.02
-3.67
-1.04
1.78
4.19
6.83
9.62
11.44
13.5
15.26
17.13
19.16
20.91
22.85
24.69
26.6
28.64
30.28
32.17
34.21
35.93
38.01
39.71
41.6
43.65
45.4
47.28
49.32
51.12
53.01
55
56.73
58.8
60.51
62.42
64.51
66.19
68.09
