155
68
89
171.23
163.85
147.68
149.85
151.46
145.03
143.61
150.8
151.37
139.73
147.11
147.39
140.11
142.38
145.79
143.61
134.91
148.53
139.16
142.85
134.81
139.26
146.16
131.69
130.84
129.61
130.08
125.35
137.46
134.15
136.51
144.74
134.62
136.42
140.87
144.37
147.11
149.95
140.87
142.95
129.7
140.58
138.69
137.74
145.79
131.69
134.15
135
123.74
122.99
135.95
135.95
139.54
135.38
136.99
140.3
133.49
139.73
140.96
138.03
132.92
133.49
144.46
143.52
137.74
146.54
136.14
140.11
133.01
122.04
126.49
851.44
853.9
851.06
0.61
0.17
1.73
5.03
2.69
1.21
3.29
2.34
-4.16
0.43
-3.03
-150.55
-143.53
-137.11
-135.21
-133.3
-137.81
-148.55
-129.31
-133.82
-144.91
-136.33
-137.11
-136.77
-137.2
-126.8
-135.81
-142.75
-123.94
-128.7
-144.05
-128.53
-121.25
-134.08
-148.38
-123.16
-133.99
-133.82
-130
-133.99
-132.86
-130.96
-138.93
-143.53
-130
-135.29
-133.99
-137.11
-127.23
-133.21
-132.17
-130.87
-133.04
-132.95
-124.02
-123.59
-127.14
-135.29
-135.47
-140.75
-140.84
-128.18
-140.75
-150.89
-139.19
-131.48
-142.23
-141.79
-126.62
-122.98
-149.59
-135.29
-126.45
-149.68
-152.54
-117
-148.12
-162.16
-128.7
-142.75
-166.93
65.13
63.26
61.48
59.43
57.58
55.83
53.8
51.92
50
48.1
46.34
44.33
42.44
40.66
38.67
36.79
34.89
33.02
31.26
29.29
27.47
25.67
23.67
21.76
19.88
18.01
16.23
14.19
12.3
10.54
8.02
5.4
2.92
0.19
-2.32
-5.02
-7.64
-10.1
-12.1
-14.08
-15.95
-17.85
-19.63
-21.62
-23.49
-25.36
-27.29
-29.22
-31.09
-32.91
-34.72
-36.66
-38.59
-40.42
-42.34
-44.28
-46.06
-48.03
-49.9
-51.83
-53.72
-55.52
-57.49
-59.38
-61.29
-63.18
-65.04
-66.92
-68.86
-70.72
-72.6
-73.05
-73.06
-73.04
-72.93
-73.05
-73.06
-72.95
-73.06
-73.04
-73.04
-73.04
-72.86
-71.91
-69.89
-67.78
-65.87
-63.97
-62.06
-60.19
-58.26
-56.41
-54.5
-52.56
-50.75
-48.85
-46.97
-45.1
-43.09
-41.26
-39.43
-37.43
-35.62
-33.72
-31.76
-30.01
-28.03
-26.23
-24.31
-22.34
-20.59
-18.64
-16.76
-14.89
-12.87
-11.03
-8.77
-5.99
-3.58
-0.96
1.69
4.29
7.01
9.49
11.48
13.51
15.3
17.2
19.19
20.97
22.96
24.75
26.63
28.69
30.33
32.23
34.11
35.96
38.01
39.76
41.63
43.7
45.4
47.31
49.24
51.13
53.18
54.91
56.8
58.87
60.53
62.47
64.43
66.22
68.26
