155
68
88
150.04
139.45
131.12
133.68
127.05
128.38
139.83
138.69
138.03
150.89
147.49
144.65
143.52
157.23
163.29
159.69
155.72
156.76
140.49
138.78
123.84
125.92
136.61
117.97
112.96
128.95
130.55
112.01
127.15
122.42
121.95
137.84
131.5
132.73
142.47
143.89
140.39
133.01
124.5
123.36
116.55
121.38
121.57
107.28
115.23
114.57
112.11
110.21
106.52
116.46
121.76
117.69
122.42
121.47
128.95
137.55
124.4
137.55
132.73
123.46
131.88
137.84
130.55
131.31
130.18
132.54
124.78
131.97
130.08
121.38
116.55
810.1
803
799.03
6.15
6.33
6.93
6.85
6.85
4.68
6.24
7.19
3.9
-2.25
-75.92
-137.46
-132.43
-128.88
-130.78
-120.64
-127.58
-133.56
-116.92
-117.52
-128.1
-113.19
-123.24
-139.28
-111.63
-117.26
-121.16
-112.67
-105.22
-109.64
-114.49
-103.31
-102.79
-115.88
-116.31
-118.65
-121.08
-118.65
-118.39
-129.4
-119.78
-115.7
-133.3
-133.13
-116.05
-128.79
-117
-121.68
-113.36
-123.42
-115.79
-116.83
-128.01
-113.54
-110.68
-125.06
-109.46
-113.02
-125.15
-126.54
-128.36
-127.58
-136.33
-140.49
-128.1
-130.26
-130.35
-133.65
-112.15
-120.73
-117.96
-116.83
-119
-124.63
-110.5
-107.3
-128.96
-128.18
-110.76
-124.11
-133.47
65.2
63.11
61.39
59.28
57.47
55.76
53.72
51.78
50.06
48.01
46.25
44.21
42.36
40.58
38.56
36.68
34.92
32.88
31.15
29.17
27.34
25.57
23.54
21.64
19.87
17.91
16
14.12
12.23
10.47
7.85
5.24
2.71
0.06
-2.48
-5.17
-7.77
-10.22
-12.24
-14.19
-16.07
-17.92
-19.83
-21.74
-23.61
-25.47
-27.4
-29.32
-31.09
-33.03
-34.92
-36.75
-38.7
-40.52
-42.41
-44.4
-46.17
-48.14
-49.96
-51.9
-53.8
-55.64
-57.62
-59.52
-61.37
-63.25
-65.12
-67.06
-68.95
-70.8
-72.73
-73.04
-72.94
-73.07
-73.06
-73.07
-73.04
-72.94
-73.05
-73.08
-72.95
-73.04
-72.92
-72.02
-69.99
-67.86
-66
-64.04
-62.11
-60.29
-58.37
-56.5
-54.61
-52.64
-50.85
-48.95
-47
-45.16
-43.2
-41.38
-39.52
-37.52
-35.71
-33.86
-31.87
-30.14
-28.14
-26.32
-24.39
-22.43
-20.68
-18.73
-16.76
-14.95
-13.04
-11.14
-8.93
-6.12
-3.69
-1.12
1.69
4.13
6.86
9.33
11.38
13.44
15.19
17.1
19.08
20.88
22.9
24.63
26.53
28.55
30.22
32.08
34.12
35.87
37.93
39.62
41.53
43.59
45.29
47.19
49.26
50.96
52.95
54.81
56.71
58.74
60.37
62.4
64.44
66.11
68.13
