155
68
88
182.78
157.99
140.77
160.83
155.53
140.68
150.14
164.33
139.83
149.48
171.99
157.71
135.85
172.75
174.36
145.88
135.85
148.25
133.2
123.27
139.64
134.43
123.74
134.62
133.87
131.03
136.8
141.24
141.43
147.2
152.03
153.07
154.21
171.14
164.04
152.6
172.27
172.75
145.22
149.95
147.58
143.89
146.16
151.37
138.31
130.27
154.21
137.55
125.82
141.72
155.44
133.01
146.35
152.31
159.12
142.66
152.22
160.54
139.35
147.77
152.31
142.95
128.09
151.93
127.91
129.14
140.2
138.5
123.08
137.27
143.7
856.17
854.94
852.58
1.21
4.85
2.34
1.82
-0.17
-0.17
2.51
3.64
-0.17
-1.39
-151.24
-149.68
-134.51
-143.53
-148.64
-132.86
-144.74
-154.79
-136.25
-144.91
-162.68
-141.79
-139.02
-166.23
-156.18
-136.42
-147.08
-144.83
-133.13
-145.95
-148.9
-139.8
-124.46
-149.77
-148.55
-127.14
-146.13
-157.65
-139.89
-147.34
-173.34
-161.81
-154.62
-184.87
-163.11
-150.46
-160.77
-159.04
-141.27
-151.15
-148.29
-141.62
-144.13
-139.11
-125.76
-134.69
-152.28
-143.09
-137.89
-161.38
-162.25
-155.83
-178.45
-191.8
-179.15
-181.4
-203.5
-192.41
-163.89
-196.05
-195.53
-165.8
-172.82
-195.09
-167.19
-161.29
-187.47
-197.35
-148.64
-184.69
-207.49
65.11
63.18
61.29
59.46
57.55
55.83
53.81
51.9
50.13
48.1
46.2
44.28
42.39
40.69
38.63
36.72
34.85
33.02
31.11
29.27
27.47
25.64
23.65
21.74
19.79
17.95
16.08
14.2
12.29
10.43
8.01
5.34
2.74
0.16
-2.53
-5.03
-7.65
-10.14
-12.17
-14.07
-15.89
-17.85
-19.76
-21.62
-23.54
-25.37
-27.3
-29.23
-31.1
-32.93
-34.79
-36.71
-38.63
-40.43
-42.35
-44.28
-46.15
-48.08
-50
-51.83
-53.71
-55.58
-57.52
-59.42
-61.28
-63.19
-65.08
-66.94
-68.9
-70.77
-72.64
-72.97
-72.97
-73
-72.98
-73
-72.99
-72.9
-73.02
-72.98
-72.89
-73
-72.89
-71.92
-69.89
-67.82
-65.9
-64
-62.09
-60.19
-58.33
-56.42
-54.52
-52.59
-50.79
-48.85
-46.94
-45.12
-43.2
-41.26
-39.45
-37.43
-35.61
-33.76
-31.81
-30.03
-28.12
-26.25
-24.35
-22.34
-20.56
-18.7
-16.75
-14.9
-13.01
-11.03
-8.78
-6.17
-3.61
-0.98
1.67
4.23
6.86
9.45
11.45
13.51
15.24
17.19
19.2
20.93
22.83
24.73
26.62
28.62
30.32
32.19
34.07
35.93
37.88
39.7
41.61
43.66
45.4
47.26
49.34
51.14
53.04
54.85
56.77
58.85
60.5
62.43
64.36
66.19
68.08
