155
68
88
123.46
113.43
120.15
133.01
134.34
105.77
133.87
121.85
110.31
127.34
125.07
118.73
117.12
128.85
145.5
119.11
128.76
136.04
104.73
107.57
111.16
117.12
108.8
121.19
120.81
114.47
113.9
117.5
116.55
114.09
130.55
129.61
121.47
137.93
139.83
138.69
133.39
134.53
132.82
126.96
125.26
128.95
110.59
114
126.58
117.88
118.44
117.12
112.2
116.55
111.35
117.31
115.32
116.84
122.13
116.74
110.97
124.59
128.28
117.5
131.69
136.23
116.84
134.81
121.95
118.07
115.13
132.82
117.5
123.08
140.3
803.95
795.53
792.03
-3.81
0.43
-1.82
0.61
0.95
3.29
0.26
4.42
-4.25
-5.55
-119.17
-132.52
-112.32
-128.79
-124.28
-119.52
-128.27
-127.75
-120.99
-131.04
-111.72
-108.86
-124.8
-114.23
-126.97
-122.38
-115.44
-121.6
-122.9
-113.71
-115.44
-111.54
-121.94
-118.74
-126.54
-121.68
-117.35
-126.1
-132.69
-128.1
-125.32
-139.02
-129.14
-132.26
-129.31
-125.58
-120.64
-139.54
-119.52
-109.72
-114.06
-106.78
-104.78
-111.54
-114.84
-102.36
-110.33
-122.9
-106.86
-106.34
-125.67
-117.35
-113.1
-126.1
-118.56
-106.26
-119.78
-121.6
-105.74
-95.77
-121.51
-105.13
-89.96
-121.25
-123.94
-97.5
-112.93
-120.38
-106.26
-98.54
-120.56
65.19
63.15
61.24
59.51
57.49
55.57
53.77
51.8
49.93
48.05
46.15
44.21
42.36
40.48
38.58
36.68
34.96
32.98
31.03
29.33
27.38
25.44
23.59
21.71
19.91
17.92
16.05
14.26
12.25
10.4
7.93
5.31
2.71
0.09
-2.57
-5.11
-7.73
-10.31
-12.19
-14.16
-15.96
-17.92
-19.81
-21.61
-23.56
-25.52
-27.36
-29.3
-31.06
-33.03
-34.89
-36.66
-38.67
-40.55
-42.4
-44.37
-46.2
-48.1
-50.02
-51.83
-53.76
-55.66
-57.6
-59.48
-61.28
-63.26
-65.14
-66.91
-68.94
-70.83
-72.67
-73.04
-73.05
-73.07
-73.07
-73.07
-73.07
-73.07
-73.07
-73.09
-72.96
-73.06
-73.03
-71.95
-69.9
-67.89
-65.95
-64.07
-62.09
-60.27
-58.38
-56.44
-54.55
-52.67
-50.78
-48.9
-47.01
-45.15
-43.22
-41.26
-39.48
-37.57
-35.67
-33.8
-31.84
-30.11
-28.17
-26.21
-24.39
-22.48
-20.63
-18.73
-16.76
-14.94
-13.02
-11.05
-8.89
-6.2
-3.71
-1.06
1.61
4.13
6.79
9.53
11.4
13.38
15.21
17.1
18.97
20.92
22.79
24.79
26.59
28.47
30.23
32.13
34.18
35.89
37.84
39.8
41.56
43.51
45.35
47.25
49.15
51.08
52.98
55.02
56.71
58.65
60.5
62.4
64.28
66.17
68.06
