155
68
88
176.06
191.57
162.72
152.69
174.17
164.33
128.76
171.33
153.54
119.2
147.2
144.27
122.13
134.62
155.15
121.66
134.43
148.34
126.68
116.93
141.72
127.62
123.65
118.92
145.41
140.39
126.96
137.08
143.61
144.56
148.53
143.42
148.34
153.26
150.8
128.38
133.87
155.81
134.81
125.73
132.26
135.28
124.22
144.27
133.49
114.66
129.32
147.96
112.2
132.16
152.03
124.31
123.74
145.6
141.81
123.46
132.64
151.56
122.99
126.49
159.5
129.04
126.01
140.39
138.5
117.97
128.95
143.52
119.49
122.42
145.88
866.29
865.63
864.69
-4.33
-3.21
0.95
-0.61
-0.69
-0.87
8.49
1.65
-2.6
-2.77
-191.28
-142.23
-130.35
-132.08
-138.41
-136.16
-143.44
-153.67
-134.95
-133.65
-147.6
-134.86
-135.38
-146.56
-141.88
-121.6
-144.91
-150.55
-119.78
-129.05
-155.57
-139.8
-109.98
-146.39
-146.3
-123.07
-149.85
-157.39
-127.49
-141.97
-147.6
-139.71
-137.63
-162.59
-140.58
-124.72
-142.92
-151.76
-142.31
-147.34
-143.87
-130.35
-139.28
-136.07
-128.18
-131.22
-143.96
-121.51
-125.32
-135.55
-140.41
-119.43
-135.03
-148.12
-134.34
-137.37
-157.74
-150.29
-123.5
-143.61
-162.59
-131.82
-145.35
-155.66
-158.78
-158.61
-148.64
-159.65
-157.48
-155.23
-169.79
65.24
63.19
61.28
59.38
57.54
55.63
53.72
51.86
50.1
48.03
46.14
44.25
42.39
40.47
38.63
36.71
34.97
32.96
31.08
29.22
27.4
25.62
23.59
21.71
19.98
17.92
16.08
14.18
12.26
10.39
7.96
5.34
2.87
0.13
-2.57
-5.13
-7.66
-10.17
-12.16
-14.09
-15.93
-17.88
-19.77
-21.68
-23.52
-25.39
-27.34
-29.2
-31.06
-32.95
-34.86
-36.72
-38.65
-40.52
-42.42
-44.35
-46.09
-48.04
-50.01
-51.87
-53.75
-55.66
-57.58
-59.42
-61.27
-63.25
-65.11
-66.97
-68.88
-70.77
-72.66
-73
-72.9
-72.99
-73
-73
-72.99
-73
-72.99
-73
-72.91
-73.01
-72.9
-71.95
-69.88
-67.89
-65.95
-64.02
-62.06
-60.26
-58.36
-56.5
-54.55
-52.6
-50.81
-48.9
-46.93
-45.15
-43.23
-41.32
-39.49
-37.51
-35.67
-33.78
-31.83
-30.08
-28.15
-26.28
-24.35
-22.46
-20.63
-18.71
-16.7
-14.93
-13
-11.07
-8.81
-6.22
-3.66
-1.02
1.76
4.15
6.82
9.4
11.45
13.38
15.24
17.15
19.16
20.9
22.8
24.71
26.59
28.6
30.29
32.18
34.18
35.91
37.87
39.69
41.53
43.51
45.37
47.25
49.3
51.08
53.01
54.84
56.73
58.79
60.52
62.43
64.47
66.19
68.1
