155
68
89
130.65
124.59
128.38
131.88
137.93
137.37
145.22
144.46
126.2
135.38
144.74
152.12
133.87
143.42
150.52
130.46
137.93
150.52
135.28
119.3
145.88
131.31
119.3
140.3
139.45
112.11
126.49
140.77
118.92
112.77
138.69
125.92
112.67
140.01
126.2
126.11
143.33
138.22
124.59
132.35
121.28
113.53
123.08
126.01
117.69
129.61
135.38
123.27
123.36
130.08
123.55
118.82
140.87
133.3
124.78
128.38
138.78
135.19
122.42
139.07
136.7
127.15
142.38
137.93
133.68
129.32
143.23
133.68
122.04
146.73
146.64
793.54
786.35
783.7
-1.91
0.78
0.78
-2.17
0.17
-1.47
-1.47
-0.43
2.25
-8.06
2.17
-136.77
-136.33
-133.56
-137.2
-136.33
-127.49
-140.06
-136.59
-134.86
-133.21
-136.94
-132.78
-138.76
-148.38
-139.45
-124.63
-139.11
-141.1
-132.78
-124.8
-141.36
-128.1
-129.05
-137.29
-135.47
-114.92
-131.13
-128.96
-119.78
-120.38
-138.24
-127.4
-126.28
-147.95
-134.51
-122.81
-135.81
-135.64
-117.78
-132.34
-122.12
-111.8
-136.94
-128.1
-121.68
-137.03
-135.81
-128.18
-116.31
-137.03
-126.88
-119.6
-148.55
-140.84
-127.49
-143.61
-139.89
-128.1
-144.13
-145.09
-138.93
-130.61
-136.33
-149.59
-119
-124.37
-128.7
-127.4
-122.03
-125.5
65.17
63.12
61.23
59.31
57.46
55.75
53.66
51.77
50
48.01
46.08
44.17
42.31
40.58
38.48
36.64
34.92
32.89
30.97
29.31
27.34
25.55
23.54
21.68
19.87
17.86
16.01
14.1
12.17
10.44
7.86
5.2
2.76
0.02
-2.66
-5.19
-7.76
-10.24
-12.26
-14.17
-15.98
-17.97
-19.85
-21.67
-23.62
-25.44
-27.41
-29.33
-31.1
-33
-34.95
-36.77
-38.7
-40.58
-42.47
-44.4
-46.2
-48.17
-50.08
-51.93
-53.83
-55.65
-57.61
-59.56
-61.34
-63.25
-65.19
-67.01
-68.96
-70.81
-72.7
-73.07
-72.98
-73.06
-73.07
-73.07
-73.06
-72.99
-73.07
-73.1
-72.98
-73.1
-73.04
-71.98
-69.97
-67.89
-66.01
-64.08
-62.13
-60.26
-58.41
-56.55
-54.64
-52.64
-50.85
-48.95
-46.99
-45.23
-43.3
-41.39
-39.53
-37.51
-35.75
-33.81
-31.88
-30.21
-28.22
-26.28
-24.42
-22.49
-20.68
-18.76
-16.77
-15
-13.09
-11.1
-8.91
-6.13
-3.78
-1.17
1.55
4.1
6.74
9.37
11.37
13.42
15.19
17.06
19.05
20.85
22.77
24.59
26.52
28.54
30.21
32.11
34.13
35.84
37.77
39.63
41.5
43.58
45.31
47.19
49.26
51.02
52.92
54.92
56.65
58.74
60.43
62.35
64.41
66.12
68.02
