155
68
88
142.76
152.88
128.57
138.03
146.26
123.74
130.65
135.28
127.53
109.27
129.7
117.88
112.96
122.51
122.23
112.77
114.94
130.18
127.05
116.46
123.93
120.72
115.51
123.65
124.4
109.74
105.58
119.3
113.62
106.34
122.42
132.45
115.13
120.05
132.07
126.3
135.66
141.15
141.72
133.39
137.08
138.22
116.74
132.45
136.33
118.73
125.82
127.81
111.35
104.16
112.3
123.18
107.09
122.7
127.72
108.89
117.21
129.61
124.78
116.36
128.76
118.35
106.05
120.72
115.32
102.27
113.71
122.23
101.42
115.7
120.43
794.49
788.24
786.26
0.26
7.11
2.51
2.43
3.03
1.99
2.77
2.25
0.52
-3.64
-101.66
-124.2
-102.88
-113.1
-119.26
-107.73
-113.88
-129.31
-116.74
-112.5
-123.5
-124.72
-110.94
-131.04
-129.05
-108.94
-114.4
-129.48
-107.47
-113.97
-130.52
-119.26
-111.46
-125.15
-130.44
-103.83
-118.74
-138.07
-117.61
-118.91
-138.15
-138.93
-120.82
-135.73
-134.17
-114.23
-123.59
-132.26
-114.49
-116.66
-132.08
-114.75
-110.33
-120.04
-115.96
-110.5
-123.07
-120.82
-110.42
-120.82
-123.68
-109.2
-117.78
-125.15
-114.49
-105.48
-123.59
-127.66
-106.69
-125.06
-134.25
-119.08
-122.72
-127.49
-126.88
-124.2
-134.34
-128.36
-120.04
-107.73
-112.06
65.26
63.23
61.31
59.39
57.54
55.64
53.76
51.86
50.08
48.06
46.17
44.41
42.38
40.51
38.61
36.72
34.99
32.98
31.09
29.24
27.43
25.5
23.61
21.74
19.96
17.95
16.09
14.19
12.28
10.4
8.01
5.33
2.84
0.13
-2.53
-5.06
-7.7
-10.26
-12.13
-14.1
-15.88
-17.91
-19.83
-21.63
-23.54
-25.48
-27.32
-29.26
-31.04
-32.99
-34.85
-36.7
-38.62
-40.53
-42.34
-44.34
-46.1
-48.08
-49.99
-51.77
-53.72
-55.64
-57.56
-59.45
-61.27
-63.21
-65.08
-66.94
-68.92
-70.79
-72.66
-72.92
-72.84
-72.92
-72.93
-72.91
-72.92
-72.93
-72.9
-72.91
-72.83
-72.89
-72.89
-71.88
-69.95
-67.83
-65.89
-64.02
-62.04
-60.24
-58.34
-56.44
-54.55
-52.62
-50.78
-48.89
-46.9
-45.15
-43.2
-41.29
-39.43
-37.51
-35.63
-33.74
-31.84
-30.02
-28.13
-26.26
-24.33
-22.46
-20.63
-18.67
-16.7
-14.9
-13
-11.07
-8.81
-6.19
-3.65
-1
1.78
4.17
6.85
9.43
11.44
13.39
15.27
17.14
19.17
20.95
22.8
24.88
26.6
28.5
30.29
32.19
34.22
35.95
37.89
39.73
41.61
43.52
45.39
47.27
49.35
51.12
53.01
55.02
56.75
58.68
60.53
62.43
64.46
66.2
68.12
