155
68
89
154.3
145.69
142
154.02
156.38
138.22
149
158.18
118.73
133.49
153.45
138.78
132.54
156.19
142.95
131.59
147.2
154.21
138.5
140.87
152.69
132.92
132.45
157.33
133.01
124.12
150.14
149.1
134.72
140.96
163.48
138.12
130.55
151.84
140.11
143.7
146.83
138.97
138.41
143.52
145.03
128.95
144.65
148.25
137.18
148.06
164.9
150.99
148.06
151.27
159.41
133.11
154.02
161.02
138.03
135.76
152.88
140.58
128.38
160.35
154.39
130.08
147.11
157.04
142.1
136.23
151.27
138.41
121.76
143.42
156.38
851.91
852.01
846.24
1.04
3.55
2.69
1.21
4.77
0.35
0.69
1.3
0.87
3.73
1.3
-162.94
-137.55
-146.91
-166.15
-137.81
-141.88
-151.85
-145.52
-131.65
-156.61
-151.33
-132.95
-159.73
-163.72
-126.88
-132.95
-160.34
-136.16
-129.4
-139.11
-152.37
-132.86
-138.07
-152.28
-135.03
-124.8
-147.95
-134.77
-111.28
-128.7
-148.38
-138.24
-128.18
-148.03
-149.77
-123.16
-148.29
-149.07
-131.3
-136.51
-143.87
-132
-135.55
-150.37
-124.8
-134.43
-146.21
-135.73
-130.44
-146.65
-140.06
-141.53
-142.83
-149.33
-119.86
-134.34
-151.33
-123.16
-125.06
-130.7
-135.21
-123.16
-135.47
-142.4
-135.21
-128.96
-144.57
-138.76
-136.68
-132.6
65.23
63.2
61.28
59.41
57.53
55.62
53.78
51.85
50.09
48.07
46.17
44.27
42.38
40.64
38.62
36.69
34.99
32.99
31.08
29.27
27.41
25.49
23.62
21.76
19.81
17.94
16.13
14.19
12.26
10.51
7.98
5.29
2.84
0.12
-2.54
-5.1
-7.67
-10.2
-12.16
-14.11
-15.89
-17.9
-19.76
-21.65
-23.54
-25.47
-27.33
-29.22
-31.03
-32.96
-34.86
-36.75
-38.63
-40.46
-42.38
-44.32
-46.07
-48.09
-50.02
-51.88
-53.75
-55.66
-57.53
-59.43
-61.28
-63.21
-65.07
-66.99
-68.94
-70.78
-72.65
-72.86
-72.76
-72.86
-72.86
-72.87
-72.88
-72.76
-72.85
-72.88
-72.77
-72.87
-72.82
-71.95
-69.91
-67.92
-65.92
-64.04
-62.06
-60.22
-58.37
-56.45
-54.54
-52.64
-50.78
-48.9
-46.95
-45.18
-43.22
-41.31
-39.47
-37.48
-35.63
-33.76
-31.84
-30.04
-28.17
-26.26
-24.39
-22.46
-20.6
-18.72
-16.69
-14.92
-13
-11.11
-8.83
-6.18
-3.69
-1.02
1.79
4.21
6.7
9.44
11.45
13.46
15.24
17.13
19.14
20.93
22.82
24.69
26.59
28.5
30.31
32.16
34.19
35.91
37.83
39.73
41.6
43.55
45.38
47.3
49.32
51.08
53.03
54.86
56.73
58.65
60.54
62.39
64.48
66.19
68.09
