154
68
88
155.44
166.79
168.11
142
147.02
168.77
155.06
152.22
167.26
145.88
145.5
157.14
142.19
133.68
159.79
144.46
137.74
151.37
160.35
135.38
131.41
157.04
132.73
135
136.89
142.66
122.99
121.95
131.88
141.15
141.34
148.72
140.68
145.12
154.02
134.15
131.97
151.37
153.54
124.97
133.96
146.35
138.6
128.66
141.72
132.45
135.57
150.7
136.14
121.95
124.69
131.88
127.15
140.3
151.46
135.76
138.69
141.62
136.04
121
143.99
153.73
119.3
136.51
155.62
133.01
122.89
144.18
127.05
118.26
126.86
861.56
858.54
854.94
3.9
6.93
7.97
3.29
2.86
5.29
3.81
3.47
5.03
4.42
-149.33
-147.51
-136.94
-151.33
-136.51
-138.15
-142.57
-133.13
-127.75
-133.82
-137.03
-120.82
-143.61
-137.98
-134.77
-131.39
-139.02
-130.52
-132.69
-142.92
-132.34
-135.29
-138.76
-155.49
-132.17
-144.13
-150.11
-146.65
-140.15
-149.59
-146.39
-133.47
-150.63
-152.11
-133.82
-143.18
-147.43
-139.28
-145.95
-142.83
-141.53
-138.85
-140.75
-137.98
-135.55
-144.22
-147.43
-132.95
-127.49
-141.1
-130.44
-142.75
-152.19
-157.13
-128.27
-135.03
-156.01
-121.51
-126.97
-142.05
-151.85
-133.13
-147.95
-163.2
-154.36
-145.61
-161.03
-165.11
-150.37
-149.94
65.25
63.36
61.62
59.51
57.67
55.93
53.86
51.98
50.27
48.15
46.41
44.37
42.44
40.73
38.71
36.79
35.06
33.06
31.3
29.33
27.46
25.71
23.68
21.78
19.88
18.04
16.25
14.22
12.35
10.59
8.06
5.41
2.78
0.21
-2.29
-5.03
-7.65
-10.08
-12.12
-14.05
-15.82
-17.8
-19.63
-21.58
-23.46
-25.32
-27.32
-29.16
-31.06
-32.9
-34.73
-36.66
-38.58
-40.41
-42.32
-44.27
-46.05
-48.02
-49.86
-51.83
-53.66
-55.52
-57.52
-59.38
-61.25
-63.18
-65
-66.87
-68.83
-70.71
-72.56
-72.76
-72.78
-72.76
-72.66
-72.77
-72.8
-72.66
-72.76
-72.77
-72.66
-72.8
-72.63
-71.85
-69.9
-67.78
-65.88
-63.97
-62.03
-60.18
-58.26
-56.39
-54.48
-52.54
-50.72
-48.83
-46.92
-45.1
-43.07
-41.27
-39.46
-37.38
-35.61
-33.74
-31.77
-30
-28.03
-26.21
-24.28
-22.33
-20.55
-18.62
-16.66
-14.87
-12.83
-11.02
-8.75
-5.97
-3.52
-0.83
1.73
4.3
7.02
9.5
11.51
13.55
15.29
17.22
19.22
20.97
22.98
24.77
26.64
28.66
30.38
32.23
34.14
36.01
38.06
39.77
41.64
43.72
45.39
47.32
49.4
51.14
53.22
54.94
56.74
58.87
60.57
62.49
64.4
66.23
