154
67
87
152.41
150.04
147.87
154.11
140.11
156.19
145.69
135.57
137.27
148.91
140.3
145.41
147.02
139.64
156.57
136.7
136.61
157.71
124.97
132.73
134.43
129.7
123.93
136.04
132.82
115.32
124.69
137.55
117.03
125.73
138.03
119.86
132.16
135.28
127.53
123.93
141.81
132.73
135.38
140.87
123.84
143.61
137.46
144.18
129.89
139.64
142.29
138.5
142
136.7
132.26
130.84
143.8
141.15
126.86
132.73
148.91
137.84
122.8
141.34
142.57
120.53
139.35
143.89
117.88
117.97
141.15
129.51
115.32
124.4
616.82
835.17
835.45
2.51
0
0.78
-2.69
1.47
-1.99
-1.13
0.69
-3.03
-0.69
-128.88
-127.4
-117.35
-145.69
-154.36
-126.36
-150.72
-152.63
-128.27
-134.51
-153.41
-126.19
-131.48
-152.45
-156.61
-129.66
-140.49
-144.22
-135.55
-130.61
-150.2
-138.76
-138.67
-144.39
-135.38
-127.75
-135.55
-149.25
-124.11
-134.86
-141.1
-128.36
-142.49
-134.25
-139.28
-140.67
-139.02
-143.44
-131.91
-146.91
-133.47
-118.22
-144.39
-132.08
-124.98
-137.37
-152.28
-135.12
-130.44
-136.25
-148.73
-131.3
-146.3
-145.43
-133.04
-137.72
-145.69
-146.13
-138.76
-152.45
-142.92
-150.2
-141.71
-160.17
-159.65
-141.1
-151.33
-151.67
-152.37
-148.21
-132.17
63.9
62.15
60.09
58.24
56.47
54.46
52.54
50.77
48.77
46.98
44.94
43.06
41.32
39.26
37.41
35.65
33.65
31.87
29.91
28.09
26.32
24.29
22.42
20.63
18.62
16.74
14.85
12.98
11.04
8.87
6.28
3.79
1.1
-1.39
-4.21
-6.77
-9.25
-11.47
-13.43
-15.23
-17.2
-18.97
-21.01
-22.86
-24.71
-26.65
-28.55
-30.39
-32.31
-34.16
-36.07
-37.91
-39.8
-41.73
-43.62
-45.47
-47.38
-49.22
-51.21
-53.05
-54.92
-56.9
-58.77
-60.59
-62.56
-64.36
-66.29
-68.22
-70.1
-71.96
-73.03
-72.95
-73.06
-72.95
-73.07
-73.05
-72.94
-73.04
-73.06
-72.91
-73.03
-72.76
-71.11
-69.19
-67.07
-65.24
-63.35
-61.4
-59.55
-57.63
-55.77
-53.88
-51.93
-50.11
-48.17
-46.26
-44.48
-42.41
-40.64
-38.77
-36.83
-34.96
-33.09
-31.16
-29.38
-27.38
-25.64
-23.68
-21.71
-19.88
-18.01
-16.03
-14.26
-12.2
-10.39
-7.89
-5.11
-2.73
-0.09
2.67
5.12
7.93
10.23
12.12
14.19
15.92
17.84
19.81
21.51
23.61
25.36
27.27
29.25
30.96
32.88
34.86
36.58
38.56
40.38
42.29
44.36
46.06
47.97
50
51.76
53.69
55.53
57.45
59.45
61.25
63.11
64.97
66.88
68.93
