155
68
88
138.31
139.64
125.45
131.88
127.72
137.08
128.76
125.07
131.03
123.08
135.28
131.78
128.38
126.77
131.41
123.74
122.32
123.55
122.51
125.45
125.26
124.03
112.11
127.15
123.46
117.97
113.53
120.34
119.49
120.43
127.43
126.86
114.76
129.89
130.74
123.93
130.36
137.37
123.18
121.28
130.93
125.07
112.01
129.32
129.99
110.69
121.38
118.54
108.04
108.98
119.3
110.88
102.17
117.5
130.36
113.62
129.42
123.84
113.05
119.11
125.82
116.93
107.75
120.53
117.88
104.06
108.7
115.51
109.36
109.84
108.23
760.34
757.78
755.61
0.35
-0.17
3.64
4.68
6.5
-0.43
1.73
1.21
-3.73
0.52
-133.21
-124.98
-111.63
-131.22
-124.54
-106.69
-119.26
-122.81
-109.64
-112.76
-116.66
-107.04
-100.36
-117.61
-116.92
-100.71
-113.19
-108.51
-98.72
-104.7
-117.78
-109.55
-98.2
-127.92
-126.19
-108.94
-129.66
-134.34
-109.2
-114.32
-127.49
-117.7
-107.99
-129.05
-108.77
-109.2
-105.56
-111.11
-97.16
-112.76
-116.66
-104.96
-108.16
-114.92
-109.38
-111.63
-126.62
-124.98
-112.67
-122.81
-125.06
-116.48
-115.96
-124.02
-117.78
-111.11
-133.91
-124.02
-112.93
-118.13
-122.72
-108.51
-115.7
-117.26
-109.72
-116.74
-126.1
-125.58
-113.45
-115.18
-119.69
65.33
63.27
61.38
59.46
57.62
55.89
53.83
51.91
50.17
48.14
46.26
44.34
42.46
40.55
38.7
36.8
35.06
33.06
31.1
29.33
27.47
25.74
23.7
21.8
20.02
18.02
16.14
14.22
12.33
10.6
8.05
5.4
2.95
0.26
-2.43
-5.02
-7.57
-10.16
-12.11
-14.02
-15.87
-17.81
-19.74
-21.57
-23.46
-25.41
-27.27
-29.16
-30.96
-32.87
-34.79
-36.64
-38.55
-40.38
-42.28
-44.27
-46.01
-48
-49.95
-51.75
-53.64
-55.51
-57.49
-59.36
-61.18
-63.14
-65.04
-66.87
-68.85
-70.69
-72.6
-72.9
-72.89
-72.93
-72.93
-72.89
-72.9
-72.83
-72.9
-72.91
-72.8
-72.92
-72.85
-71.87
-69.83
-67.74
-65.85
-63.95
-61.97
-60.13
-58.28
-56.38
-54.48
-52.54
-50.73
-48.79
-46.8
-45.09
-43.15
-41.21
-39.4
-37.36
-35.54
-33.7
-31.74
-29.97
-28.08
-26.23
-24.29
-22.26
-20.55
-18.63
-16.61
-14.87
-12.93
-11
-8.73
-6.11
-3.53
-0.89
1.75
4.29
6.93
9.49
11.52
13.46
15.3
17.22
19.24
21
22.9
24.76
26.69
28.69
30.38
32.28
34.25
35.97
37.94
39.81
41.66
43.73
45.44
47.36
49.39
51.19
53.06
54.94
56.78
58.88
60.58
62.5
64.57
66.27
68.18
