156
68
89
154.39
144.27
135.57
143.99
144.18
133.01
134.05
143.42
141.15
134.34
137.27
141.06
140.39
128
138.41
142.47
137.65
132.26
129.7
135.28
122.61
127.81
140.49
115.51
124.4
132.16
124.69
124.59
129.8
129.23
128.85
135.57
134.53
131.03
142.66
137.27
137.27
138.31
139.73
140.77
125.82
131.5
136.7
120.43
128.19
126.11
117.4
123.74
121.85
125.35
120.05
115.04
117.59
114.66
116.46
124.12
116.27
110.88
126.49
103.21
109.65
114.66
116.74
115.61
112.11
116.65
112.11
114
118.73
115.7
112.2
839.61
839.99
837.91
2.86
3.29
3.55
4.07
3.81
6.33
2.77
5.72
4.25
5.81
4.85
-116.83
-114.66
-110.16
-109.12
-107.3
-105.39
-116.92
-110.07
-105.13
-111.28
-108.86
-120.64
-126.97
-99.93
-110.33
-110.33
-108.68
-114.75
-109.03
-116.66
-117.44
-114.66
-109.29
-114.32
-116.48
-119.43
-117.61
-133.04
-123.24
-121.6
-112.5
-130.18
-127.23
-122.64
-129.14
-120.99
-120.12
-114.92
-127.75
-119.08
-122.98
-132.34
-120.21
-112.84
-122.72
-112.41
-109.98
-124.89
-128.88
-110.94
-113.02
-122.9
-125.76
-116.22
-120.04
-127.49
-125.5
-110.33
-121.08
-134.95
-115.96
-117.35
-136.94
-125.41
-107.47
-120.99
-138.33
-100.88
-120.73
-127.06
-128.53
65.21
63.21
61.28
59.58
57.57
55.66
53.97
51.89
50
48.1
46.22
44.44
42.44
40.55
38.82
36.82
35.06
33.06
31.16
29.44
27.49
25.6
23.85
21.81
20.05
18.03
16.13
14.39
12.38
10.49
8.21
5.43
2.83
0.27
-2.4
-4.77
-7.59
-10.17
-11.97
-14.02
-15.82
-17.79
-19.68
-21.52
-23.5
-25.38
-27.16
-29.13
-30.92
-32.89
-34.78
-36.52
-38.55
-40.45
-42.26
-44.24
-46.08
-48
-49.9
-51.71
-53.66
-55.55
-57.4
-59.32
-61.16
-63.14
-65.03
-66.84
-68.78
-70.71
-72.5
-72.83
-72.83
-72.81
-72.84
-72.74
-72.87
-72.87
-72.74
-72.82
-72.73
-72.8
-72.82
-71.97
-70.07
-68.1
-66.12
-64.22
-62.29
-60.46
-58.58
-56.63
-54.81
-52.9
-50.96
-49.12
-47.23
-45.38
-43.47
-41.49
-39.67
-37.71
-35.83
-34.01
-32.05
-30.3
-28.41
-26.42
-24.61
-22.68
-20.74
-18.95
-16.96
-15.17
-13.24
-11.22
-9.18
-6.52
-3.82
-1.38
1.29
3.85
6.48
9.23
11.23
13.14
15.09
16.94
18.92
20.66
22.6
24.59
26.34
28.25
30.2
31.92
33.86
35.72
37.62
39.59
41.36
43.33
45.23
47
49.08
50.87
52.74
54.62
56.51
58.43
60.4
62.17
64.24
65.97
67.85
69.88
