155
68
88
212.39
202.26
163.76
188.45
205.95
160.92
171.14
190.82
148.81
146.07
176.34
149.85
135.57
168.96
159.69
131.97
162.63
143.14
132.82
157.42
146.54
136.61
150.99
146.92
126.68
147.39
145.31
124.31
141.62
149.38
130.18
140.2
140.58
138.78
130.36
145.97
132.07
138.12
132.45
121.09
121.76
132.73
125.54
124.03
137.93
127.53
120.43
128
123.74
118.63
129.04
117.97
113.9
117.21
136.8
129.89
117.4
133.11
124.78
114
133.96
144.74
130.65
141.15
133.58
126.3
135.28
142.29
129.23
133.11
124.97
856.17
859.2
866.01
6.07
7.11
3.99
2.95
5.03
11.44
7.28
7.02
2.95
3.55
-72.8
-142.57
-126.54
-139.8
-133.13
-122.03
-139.8
-128.96
-123.5
-128.79
-127.92
-119.78
-121.42
-134.17
-122.03
-124.89
-126.02
-118.3
-112.84
-118.65
-127.32
-124.28
-122.9
-122.9
-119.6
-127.4
-128.62
-122.9
-119.43
-130.61
-122.81
-118.3
-126.54
-136.16
-127.32
-124.8
-122.72
-131.74
-136.25
-131.04
-126.1
-145.95
-128.27
-120.3
-135.9
-130.61
-116.22
-132.95
-129.57
-115.01
-129.4
-128.36
-104.61
-133.21
-129.83
-107.47
-130.26
-131.13
-101.06
-124.11
-135.38
-106.26
-117.7
-143.18
-139.37
-118.56
-138.15
-152.45
-113.36
-132.78
-157.74
65.35
63.28
61.36
59.64
57.62
55.71
53.84
51.96
50.03
48.15
46.26
44.33
42.47
40.61
38.68
36.78
35.07
33.04
31.17
29.48
27.49
25.59
23.71
21.81
20.04
18.07
16.15
14.22
12.36
10.48
8.06
5.47
2.82
0.21
-2.43
-5
-7.59
-10.18
-12.07
-14.05
-15.82
-17.82
-19.67
-21.49
-23.44
-25.37
-27.28
-29.16
-30.96
-32.87
-34.76
-36.63
-38.55
-40.44
-42.28
-44.22
-46.09
-48
-49.89
-51.79
-53.65
-55.57
-57.45
-59.37
-61.18
-63.21
-65.02
-66.82
-68.83
-70.73
-72.57
-73
-72.91
-73.02
-72.99
-72.96
-72.99
-73.02
-73.03
-73.01
-72.9
-72.98
-72.96
-72.05
-70.12
-68.16
-66.16
-64.26
-62.28
-60.45
-58.6
-56.64
-54.8
-52.9
-51.05
-49.12
-47.16
-45.39
-43.48
-41.57
-39.71
-37.76
-35.94
-34.01
-32.14
-30.3
-28.41
-26.52
-24.62
-22.71
-20.86
-18.93
-16.95
-15.17
-13.24
-11.24
-9.18
-6.5
-3.98
-1.38
1.41
3.86
6.46
9.23
11.19
13.11
15.01
16.9
18.76
20.66
22.56
24.46
26.35
28.25
30.04
31.91
33.97
35.65
37.57
39.6
41.32
43.26
45.14
47
49.05
50.84
52.75
54.76
56.47
58.41
60.26
62.15
64.23
65.95
67.83
