155
68
89
145.22
167.92
140.2
153.26
161.11
138.41
150.04
149.57
144.56
126.58
156.76
146.26
127.53
143.04
138.78
129.42
138.22
140.49
139.26
124.97
136.8
129.61
131.22
139.73
130.27
129.04
135.66
128.47
129.51
130.74
131.5
134.34
135.76
133.58
141.53
142.38
138.31
140.58
138.31
136.33
136.33
133.39
130.74
122.7
138.5
138.5
121.95
133.58
128.57
124.31
125.54
127.53
125.26
128.47
136.61
125.26
130.84
135.95
136.89
119.01
127.15
128.85
126.68
129.51
130.55
130.84
118.16
128.47
129.51
115.23
122.13
838.48
836.97
834.88
0.17
0.69
0.69
1.13
0
0.52
0.17
-1.73
2.51
0.17
1.91
-133.04
-122.64
-137.11
-131.13
-125.24
-129.22
-127.92
-124.28
-129.22
-129.31
-131.3
-126.88
-132.26
-124.28
-122.29
-134.77
-129.92
-127.66
-138.5
-132.26
-130.61
-129.48
-138.59
-132.43
-131.22
-139.02
-131.74
-131.74
-142.66
-139.19
-135.47
-133.82
-134.08
-130.26
-129.4
-134.17
-124.8
-128.62
-127.92
-128.79
-132.08
-126.45
-136.16
-137.89
-121.08
-137.03
-140.84
-132.52
-140.58
-143.61
-133.65
-127.4
-144.74
-138.59
-123.24
-135.38
-151.41
-128.79
-132.52
-145.17
-129.14
-129.83
-138.24
-147.17
-132.69
-132.69
-158.87
-135.9
-107.12
-125.67
65.02
63.15
61.38
59.34
57.49
55.72
53.72
51.79
49.88
48
46.27
44.21
42.32
40.58
38.54
36.66
34.81
32.92
31.16
29.21
27.33
25.57
23.54
21.67
19.77
17.91
16.12
14.1
12.21
10.46
7.87
5.22
2.59
0.03
-2.48
-5.18
-7.78
-10.23
-12.22
-14.16
-15.99
-17.94
-19.74
-21.75
-23.6
-25.45
-27.42
-29.29
-31.16
-33.03
-34.85
-36.78
-38.69
-40.53
-42.44
-44.34
-46.27
-48.14
-50
-51.93
-53.79
-55.62
-57.59
-59.49
-61.38
-63.28
-65.1
-67.03
-68.98
-70.8
-72.73
-73.1
-73.09
-73.07
-73.02
-73.08
-73.1
-72.97
-73.08
-73.07
-73.09
-73.08
-72.93
-71.99
-69.95
-67.89
-65.99
-64.05
-62.1
-60.31
-58.37
-56.51
-54.64
-52.66
-50.84
-48.97
-47.05
-45.19
-43.22
-41.38
-39.55
-37.5
-35.73
-33.86
-31.98
-30.1
-28.17
-26.32
-24.41
-22.44
-20.67
-18.76
-16.85
-15
-12.96
-11.15
-8.9
-6.15
-3.73
-1.14
1.59
4.1
6.86
9.34
11.39
13.42
15.19
17.18
18.97
20.87
22.84
24.63
26.55
28.59
30.23
32.11
33.99
35.85
37.9
39.65
41.53
43.63
45.3
47.2
49.12
51.02
53.07
54.78
56.68
58.77
60.44
62.33
64.29
66.13
68.19
