155
68
88
156.57
144.37
123.74
147.02
152.41
130.65
138.88
146.54
125.82
117.03
141.81
136.51
115.7
139.26
132.45
120.24
128.66
134.24
118.26
118.35
133.11
130.36
116.74
122.32
131.69
126.77
124.4
138.12
136.23
133.11
138.88
136.7
125.54
130.55
125.82
106.62
137.55
134.81
115.04
117.97
130.36
114.38
113.34
125.26
120.05
105.01
125.07
127.72
105.2
123.18
133.68
112.58
115.13
135
122.61
113.81
130.93
134.62
114.57
119.58
133.96
112.01
123.65
130.65
113.43
115.42
124.22
129.14
123.84
138.31
133.77
838.1
832.99
824.19
-2.43
3.29
2.08
1.21
0.43
2.08
2.25
5.03
0.69
3.81
-177.07
-142.05
-126.02
-128.18
-129.31
-102.27
-119.34
-132.6
-109.72
-108.68
-132.95
-120.12
-107.9
-134.17
-131.91
-103.83
-118.13
-139.8
-99.5
-103.05
-127.84
-115.01
-91.44
-116.48
-127.4
-95.25
-112.15
-128.7
-100.36
-106.34
-129.05
-114.23
-103.74
-133.56
-134.17
-107.47
-126.19
-137.89
-122.29
-127.92
-134.77
-123.16
-128.62
-133.39
-125.15
-124.72
-139.19
-120.47
-115.88
-122.03
-126.1
-113.19
-118.04
-134.17
-125.41
-113.97
-139.19
-143.44
-108.08
-127.92
-136.51
-103.57
-126.45
-134.25
-136.77
-110.07
-131.65
-143.79
-97.5
-121.94
-132.34
65.38
63.37
61.46
59.59
57.71
55.83
53.93
52.02
50.27
48.23
46.34
44.41
42.55
40.82
38.77
36.89
35.16
33.14
31.21
29.4
27.61
25.78
23.75
21.88
20.12
18.13
16.22
14.35
12.43
10.68
8.21
5.55
3.05
0.36
-2.34
-4.88
-7.44
-9.97
-12.01
-13.95
-15.75
-17.74
-19.61
-21.51
-23.39
-25.24
-27.19
-29.09
-30.96
-32.8
-34.69
-36.55
-38.48
-40.29
-42.22
-44.18
-45.95
-47.9
-49.82
-51.67
-53.56
-55.42
-57.38
-59.28
-61.11
-63.05
-64.9
-66.81
-68.74
-70.56
-72.47
-72.91
-72.8
-72.9
-72.91
-72.85
-72.91
-72.92
-72.9
-72.9
-72.88
-72.92
-72.87
-72.03
-70.05
-68.01
-66.08
-64.19
-62.23
-60.36
-58.5
-56.64
-54.7
-52.71
-50.98
-49.07
-47.06
-45.31
-43.41
-41.46
-39.66
-37.7
-35.8
-33.95
-32
-30.21
-28.34
-26.48
-24.55
-22.54
-20.79
-18.85
-16.87
-15.09
-13.2
-11.24
-9.03
-6.43
-3.9
-1.26
1.38
3.92
6.59
9.19
11.25
13.21
15.07
16.99
19
20.74
22.62
24.54
26.42
28.43
30.12
31.99
34.04
35.77
37.69
39.53
41.4
43.33
45.19
47.06
49.01
50.94
52.81
54.7
56.55
58.64
60.33
62.23
64.34
66.02
67.88
