155
68
88
158.84
156.38
147.96
152.69
153.07
147.58
158.37
157.61
163.29
171.33
153.35
158.84
167.92
160.73
159.79
164.52
165.94
154.77
159.12
157.52
138.78
148.91
146.92
137.65
134.34
135.95
143.23
124.59
142.1
150.14
134.91
143.23
151.84
142.29
153.73
147.3
155.91
146.45
140.68
143.04
128.47
125.73
126.96
124.03
126.96
124.5
114.47
124.12
114.47
113.43
126.3
121.57
130.08
130.08
140.77
144.27
140.58
153.92
146.26
141.43
133.77
144.84
136.99
126.68
131.88
124.59
122.89
118.35
112.39
115.04
112.96
528.84
879.63
879.63
1.3
3.12
-1.65
-1.21
0.95
-2.43
0.95
-1.13
-0.52
0.35
-129.14
-133.56
-120.12
-138.15
-139.37
-128.62
-140.06
-141.71
-129.92
-140.93
-146.82
-136.59
-139.02
-143.96
-138.15
-132.6
-138.15
-135.47
-116.83
-119.43
-135.03
-121.94
-124.46
-141.62
-137.46
-123.33
-138.15
-135.12
-133.04
-137.63
-136.42
-132.08
-135.64
-153.93
-131.04
-139.97
-131.39
-137.29
-135.03
-135.47
-133.3
-130.78
-145.87
-129.83
-125.84
-142.83
-138.33
-136.68
-144.05
-151.5
-143.96
-141.88
-155.05
-159.39
-145.87
-157.74
-156.18
-145.26
-145.17
-143.79
-132.43
-134.86
-144.39
-141.71
-137.29
-129.14
-141.27
-147.08
-138.67
-136.85
-152.45
66.04
63.97
62.1
60.19
58.32
56.58
54.61
52.64
50.91
48.78
46.95
45.21
43.21
41.43
39.39
37.53
35.79
33.74
31.86
30.15
28.18
26.44
24.42
22.49
20.76
18.72
16.83
14.96
13.07
11.29
9.02
6.38
3.95
1.23
-1.4
-4.09
-6.59
-9.12
-11.39
-13.32
-15.14
-17.09
-18.97
-20.79
-22.76
-24.58
-26.56
-28.45
-30.27
-32.17
-34.08
-35.93
-37.84
-39.66
-41.6
-43.5
-45.35
-47.3
-49.12
-51.1
-52.97
-54.78
-56.74
-58.66
-60.5
-62.41
-64.29
-66.15
-68.13
-70.03
-71.87
-73.02
-72.91
-73
-73
-73.03
-73.02
-72.91
-73.02
-73.02
-72.92
-73.01
-72.76
-71.22
-69.41
-67.36
-65.47
-63.57
-61.62
-59.76
-57.88
-55.99
-54.11
-52.15
-50.34
-48.42
-46.43
-44.67
-42.75
-40.87
-38.98
-36.99
-35.22
-33.33
-31.4
-29.59
-27.7
-25.84
-23.91
-21.94
-20.17
-18.23
-16.27
-14.47
-12.53
-10.61
-8.24
-5.42
-3.02
-0.42
2.37
4.81
7.46
10.06
11.92
13.95
15.71
17.61
19.6
21.35
23.27
25.27
27.05
29.05
30.74
32.63
34.66
36.39
38.31
40.24
42.05
43.97
45.8
47.76
49.76
51.52
53.44
55.32
57.21
59.25
61.01
62.89
64.9
66.61
68.53
