155
68
89
165.65
165.46
157.8
164.99
174.83
156.38
146.92
166.88
176.91
157.33
165.84
158.18
132.07
139.35
147.58
138.41
136.33
148.81
146.64
137.18
128.57
142.57
144.93
137.55
131.88
148.53
148.62
143.42
154.11
158.27
146.83
153.83
147.96
160.17
172.56
159.31
154.87
153.73
145.88
136.7
133.58
140.87
137.27
132.07
137.55
143.42
135.38
140.77
139.35
140.96
145.5
149.38
151.84
154.39
158.94
168.11
163.38
169.25
162.25
149.66
153.54
153.16
147.96
149.57
158.46
133.87
143.04
138.22
137.46
139.35
128
884.27
880.67
876.32
3.29
1.39
0.35
1.21
-1.3
0.09
3.03
3.55
0.78
4.07
0.35
-165.63
-152.97
-160.51
-161.9
-154.71
-158.95
-171.17
-154.88
-160.43
-175.33
-166.32
-156.87
-166.41
-170.91
-155.4
-159.91
-154.88
-139.89
-145.52
-150.11
-125.84
-128.18
-134.08
-143.96
-133.73
-152.02
-148.03
-140.93
-162.25
-162.07
-160.43
-160.51
-169.09
-171.09
-162.51
-158.17
-169.44
-159.91
-156.79
-161.12
-161.73
-158.35
-163.81
-145.69
-146.56
-148.55
-154.45
-160.77
-151.15
-162.51
-145.69
-159.82
-176.98
-171.52
-160.86
-176.29
-185.65
-150.63
-151.59
-180.1
-155.83
-138.33
-168.23
-158.87
-144.74
-162.59
-170.65
-146.04
-152.8
-161.64
65.15
63.14
61.38
59.31
57.5
55.71
53.65
51.81
49.88
48.01
46.2
44.2
42.31
40.58
38.52
36.64
34.91
32.89
31.16
29.15
27.32
25.57
23.54
21.63
19.75
17.87
16.13
14.11
12.22
10.43
7.79
5.23
2.58
0.02
-2.48
-5.22
-7.77
-10.23
-12.24
-14.19
-15.97
-17.96
-19.87
-21.73
-23.61
-25.47
-27.41
-29.3
-31.2
-33.06
-34.84
-36.76
-38.71
-40.51
-42.44
-44.39
-46.2
-48.15
-50
-51.97
-53.8
-55.66
-57.62
-59.51
-61.35
-63.28
-65.12
-67.06
-68.97
-70.83
-72.72
-73.11
-73.13
-73.1
-73.04
-73.13
-73.13
-73.01
-73.12
-73.12
-73.04
-73.12
-72.92
-71.97
-69.92
-67.92
-65.99
-64.08
-62.19
-60.3
-58.38
-56.53
-54.64
-52.66
-50.88
-48.94
-46.97
-45.2
-43.22
-41.39
-39.53
-37.5
-35.71
-33.85
-31.88
-30.12
-28.21
-26.33
-24.42
-22.43
-20.66
-18.76
-16.76
-14.98
-13
-11.17
-8.92
-6.29
-3.75
-1.14
1.68
4.09
6.84
9.35
11.34
13.41
15.16
17.07
19.07
20.83
22.88
24.62
26.52
28.55
30.23
32.09
34.11
35.87
37.9
39.63
41.5
43.6
45.34
47.19
49.09
51.04
53.05
54.78
56.71
58.74
60.43
62.35
64.42
66.12
68.17
