155
68
89
145.5
147.49
149.19
147.58
139.07
134.15
135.95
132.35
123.74
122.51
140.39
148.43
126.39
140.39
156.95
136.33
127.72
158.84
135.85
126.01
132.92
147.68
119.58
145.03
158.56
131.88
117.69
135.76
138.88
132.45
139.45
151.84
133.01
150.99
145.41
129.61
144.84
145.69
133.39
145.79
145.31
133.01
132.82
132.16
137.93
135.47
141.15
146.64
144.46
143.61
144.74
146.73
156
160.35
154.39
135.85
148.81
153.45
142.47
134.62
152.6
154.68
146.26
147.2
147.49
139.07
135
146.07
134.24
135.19
160.73
869.32
877.27
869.7
3.81
3.81
3.12
1.99
3.81
-2.77
5.03
1.99
3.81
1.82
0.52
-147.34
-138.41
-150.81
-142.14
-137.11
-148.29
-145.17
-138.15
-143.53
-137.29
-129.57
-135.55
-153.41
-147.77
-139.97
-144.39
-147.6
-139.63
-135.9
-150.29
-151.5
-144.05
-151.5
-141.62
-138.85
-137.98
-136.85
-137.55
-126.45
-143.87
-144.65
-137.11
-140.93
-145.26
-138.24
-124.54
-149.42
-133.91
-127.84
-136.77
-124.63
-122.55
-141.88
-128.18
-131.56
-149.94
-148.38
-131.56
-130.7
-148.55
-129.14
-137.11
-150.11
-134.6
-122.9
-134.51
-131.91
-120.9
-130.44
-135.47
-129.83
-117.44
-146.21
-156.79
-126.1
-145.09
-149.94
-136.16
-137.63
-139.8
65.27
63.2
61.49
59.42
57.55
55.79
53.76
51.88
50.12
48.07
46.34
44.29
42.41
40.68
38.62
36.73
34.99
33.02
31.11
29.29
27.44
25.66
23.61
21.77
19.98
17.95
16.19
14.25
12.29
10.55
8.02
5.36
2.85
0.2
-2.37
-5.08
-7.65
-10.15
-12.15
-14.09
-15.89
-17.88
-19.74
-21.63
-23.52
-25.37
-27.36
-29.2
-31.1
-32.92
-34.75
-36.68
-38.6
-40.43
-42.37
-44.33
-46.05
-48.05
-49.93
-51.84
-53.7
-55.58
-57.52
-59.42
-61.27
-63.18
-65.03
-66.95
-68.89
-70.74
-72.62
-73.11
-73
-73.07
-73.04
-73.13
-73.13
-72.98
-73.11
-73.06
-73.03
-73.11
-72.99
-71.89
-69.87
-67.81
-65.92
-64.02
-62.04
-60.2
-58.25
-56.45
-54.51
-52.57
-50.76
-48.88
-46.88
-45.14
-43.12
-41.3
-39.45
-37.45
-35.63
-33.74
-31.8
-30.06
-27.91
-26.24
-24.35
-22.36
-20.58
-18.66
-16.66
-14.92
-12.89
-11.09
-8.78
-6.06
-3.62
-0.99
1.77
4.24
7
9.44
11.45
13.5
15.26
17.14
19.16
20.93
22.81
24.73
26.63
28.61
30.31
32.18
34.21
35.94
38.04
39.76
41.62
43.67
45.38
47.25
49.34
51.13
53.17
54.87
56.75
58.82
60.51
62.43
64.51
66.2
68.12
