155
68
88
146.35
149.38
142.38
161.96
168.11
137.65
154.77
164.42
132.64
137.74
146.45
135.1
110.12
138.69
147.49
115.32
129.7
149.85
118.54
109.84
135.57
125.92
110.78
149.57
138.03
120.81
137.27
135.38
130.18
138.12
151.46
143.7
144.27
157.52
143.52
122.23
143.33
134.53
118.54
138.31
121.19
122.42
109.93
120.24
127.91
128.57
132.45
138.22
144.18
140.58
137.93
134.81
130.18
155.25
134.72
137.18
139.26
132.64
121.09
120.72
135.19
131.12
116.93
137.93
124.69
114.57
123.46
133.77
128.57
128.76
145.97
824.29
817.48
812.08
2.17
1.47
3.03
2.08
1.73
-1.21
-2.08
2.77
2.69
1.04
-96.98
-129.92
-119.17
-122.12
-121.25
-121.25
-129.22
-134.17
-127.4
-121.16
-134.86
-117.35
-119.95
-142.49
-147.95
-125.58
-120.99
-143.09
-133.47
-123.33
-135.99
-125.93
-128.01
-121.68
-120.64
-121.16
-111.8
-117.44
-117.7
-114.32
-126.45
-144.91
-118.91
-131.82
-138.24
-124.63
-128.36
-140.93
-130.52
-113.45
-129.92
-129.92
-115.01
-128.7
-129.83
-111.28
-116.92
-132.95
-111.72
-102.7
-129.92
-121.6
-103.83
-131.74
-120.73
-106.95
-122.81
-123.24
-114.4
-113.8
-132.86
-134.95
-111.46
-138.07
-136.59
-116.83
-127.4
-122.81
-121.34
-97.5
-112.5
65.29
63.24
61.37
59.46
57.6
55.67
53.81
51.86
50.18
48.1
46.25
44.3
42.42
40.57
38.67
36.76
35.05
33.05
31.13
29.3
27.49
25.55
23.67
21.78
19.99
18.01
16.14
14.23
12.34
10.59
8.05
5.38
2.99
0.26
-2.47
-5.05
-7.58
-10.23
-12.12
-14.04
-15.86
-17.83
-19.75
-21.61
-23.44
-25.44
-27.27
-29.2
-30.96
-32.89
-34.82
-36.67
-38.58
-40.48
-42.34
-44.27
-46.03
-48.03
-49.95
-51.82
-53.67
-55.59
-57.49
-59.4
-61.19
-63.16
-65.04
-66.96
-68.85
-70.77
-72.61
-72.88
-72.76
-72.93
-72.88
-72.87
-72.87
-72.9
-72.85
-72.86
-72.79
-72.88
-72.81
-71.91
-69.82
-67.82
-65.9
-63.96
-62.02
-60.18
-58.3
-56.4
-54.48
-52.52
-50.74
-48.83
-46.84
-45.09
-43.12
-41.23
-39.43
-37.46
-35.59
-33.72
-31.76
-30
-28.11
-26.2
-24.29
-22.4
-20.56
-18.62
-16.64
-14.86
-12.95
-11.01
-8.75
-5.98
-3.63
-0.96
1.84
4.28
6.91
9.54
11.48
13.36
15.31
17.19
19.2
20.98
22.9
24.75
26.66
28.66
30.32
32.25
34.25
35.97
37.91
39.77
41.65
43.69
45.43
47.36
49.34
51.13
53.09
54.91
56.79
58.72
60.56
62.47
64.54
66.27
68.15
