155
68
88
148.15
128.85
123.18
133.68
142.66
111.54
146.16
134.91
105.29
131.69
133.77
108.42
120.34
141.15
128.19
108.51
135.19
138.5
113.34
131.22
138.78
133.87
145.6
148.43
125.35
129.42
129.8
124.22
126.2
128.85
133.3
128.09
125.16
126.86
120.15
125.63
126.77
117.03
135
141.34
129.32
137.74
128.19
120.62
136.7
139.35
136.8
129.99
151.18
137.55
131.41
133.77
127.34
128.47
123.27
125.54
128.47
129.14
130.84
125.54
134.53
136.42
122.23
142
122.61
132.16
119.86
131.97
138.41
129.61
141.43
842.64
839.71
833.75
1.73
2.34
2.43
7.28
3.29
3.03
5.55
6.5
3.29
2.43
-148.12
-127.14
-129.92
-139.97
-134.95
-133.91
-130.26
-128.79
-128.01
-123.42
-133.39
-115.96
-129.14
-136.85
-139.97
-122.03
-124.2
-137.63
-145.87
-141.88
-141.79
-140.32
-147.77
-137.2
-138.33
-137.29
-128.27
-125.67
-130.7
-124.89
-126.36
-130.78
-123.5
-128.27
-140.75
-123.5
-119.17
-140.93
-132.69
-135.64
-135.29
-128.27
-129.4
-138.07
-131.82
-124.11
-136.33
-145.78
-135.47
-122.55
-142.83
-130
-111.54
-135.12
-127.92
-110.24
-124.8
-134.43
-113.62
-118.82
-142.83
-128.96
-112.67
-148.12
-137.72
-129.31
-142.31
-145.78
-124.54
-129.14
-141.45
65.07
63.15
61.27
59.39
57.51
55.59
53.76
51.86
49.9
48.07
46.16
44.21
42.35
40.61
38.57
36.72
34.84
32.96
31.06
29.26
27.41
25.63
23.58
21.7
19.78
17.92
16.04
14.16
12.24
10.5
7.93
5.26
2.83
0.06
-2.58
-5.11
-7.73
-10.31
-12.17
-14.13
-16.03
-17.88
-19.8
-21.72
-23.55
-25.49
-27.4
-29.26
-31.02
-33
-34.89
-36.74
-38.65
-40.5
-42.43
-44.35
-46.16
-48.1
-49.99
-51.9
-53.74
-55.59
-57.57
-59.48
-61.35
-63.23
-65.14
-67.01
-68.92
-70.77
-72.66
-72.95
-72.86
-72.96
-72.98
-72.97
-72.97
-72.89
-72.94
-73
-72.93
-72.97
-72.88
-71.96
-69.93
-67.86
-65.95
-64.06
-62.13
-60.26
-58.37
-56.46
-54.6
-52.61
-50.79
-48.9
-46.94
-45.2
-43.25
-41.39
-39.48
-37.49
-35.68
-33.8
-31.82
-30.09
-28.18
-26.29
-24.37
-22.38
-20.61
-18.7
-16.8
-14.93
-13.01
-11.13
-8.83
-6.02
-3.67
-1.1
1.74
4.13
6.8
9.4
11.42
13.48
15.21
17.1
19.07
20.86
22.8
24.65
26.58
28.51
30.26
32.15
34.04
35.89
37.84
39.72
41.59
43.64
45.38
47.22
49.28
51.06
53.01
54.82
56.73
58.8
60.48
62.39
64.33
66.16
68.08
