156
68
89
145.41
153.07
126.58
130.36
147.58
136.51
125.82
142.66
136.61
132.54
139.45
137.93
136.8
130.08
140.11
137.74
133.2
130.36
131.88
127.43
133.2
130.93
138.03
120.81
128.95
134.81
129.51
126.96
141.43
134.91
131.78
145.6
135.95
135.57
138.6
149.29
135.85
138.5
140.2
134.62
131.22
146.16
135.95
122.89
134.43
130.84
128.38
125.73
128.09
121.57
127.15
125.82
127.72
129.99
136.61
135.38
119.11
120.34
122.51
119.49
122.42
122.99
118.26
130.74
114.85
111.54
111.07
115.04
109.17
110.97
115.32
886.35
875.47
873.58
3.29
1.39
1.82
0.78
0.35
-4.59
0.52
2.43
-3.12
-0.78
1.47
-127.49
-115.01
-115.44
-116.4
-107.04
-111.54
-127.4
-108.94
-110.68
-125.76
-120.12
-111.02
-134.25
-124.72
-115.79
-124.46
-127.4
-120.21
-109.46
-127.06
-125.32
-116.92
-128.36
-118.56
-115.1
-131.91
-130.96
-124.37
-134.17
-133.56
-122.72
-131.74
-138.76
-133.82
-133.3
-129.92
-133.65
-134.34
-135.73
-129.14
-132.6
-130.26
-126.36
-108.86
-126.97
-124.28
-113.8
-114.14
-130.96
-119.26
-111.72
-128.1
-128.62
-125.93
-119.86
-135.03
-130.52
-109.98
-126.45
-143.27
-115.36
-115.27
-136.59
-137.03
-115.96
-123.94
-139.97
-96.38
-115.18
-131.91
-127.84
65.24
63.22
61.34
59.58
57.62
55.72
54
51.94
50.02
48.31
46.24
44.52
42.49
40.58
38.86
36.83
34.94
33.06
31.22
29.33
27.48
25.64
23.86
21.83
20.08
18.09
16.17
14.41
12.37
10.53
8.26
5.52
2.87
0.29
-2.34
-4.73
-7.53
-10.14
-11.94
-13.97
-15.8
-17.75
-19.67
-21.47
-23.4
-25.36
-27.13
-29.1
-31
-32.86
-34.75
-36.51
-38.51
-40.38
-42.18
-44.2
-46.08
-47.92
-49.84
-51.69
-53.62
-55.52
-57.38
-59.28
-61.25
-63.1
-64.97
-66.77
-68.77
-70.66
-72.46
-72.87
-72.87
-72.8
-72.85
-72.76
-72.87
-72.87
-72.77
-72.87
-72.9
-72.87
-72.8
-71.94
-70.02
-68.09
-66.06
-64.23
-62.25
-60.44
-58.55
-56.6
-54.75
-52.87
-50.93
-49.08
-47.18
-45.29
-43.46
-41.45
-39.67
-37.72
-35.77
-33.97
-32.12
-30.25
-28.37
-26.47
-24.56
-22.66
-20.73
-18.9
-17.01
-15.05
-13.22
-11.2
-9.12
-6.47
-3.8
-1.33
1.34
3.94
6.51
9.31
11.27
13.16
15.13
16.92
19
20.69
22.61
24.62
26.38
28.28
30.24
31.94
33.83
35.87
37.65
39.63
41.39
43.32
45.32
47.03
48.97
50.88
52.81
54.82
56.54
58.46
60.47
62.19
64.13
65.96
67.9
69.95
