155
68
88
139.45
137.27
127.53
131.88
133.58
130.36
135.28
141.15
114.38
127.53
134.34
130.27
116.46
138.97
136.33
117.12
132.16
141.34
122.89
130.18
133.11
122.7
116.27
134.72
124.31
110.97
125.16
117.78
115.32
116.93
124.97
115.42
110.5
131.69
110.88
116.17
132.64
130.65
128.76
148.25
137.37
131.22
147.3
141.43
152.12
145.5
159.03
155.72
151.65
167.64
150.42
147.3
156.19
149
142.66
136.14
147.11
142.38
132.92
136.04
142.1
131.97
125.26
136.42
127.72
114.47
121.57
130.27
114.57
117.4
128.47
844.82
839.52
832.71
4.33
0.69
5.11
-1.82
1.56
-2.43
4.77
3.38
-1.82
0.61
-127.23
-128.88
-124.46
-134.86
-132.34
-114.06
-134.95
-136.33
-130.26
-130.78
-131.74
-124.72
-118.48
-140.93
-145.78
-125.5
-133.56
-150.03
-132.52
-125.32
-139.54
-146.73
-136.51
-133.73
-145.95
-129.31
-130.96
-134.17
-128.62
-107.73
-124.46
-121.77
-119.78
-115.79
-126.88
-110.76
-108.42
-126.45
-121.6
-118.04
-123.42
-118.74
-118.3
-120.82
-118.22
-111.2
-129.57
-142.4
-108.77
-120.82
-129.92
-119.52
-113.1
-127.23
-123.24
-108.6
-126.28
-121.86
-103.48
-119.69
-124.37
-110.33
-104.52
-129.48
-121.77
-119.86
-109.03
-128.7
-122.9
-113.28
-120.56
65.35
63.28
61.41
59.48
57.66
55.9
53.86
51.94
50.15
48.19
46.26
44.37
42.47
40.75
38.72
36.79
35.12
33.06
31.17
29.36
27.53
25.72
23.73
21.85
20.06
18.03
16.19
14.3
12.38
10.49
8.07
5.44
2.83
0.3
-2.44
-4.91
-7.54
-10.15
-12.06
-14.01
-15.82
-17.8
-19.64
-21.57
-23.4
-25.29
-27.19
-29.15
-30.92
-32.88
-34.77
-36.65
-38.53
-40.37
-42.26
-44.23
-46.05
-47.99
-49.9
-51.76
-53.64
-55.49
-57.45
-59.35
-61.18
-63.12
-65.02
-66.87
-68.82
-70.72
-72.52
-73.04
-72.97
-73.07
-73.12
-73.07
-73.05
-73
-73.04
-73.04
-72.99
-73.05
-72.93
-71.85
-69.79
-67.72
-65.85
-63.92
-61.95
-60.14
-58.24
-56.37
-54.46
-52.5
-50.67
-48.78
-46.78
-45.05
-43.1
-41.21
-39.39
-37.42
-35.53
-33.66
-31.81
-29.97
-28.06
-26.17
-24.25
-22.38
-20.53
-18.58
-16.59
-14.81
-12.9
-10.99
-8.68
-5.9
-3.53
-0.89
1.9
4.29
6.96
9.54
11.55
13.48
15.37
17.23
19.2
21
22.92
24.8
26.71
28.61
30.39
32.27
34.31
36.04
37.98
39.81
41.69
43.77
45.49
47.37
49.43
51.21
53.12
54.96
56.84
58.91
60.61
62.53
64.63
66.29
68.22
