155
68
88
183.15
188.55
155.25
173.88
177.76
158.08
149.57
165.27
161.3
137.55
159.03
141.62
128.76
143.42
147.77
132.45
147.02
156.57
141.15
133.87
142.66
142.38
141.91
158.18
147.39
140.2
156.76
148.25
146.26
148.62
149
157.71
138.78
142.47
146.83
144.08
133.68
154.3
161.4
138.88
153.92
162.63
140.2
159.69
167.54
139.64
143.8
172.56
155.06
140.11
162.72
164.71
135.47
160.92
173.32
145.12
158.84
168.68
148.25
134.91
166.98
159.69
133.77
165.56
161.87
152.98
149.57
167.73
140.58
142.85
164.23
855.32
850.02
851.25
0.61
1.82
1.91
1.13
4.33
3.21
1.73
1.3
1.91
-2.69
-116.48
-158
-129.48
-160.25
-167.1
-160.6
-154.62
-166.23
-157.91
-150.81
-159.21
-156.01
-156.44
-167.45
-158.69
-150.37
-167.19
-160.77
-145.78
-172.39
-166.93
-150.2
-165.54
-165.63
-150.55
-150.37
-169.18
-154.01
-148.9
-156.7
-161.55
-152.97
-164.41
-164.85
-154.45
-167.62
-163.03
-159.73
-157.65
-154.79
-161.81
-162.51
-153.41
-166.15
-166.58
-149.33
-156.01
-162.25
-144.05
-152.19
-165.63
-146.73
-141.1
-152.45
-163.55
-134.51
-151.5
-161.38
-144.31
-152.97
-174.64
-162.33
-162.07
-188.68
-188.33
-173.08
-190.15
-194.31
-170.31
-165.19
-161.81
65.01
63.14
61.19
59.32
57.49
55.71
53.69
51.79
50.01
47.97
46.1
44.21
42.32
40.57
38.56
36.65
34.89
32.92
31.01
29.16
27.34
25.54
23.55
21.66
19.75
17.85
16
14.09
12.18
10.44
7.85
5.22
2.72
0.02
-2.63
-5.18
-7.79
-10.24
-12.23
-14.2
-16.06
-17.93
-19.84
-21.74
-23.59
-25.47
-27.42
-29.3
-31.2
-33.07
-34.93
-36.8
-38.73
-40.52
-42.45
-44.41
-46.27
-48.12
-50.07
-51.95
-53.79
-55.65
-57.63
-59.52
-61.38
-63.3
-65.19
-67.07
-68.99
-70.83
-72.73
-72.99
-72.89
-72.98
-72.96
-72.98
-73
-72.87
-72.98
-72.98
-72.98
-73
-72.89
-72.05
-69.97
-67.97
-65.99
-64.09
-62.21
-60.3
-58.43
-56.54
-54.63
-52.66
-50.86
-48.98
-46.99
-45.22
-43.32
-41.39
-39.56
-37.53
-35.71
-33.84
-31.96
-30.15
-28.24
-26.35
-24.41
-22.45
-20.69
-18.76
-16.87
-15.03
-13.05
-11.13
-8.92
-6.12
-3.74
-1.16
1.68
4.08
6.71
9.35
11.38
13.4
15.2
17.05
18.97
20.85
22.72
24.61
26.53
28.42
30.21
32.11
34.13
35.84
37.78
39.65
41.53
43.58
45.3
47.21
49.12
51.01
52.91
54.75
56.65
58.57
60.4
62.35
64.27
66.13
68.02
