155
68
88
150.04
145.12
151.75
144.93
138.12
131.97
141.53
134.81
134.43
143.04
124.22
130.74
137.55
124.12
142.29
140.49
132.35
138.31
138.69
128
124.88
133.96
141.06
118.44
140.39
140.11
126.3
126.77
140.11
129.8
134.43
149.66
143.7
155.34
135.95
154.02
135.66
145.5
134.53
133.96
126.2
131.78
130.08
122.23
136.89
132.73
128
118.07
121.57
129.8
131.97
125.07
122.8
135.19
140.49
140.96
137.37
135.66
129.61
124.5
128
122.8
126.01
136.42
115.89
124.78
117.59
123.74
108.42
117.69
117.21
864.12
861.09
855.04
-2.34
0.87
-1.73
-1.99
-0.09
0.17
-0.69
2.86
-0.61
0
-148.29
-138.5
-124.46
-146.21
-134.25
-123.94
-140.67
-141.27
-125.84
-137.63
-144.91
-131.65
-137.37
-148.47
-137.46
-135.64
-138.85
-141.01
-115.96
-131.65
-141.71
-128.44
-124.8
-144.31
-138.24
-132.6
-144.48
-133.13
-140.93
-139.28
-135.47
-136.25
-132.95
-149.33
-137.72
-139.02
-131.22
-139.37
-137.81
-134.34
-128.1
-128.79
-139.89
-123.5
-124.54
-138.76
-136.77
-125.58
-144.83
-134.69
-127.49
-130.52
-140.75
-141.97
-124.54
-128.01
-132.34
-120.82
-123.68
-117.52
-122.2
-127.4
-121.51
-127.58
-131.74
-123.85
-131.39
-147.77
-126.36
-138.24
-140.84
65.35
63.26
61.4
59.47
57.62
55.76
53.86
51.93
50.05
48.15
46.21
44.34
42.51
40.61
38.69
36.81
35.09
33.06
31.19
29.47
27.5
25.61
23.72
21.81
20.05
18.03
16.14
14.26
12.37
10.48
8.06
5.45
2.82
0.25
-2.44
-4.96
-7.56
-10.17
-12.06
-14.02
-15.94
-17.81
-19.68
-21.47
-23.44
-25.37
-27.23
-29.15
-30.96
-32.86
-34.78
-36.62
-38.55
-40.44
-42.31
-44.22
-46.11
-48
-49.9
-51.76
-53.65
-55.59
-57.47
-59.37
-61.18
-63.12
-65.02
-66.8
-68.8
-70.7
-72.56
-73.03
-72.92
-73.04
-73.02
-73.04
-73.04
-73.03
-73.04
-73.03
-72.93
-73.05
-72.95
-72.03
-70.12
-68.12
-66.16
-64.25
-62.3
-60.48
-58.6
-56.65
-54.78
-52.9
-51.05
-49.14
-47.12
-45.38
-43.46
-41.56
-39.73
-37.73
-35.87
-34.01
-32.13
-30.3
-28.4
-26.48
-24.62
-22.68
-20.86
-18.92
-16.95
-15.17
-13.24
-11.21
-9.19
-6.53
-3.99
-1.38
1.48
3.83
6.49
9.27
11.23
13.13
15
16.91
18.79
20.66
22.57
24.47
26.35
28.28
30.04
31.92
33.83
35.68
37.61
39.61
41.33
43.29
45.1
47.02
49.12
50.84
52.74
54.67
56.5
58.41
60.26
62.13
64.22
65.91
67.85
