155
68
88
156.19
138.6
128.19
143.23
132.64
116.84
144.93
147.96
115.04
147.77
152.6
112.67
122.8
150.61
126.3
122.51
149.19
137.27
105.2
123.55
132.26
114.38
121.38
144.46
131.88
117.5
133.87
135.85
119.49
131.78
146.16
133.11
136.23
144.93
134.05
134.53
147.77
143.52
135.38
156.67
143.61
127.15
136.8
144.65
144.18
137.37
140.3
150.04
137.18
141.34
139.07
137.65
147.39
142.1
133.77
135.85
137.55
144.74
135.1
137.84
144.08
144.37
147.96
153.07
137.65
135.85
146.16
137.65
125.92
159.6
150.33
860.24
862.04
860.52
2.6
1.91
6.33
5.72
4.42
0.35
2.17
3.12
1.39
7.97
-187.55
-148.64
-134.95
-143.61
-155.14
-141.36
-138.85
-148.73
-145.35
-142.23
-136.07
-131.74
-137.03
-157.39
-148.21
-137.29
-136.16
-146.39
-143.01
-135.55
-145.17
-149.51
-146.39
-156.27
-145
-138.76
-139.63
-145.35
-133.56
-136.42
-147.77
-146.99
-134.69
-144.74
-147.77
-134.25
-127.75
-145.43
-130.35
-134.43
-144.65
-128.36
-125.5
-137.46
-141.71
-129.57
-137.89
-146.99
-129.92
-117.96
-153.06
-144.05
-134.25
-156.53
-154.88
-129.48
-129.48
-139.28
-128.44
-126.88
-139.54
-139.02
-126.71
-146.82
-160.08
-140.41
-156.53
-164.93
-164.07
-166.58
-167.45
65.19
63.13
61.25
59.34
57.5
55.72
53.72
51.83
50.03
48.01
46.1
44.19
42.39
40.46
38.56
36.67
34.97
32.93
30.99
29.23
27.37
25.54
23.54
21.68
19.86
17.89
16.02
14.16
12.22
10.46
7.91
5.23
2.78
0.03
-2.65
-5.16
-7.71
-10.31
-12.22
-14.16
-15.95
-17.93
-19.81
-21.72
-23.59
-25.54
-27.4
-29.3
-31.08
-33.06
-34.9
-36.75
-38.68
-40.53
-42.45
-44.37
-46.14
-48.11
-50.07
-51.92
-53.78
-55.69
-57.59
-59.54
-61.33
-63.28
-65.14
-67.04
-68.95
-70.77
-72.68
-72.9
-72.8
-72.9
-72.89
-72.9
-72.9
-72.82
-72.92
-72.9
-72.8
-72.91
-72.84
-72.07
-69.95
-67.93
-65.99
-64.08
-62.14
-60.33
-58.39
-56.51
-54.6
-52.74
-50.83
-48.94
-46.97
-45.2
-43.26
-41.38
-39.53
-37.52
-35.72
-33.82
-31.86
-30.11
-28.21
-26.32
-24.39
-22.5
-20.66
-18.74
-16.74
-14.97
-13.09
-11.19
-8.9
-6.28
-3.76
-1.09
1.68
4.15
6.75
9.37
11.4
13.42
15.24
17.07
19.11
20.86
22.75
24.64
26.57
28.56
30.23
32.08
34.14
35.84
37.78
39.67
41.56
43.63
45.33
47.2
49.27
51.01
52.95
54.8
56.67
58.63
60.45
62.35
64.43
66.15
68.04
