155
68
89
152.98
156.48
148.43
138.6
150.33
153.54
137.37
148.53
150.7
125.54
129.99
134.24
119.49
127.24
135.38
126.2
114.85
129.61
133.49
117.12
117.31
136.99
114.85
118.26
122.51
124.5
115.42
116.55
127.81
116.65
132.73
127.72
113.9
121.95
132.35
108.98
109.27
125.26
124.69
113.05
104.06
114.76
103.69
119.67
121.19
115.7
117.5
127.81
113.81
100.28
122.13
113.53
103.02
123.18
127.05
115.7
111.35
123.08
129.51
106.24
118.16
121.57
105.77
112.01
118.07
107.47
107
118.16
109.65
106.71
114.28
786.64
782.28
780.77
5.55
7.8
3.9
6.76
5.37
6.93
5.63
3.64
5.98
-1.91
-0.26
-131.56
-117.09
-127.49
-126.19
-119.26
-114.14
-126.54
-119.69
-112.58
-126.97
-125.32
-117.09
-122.9
-122.03
-110.16
-117.44
-130.18
-119.95
-114.49
-130.52
-120.64
-102.96
-124.02
-128.18
-110.07
-115.27
-121.08
-119.78
-119
-116.83
-114.4
-117.35
-125.5
-122.55
-117.7
-119.52
-131.3
-126.71
-122.38
-127.75
-125.93
-122.72
-123.85
-118.04
-117.7
-127.14
-125.5
-113.19
-118.48
-126.97
-117.96
-123.33
-134.17
-123.59
-121.51
-130.78
-134.95
-114.75
-127.14
-135.81
-120.56
-115.96
-139.54
-146.99
-134.6
-132.78
-145.35
-127.4
-132.26
-143.01
65.26
63.21
61.31
59.38
57.54
55.83
53.76
51.87
50.08
48.04
46.34
44.27
42.37
40.63
38.62
36.7
34.99
32.97
31.2
29.23
27.42
25.63
23.6
21.74
19.95
17.95
16.08
14.21
12.29
10.52
7.96
5.34
2.84
0.14
-2.4
-5.09
-7.71
-10.16
-12.17
-14.12
-15.92
-17.89
-19.7
-21.69
-23.54
-25.39
-27.33
-29.22
-31.06
-32.96
-34.75
-36.74
-38.62
-40.46
-42.38
-44.33
-46.1
-48.05
-49.94
-51.81
-53.76
-55.57
-57.55
-59.45
-61.25
-63.18
-65.04
-66.94
-68.9
-70.77
-72.66
-72.89
-72.8
-72.92
-72.9
-72.91
-72.88
-72.8
-72.9
-72.9
-72.8
-72.87
-72.77
-71.94
-69.92
-67.82
-65.93
-64.02
-62.07
-60.22
-58.3
-56.46
-54.56
-52.58
-50.79
-48.9
-46.9
-45.15
-43.21
-41.32
-39.46
-37.46
-35.66
-33.77
-31.82
-30.04
-28.13
-26.25
-24.35
-22.37
-20.61
-18.66
-16.69
-14.91
-12.88
-11.08
-8.84
-6.05
-3.63
-1.01
1.76
4.16
6.81
9.44
11.45
13.51
15.24
17.16
19.17
20.92
22.96
24.7
26.62
28.6
30.3
32.19
34.2
35.91
38.01
39.7
41.61
43.67
45.36
47.25
49.31
51.12
52.98
54.87
56.74
58.83
60.52
62.42
64.49
66.17
68.23
