155
68
88
220.71
236.7
205.01
224.5
220.05
192.71
197.34
208.32
188.93
195.83
205.29
204.16
190.72
205.29
216.36
201.89
210.97
211.16
201.7
192.14
201.41
208.41
196.59
181.26
187.98
184.95
174.64
166.03
191.86
180.13
181.36
175.68
165.75
188.45
197.16
175.78
182.78
188.74
185.9
169.44
185.42
182.21
167.54
167.73
176.63
143.99
154.02
181.64
151.08
153.83
166.88
157.71
161.58
175.68
169.82
155.72
172.75
182.49
167.07
164.71
182.49
171.52
149.76
180.32
175.78
163.1
170.19
184.1
165.46
166.6
170.95
920.12
910.57
913.03
-0.52
2.6
-0.69
1.21
1.21
1.47
2.69
1.73
1.65
-1.04
-172.47
-165.37
-159.21
-177.33
-160.08
-155.83
-184.78
-191.37
-159.21
-176.03
-193.79
-157.57
-177.93
-181.4
-165.37
-147.25
-173.95
-179.58
-155.05
-167.79
-175.85
-144.31
-145.87
-177.33
-151.07
-146.13
-172.13
-165.71
-159.21
-183.31
-178.54
-154.01
-179.06
-192.67
-173.34
-177.24
-187.81
-175.42
-165.19
-178.71
-181.75
-185.3
-188.59
-175.07
-179.32
-184.26
-186.25
-176.46
-191.45
-211.99
-202.72
-194.05
-215.55
-218.67
-205.41
-201.68
-215.81
-205.58
-176.72
-209.05
-202.89
-182.09
-198.65
-217.45
-182.27
-190.15
-220.14
-226.99
-196.83
-223.35
-230.28
65.27
63.21
61.32
59.44
57.55
55.66
53.79
51.91
50.13
48.08
46.18
44.43
42.38
40.56
38.66
36.73
35.01
33
31.12
29.27
27.44
25.53
23.64
21.74
19.97
17.96
16.08
14.17
12.33
10.42
7.97
5.33
2.85
0.13
-2.5
-4.94
-7.64
-10.25
-12.13
-14.12
-15.88
-17.85
-19.78
-21.66
-23.51
-25.46
-27.33
-29.2
-31.04
-32.96
-34.82
-36.62
-38.63
-40.55
-42.35
-44.32
-46.1
-48.06
-49.97
-51.86
-53.7
-55.63
-57.55
-59.42
-61.25
-63.21
-65.08
-66.94
-68.9
-70.77
-72.62
-73.1
-73
-73.14
-73.1
-73.09
-73.1
-73.1
-73.12
-73.11
-72.98
-73.1
-72.97
-71.88
-69.92
-67.86
-65.94
-64.02
-62.07
-60.2
-58.36
-56.44
-54.51
-52.64
-50.79
-48.85
-46.9
-45.12
-43.19
-41.29
-39.47
-37.53
-35.63
-33.77
-31.82
-30.02
-28.15
-26.22
-24.34
-22.45
-20.58
-18.67
-16.7
-14.92
-12.99
-11.06
-8.83
-6.18
-3.62
-1.05
1.77
4.22
6.83
9.6
11.45
13.36
15.26
17.18
19.14
20.95
22.74
24.73
26.59
28.48
30.31
32.19
34.2
35.92
37.82
39.71
41.58
43.53
45.39
47.25
49.33
51.12
52.98
54.86
56.77
58.67
60.5
62.43
64.5
66.19
68.09
