155
68
89
177.95
184.1
146.16
168.21
176.53
156.19
145.79
172.84
162.06
149.38
166.03
159.03
151.18
162.06
177.29
166.6
163.19
171.23
167.73
151.46
154.77
157.23
150.61
155.15
152.6
151.18
151.56
150.42
150.04
145.79
162.63
160.07
146.07
156.85
164.42
148.06
150.7
162.53
156.38
142.76
153.64
155.15
141.15
159.79
157.8
139.64
148.53
146.35
133.11
147.11
157.61
146.35
134.15
153.16
152.31
137.46
154.3
163.57
140.3
144.84
159.79
152.79
137.46
166.98
160.73
138.6
146.35
164.04
142.29
147.11
151.56
878.31
877.55
876.42
-3.29
4.42
1.3
0.95
3.99
1.47
3.55
5.2
2.25
0
1.21
-173.43
-151.15
-165.02
-173.43
-139.28
-141.71
-166.23
-146.56
-130.96
-161.38
-157.48
-124.98
-153.06
-150.11
-129.92
-131.3
-152.02
-126.71
-123.76
-150.63
-143.61
-119.69
-144.57
-158.52
-131.91
-144.39
-154.01
-137.03
-143.18
-151.59
-137.37
-129.4
-154.53
-141.71
-126.54
-134.43
-140.84
-138.07
-138.5
-145.43
-138.85
-129.66
-152.11
-149.33
-142.4
-153.67
-149.59
-145.43
-150.2
-165.19
-153.41
-144.74
-172.47
-164.59
-142.14
-160.77
-160.6
-130.52
-136.94
-171.09
-141.88
-135.12
-145.35
-164.07
-156.35
-150.55
-176.37
-153.67
-150.89
-175.94
65.21
63.14
61.24
59.53
57.49
55.74
53.7
51.83
50.06
48.01
46.12
44.22
42.32
40.6
38.58
36.68
34.96
32.93
31.03
29.2
27.35
25.59
23.57
21.68
19.89
17.9
16.01
14.26
12.23
10.34
7.89
5.23
2.79
0.06
-2.59
-5.03
-7.71
-10.19
-12.2
-14.14
-15.95
-17.95
-19.84
-21.59
-23.57
-25.44
-27.39
-29.28
-31.1
-33.03
-34.89
-36.7
-38.7
-40.51
-42.44
-44.37
-46.11
-48.11
-50.05
-51.9
-53.79
-55.64
-57.61
-59.48
-61.28
-63.28
-65.14
-66.97
-68.96
-70.79
-72.71
-72.99
-72.87
-72.98
-72.97
-72.86
-72.98
-72.88
-72.97
-72.97
-72.87
-72.97
-72.9
-71.99
-69.94
-67.93
-65.99
-64.06
-62.13
-60.26
-58.43
-56.5
-54.6
-52.66
-50.84
-48.93
-46.97
-45.19
-43.26
-41.26
-39.54
-37.6
-35.67
-33.8
-31.87
-30.1
-28.19
-26.24
-24.41
-22.44
-20.67
-18.73
-16.73
-14.99
-13.04
-11.02
-8.85
-6.12
-3.71
-1.12
1.68
4.14
6.77
9.49
11.41
13.43
15.21
17.09
19.1
20.87
22.79
24.66
26.55
28.56
30.25
32.11
34.13
35.9
37.8
39.8
41.56
43.62
45.35
47.21
49.26
51.06
52.95
54.96
56.7
58.77
60.47
62.36
64.47
66.12
68.02
