155
68
89
176.82
171.14
116.93
129.99
139.45
124.31
111.25
139.35
129.04
116.27
135.57
129.51
113.15
124.12
133.2
124.5
126.49
132.35
121.38
107.94
122.7
125.63
107.57
120.53
120.15
117.78
121.09
121.09
126.01
125.26
134.91
133.96
126.68
140.58
139.45
121.76
130.08
134.34
127.53
125.82
130.93
121.57
107
124.69
117.88
117.12
124.88
121.95
105.58
110.5
128.47
123.08
112.58
130.18
131.78
131.03
123.74
132.82
122.99
120.72
120.43
123.46
118.35
136.14
126.3
120.62
113.9
122.51
114.94
125.16
119.3
801.02
804.9
806.03
5.89
4.77
3.73
5.63
6.24
4.68
5.98
5.55
5.46
4.85
3.29
-137.98
-121.08
-135.81
-137.63
-121.25
-129.31
-140.84
-122.55
-123.76
-135.21
-122.9
-118.65
-129.74
-130.09
-111.11
-124.46
-128.27
-117.96
-109.46
-125.58
-123.33
-93.17
-137.2
-135.47
-105.48
-122.64
-134.43
-120.9
-115.62
-130.87
-129.57
-122.29
-133.56
-147.51
-116.48
-121.08
-138.15
-121.16
-118.48
-127.75
-111.89
-115.27
-127.32
-123.76
-106.86
-116.66
-128.62
-112.41
-119.6
-136.25
-126.71
-117.35
-165.89
-157.65
-130.7
-155.66
-160.17
-120.3
-139.89
-157.05
-137.11
-122.12
-149.16
-149.59
-136.59
-146.3
-170.31
-145.52
-165.28
-170.57
65.29
63.21
61.45
59.44
57.57
55.83
53.81
51.92
50.13
48.11
46.35
44.32
42.43
40.66
38.65
36.76
35
33.03
31.25
29.27
27.44
25.67
23.63
21.78
20
17.98
16.12
14.2
12.3
10.56
7.97
5.37
2.89
0.16
-2.52
-5.07
-7.64
-10.12
-12.13
-14.05
-15.88
-17.86
-19.65
-21.64
-23.51
-25.38
-27.29
-29.2
-31.01
-32.95
-34.82
-36.66
-38.6
-40.42
-42.33
-44.28
-46.07
-48.03
-49.9
-51.8
-53.72
-55.56
-57.52
-59.43
-61.22
-63.19
-65.04
-66.94
-68.88
-70.72
-72.61
-72.85
-72.74
-72.85
-72.84
-72.87
-72.86
-72.79
-72.86
-72.93
-72.76
-72.87
-72.74
-71.91
-69.85
-67.79
-65.88
-63.99
-62.01
-60.18
-58.33
-56.44
-54.5
-52.54
-50.74
-48.85
-46.88
-45.14
-43.11
-41.27
-39.43
-37.41
-35.61
-33.75
-31.78
-30.01
-28.02
-26.25
-24.31
-22.32
-20.56
-18.67
-16.64
-14.88
-12.88
-11.04
-8.78
-6.01
-3.63
-0.97
1.8
4.22
6.9
9.51
11.49
13.52
15.29
17.19
19.17
20.96
22.95
24.73
26.66
28.66
30.32
32.23
34.22
35.94
38.04
39.74
41.63
43.66
45.43
47.27
49.39
51.15
53.17
54.89
56.77
58.84
60.54
62.44
64.52
66.19
68.29
