156
68
89
173.5
176.44
180.88
159.31
164.8
158.37
157.89
170.95
153.54
140.49
167.54
161.58
141.53
159.41
170.86
153.64
143.42
176.63
167.64
150.89
164.14
170.67
146.26
174.45
176.63
149
148.43
159.22
153.07
148.06
157.61
159.5
147.3
170.67
159.69
137.18
151.37
165.37
150.99
156.67
164.71
152.22
153.64
162.06
174.17
142.47
159.41
175.87
152.69
152.88
172.75
152.5
149.19
169.72
160.92
145.41
152.79
175.96
143.14
148.43
165.18
153.16
144.37
165.37
156.48
132.35
147.96
179.09
136.51
127.53
168.49
882.19
876.42
874.9
-1.73
3.12
0.78
-0.09
-2.6
1.21
0.87
2.86
-0.78
-3.55
-0.35
-171.87
-154.97
-168.31
-173.95
-160.95
-155.23
-174.38
-164.33
-148.29
-168.66
-169.87
-150.98
-163.81
-181.49
-157.65
-150.63
-167.53
-167.97
-146.21
-165.11
-161.73
-141.27
-156.27
-166.93
-155.4
-149.68
-167.97
-170.74
-148.38
-159.13
-170.13
-156.79
-166.49
-174.9
-162.59
-157.83
-169.87
-159.3
-159.3
-169.18
-154.97
-146.39
-161.64
-164.33
-142.75
-161.29
-168.31
-152.11
-138.15
-161.47
-150.37
-140.41
-162.94
-150.37
-131.22
-148.9
-155.31
-135.47
-137.98
-155.49
-152.89
-130.87
-154.1
-161.55
-147.08
-156.27
-156.7
-160.08
-177.24
-153.15
-161.03
65.11
63.28
61.38
59.64
57.63
55.72
53.96
51.99
50.22
48.17
46.31
44.54
42.54
40.64
38.94
36.89
35.01
33.3
31.16
29.52
27.58
25.66
23.9
21.85
20.11
18.1
16.2
14.45
12.46
10.54
8.34
5.56
2.92
0.34
-2.31
-4.7
-7.43
-10.09
-11.9
-13.95
-15.85
-17.73
-19.58
-21.42
-23.37
-25.32
-27.1
-29.06
-30.93
-32.79
-34.66
-36.48
-38.45
-40.34
-42.15
-44.14
-46
-47.9
-49.83
-51.61
-53.57
-55.5
-57.34
-59.27
-61.18
-63
-64.92
-66.74
-68.74
-70.63
-72.41
-72.76
-72.76
-72.73
-72.76
-72.66
-72.76
-72.74
-72.67
-72.76
-72.73
-72.74
-72.73
-71.94
-69.99
-68.06
-66.06
-64.22
-62.26
-60.37
-58.52
-56.56
-54.71
-52.81
-50.9
-49.05
-47.14
-45.33
-43.38
-41.4
-39.63
-37.71
-35.73
-33.94
-32.07
-30.14
-28.32
-26.35
-24.51
-22.65
-20.66
-18.85
-16.95
-15.1
-13.15
-11.17
-9.08
-6.39
-3.77
-1.27
1.4
3.94
6.67
9.35
11.29
13.22
15.21
16.97
18.89
20.87
22.63
24.66
26.45
28.35
30.25
31.99
33.91
35.74
37.69
39.68
41.46
43.36
45.35
47.1
49.02
50.93
52.84
54.86
56.57
58.51
60.5
62.26
64.18
66.19
67.95
69.95
