155
68
89
138.6
129.32
126.11
140.58
136.42
115.42
145.6
130.08
125.35
136.42
133.39
126.11
127.43
133.11
142.66
114.38
127.81
140.49
105.2
103.88
115.23
117.97
105.96
126.39
140.2
109.55
126.58
130.93
118.92
111.35
131.03
129.32
122.99
140.39
126.39
121.47
130.27
130.74
125.92
128.38
124.22
118.26
117.97
114.76
120.62
125.07
124.5
121.85
123.55
124.5
131.31
135.85
140.2
133.49
134.91
134.05
133.49
131.5
130.36
121.19
129.89
137.74
129.42
134.43
123.65
122.89
127.34
131.22
132.54
123.36
152.6
887.58
888.34
885.59
1.82
1.13
0.87
1.21
-0.09
4.16
3.73
1.13
3.12
2.95
5.37
-141.1
-128.88
-124.89
-125.76
-116.48
-130.18
-134.17
-119.52
-125.24
-132.26
-126.71
-109.03
-122.2
-132.78
-132.17
-131.13
-134.43
-133.82
-121.42
-116.31
-122.46
-118.13
-115.44
-122.81
-114.32
-117.09
-119.34
-123.59
-122.2
-125.32
-131.91
-124.02
-115.79
-137.63
-134.34
-117.78
-148.47
-129.57
-107.9
-136.51
-111.46
-99.67
-120.99
-116.48
-103.83
-114.4
-131.39
-106.69
-102.18
-127.14
-128.01
-109.9
-135.73
-130.52
-117.18
-125.58
-134.08
-124.37
-117
-130.96
-139.89
-116.05
-117.44
-135.55
-122.12
-113.45
-133.56
-125.06
-111.11
-131.04
65.18
63.12
61.43
59.35
57.47
55.76
53.72
51.8
49.88
48.03
46.26
44.19
42.32
40.58
38.57
36.65
34.82
32.92
31.14
29.21
27.36
25.61
23.54
21.69
19.75
17.9
16.15
14.11
12.19
10.44
7.92
5.24
2.62
0.09
-2.65
-5.17
-7.75
-10.23
-12.23
-14.16
-16
-17.93
-19.71
-21.73
-23.59
-25.49
-27.43
-29.3
-31.18
-33.03
-34.85
-36.76
-38.68
-40.54
-42.42
-44.37
-46.15
-48.14
-50
-51.93
-53.79
-55.63
-57.59
-59.51
-61.38
-63.28
-65.11
-67.05
-68.97
-70.77
-72.7
-73.03
-73.07
-73.06
-72.93
-73.05
-73.07
-72.95
-73.08
-73.05
-73.02
-73.06
-72.88
-72
-69.99
-67.85
-66
-64.06
-62.16
-60.28
-58.35
-56.51
-54.6
-52.65
-50.86
-48.94
-46.97
-45.21
-43.2
-41.36
-39.53
-37.48
-35.69
-33.8
-31.95
-30.1
-28.21
-26.3
-24.39
-22.42
-20.66
-18.73
-16.85
-14.99
-12.94
-11.13
-8.93
-6.12
-3.74
-1.13
1.7
4.13
6.92
9.38
11.37
13.46
15.2
17.1
19
20.9
22.87
24.64
26.57
28.59
30.2
32.12
34.14
35.84
37.93
39.67
41.58
43.61
45.34
47.23
49.16
51.05
53.1
54.78
56.67
58.78
60.47
62.37
64.28
66.16
68.19
