155
68
88
125.07
106.24
111.63
114.76
114.38
92.24
117.4
110.78
91.29
119.96
111.92
99.33
104.06
113.43
108.51
102.36
112.58
120.62
90.73
102.93
113.62
105.86
110.69
123.18
109.17
99.9
104.16
106.15
100.85
91.48
112.11
101.51
102.65
110.12
101.7
108.32
118.92
103.69
113.71
115.61
95.83
117.69
108.51
107.47
115.7
116.27
111.35
114.09
119.58
114.66
102.08
116.93
120.72
108.23
119.49
111.07
104.82
118.54
125.63
112.86
111.54
129.04
114.38
115.89
113.9
121
113.05
117.03
119.67
107.47
111.92
746.15
737.44
741.04
-0.78
2.6
0.87
6.59
-2.17
0.17
-2.69
0.61
-3.38
-1.82
-138.59
-120.21
-125.67
-120.73
-124.28
-114.75
-120.21
-125.58
-119.52
-128.27
-117.96
-111.63
-121.08
-119.69
-124.37
-126.8
-128.1
-117.26
-126.45
-122.29
-117.44
-119.86
-119.78
-115.7
-122.2
-121.51
-113.1
-110.68
-115.88
-120.82
-112.76
-116.14
-117.26
-107.12
-115.01
-107.73
-107.64
-123.94
-105.91
-107.21
-110.42
-105.65
-101.84
-109.38
-106.6
-101.4
-102.53
-117.35
-113.19
-104.18
-111.54
-107.12
-98.72
-111.11
-107.9
-92.22
-103.48
-114.14
-110.16
-87.1
-113.54
-117.87
-98.2
-95.86
-119.6
-106.78
-106
-109.46
-107.38
-88.75
-117.52
65.18
63.12
61.25
59.48
57.49
55.55
53.72
51.79
49.87
48.03
46.11
44.35
42.35
40.44
38.56
36.69
34.93
32.96
31.04
29.38
27.36
25.44
23.59
21.7
19.91
17.89
16.03
14.26
12.22
10.4
7.91
5.25
2.8
0.07
-2.66
-4.98
-7.75
-10.33
-12.16
-14.15
-15.98
-17.93
-19.81
-21.62
-23.66
-25.5
-27.4
-29.3
-31.13
-33.02
-34.93
-36.72
-38.65
-40.59
-42.42
-44.35
-46.17
-48.14
-50.01
-51.84
-53.79
-55.66
-57.62
-59.52
-61.32
-63.27
-65.16
-66.97
-68.94
-70.83
-72.72
-73
-72.97
-72.98
-73
-72.98
-72.95
-72.99
-72.99
-73
-72.98
-72.97
-72.94
-71.94
-69.9
-67.89
-65.99
-64.06
-62.12
-60.26
-58.37
-56.45
-54.61
-52.68
-50.81
-48.89
-47.02
-45.15
-43.26
-41.33
-39.5
-37.54
-35.71
-33.81
-31.91
-30.11
-28.2
-26.22
-24.38
-22.49
-20.63
-18.74
-16.73
-14.97
-13.02
-11.02
-8.88
-6.22
-3.71
-1.08
1.62
4.15
6.75
9.52
11.43
13.34
15.24
17.08
19.12
20.85
22.76
24.79
26.59
28.45
30.26
32.14
34.18
35.89
37.82
39.82
41.56
43.47
45.32
47.26
49.28
51.01
52.96
54.97
56.71
58.63
60.48
62.37
64.43
66.18
68.06
