155
68
89
198.1
203.4
148.81
169.15
193.47
169.06
146.54
185.99
166.69
154.02
162.53
151.65
142.76
158.46
164.23
141.62
137.65
134.43
127.43
120.05
114.19
126.68
110.31
113.43
119.2
114.19
122.99
123.55
121.76
115.42
132.26
123.84
124.22
121.66
138.22
131.97
120.05
131.03
132.92
122.04
128
128.28
117.21
132.54
130.74
126.49
119.49
135.95
124.59
122.04
135
135.38
126.2
138.6
147.87
131.31
139.26
136.7
131.31
123.65
138.12
127.91
135.57
134.81
134.81
130.84
119.2
125.82
120.05
124.4
133.39
749.74
739.05
736.97
1.3
2.6
7.37
2.43
2.77
4.94
5.37
0.87
-1.47
4.59
5.63
-164.15
-145.69
-152.97
-159.47
-159.65
-146.47
-159.21
-162.94
-132.26
-162.07
-161.99
-143.27
-158.69
-160.86
-145.78
-145.61
-159.82
-150.89
-134.86
-146.13
-152.97
-123.42
-133.13
-154.01
-127.75
-132.86
-157.57
-139.19
-141.45
-145.26
-153.41
-129.74
-152.11
-161.9
-147.86
-146.3
-164.24
-152.45
-145.87
-174.55
-156.35
-140.41
-154.53
-165.71
-138.67
-148.64
-156.87
-152.89
-149.77
-167.01
-151.5
-138.15
-176.37
-179.58
-155.4
-182.96
-194.83
-155.14
-183.13
-189.72
-178.37
-152.19
-190.59
-199.86
-171.95
-186.86
-205.32
-191.37
-166.75
-197.87
65.03
63.15
61.35
59.35
57.47
55.7
53.69
51.97
49.9
47.98
46.23
44.19
42.31
40.57
38.55
36.65
34.78
32.89
31.14
29.16
27.33
25.57
23.55
21.66
19.78
17.89
16.12
14.09
12.2
10.48
7.9
5.33
2.58
0.02
-2.48
-5.2
-7.77
-10.23
-12.23
-14.19
-16.11
-17.97
-19.76
-21.74
-23.6
-25.47
-27.41
-29.29
-31.18
-33.05
-34.81
-36.77
-38.72
-40.49
-42.44
-44.48
-46.27
-48.14
-50
-51.93
-53.83
-55.66
-57.6
-59.51
-61.38
-63.28
-65.12
-67.06
-68.97
-70.82
-72.67
-72.79
-72.78
-72.82
-72.73
-72.8
-72.78
-72.71
-72.79
-72.71
-72.82
-72.8
-72.68
-72.04
-69.96
-67.95
-66.03
-64.09
-62.18
-60.32
-58.37
-56.54
-54.65
-52.66
-50.87
-48.91
-47.03
-45.22
-43.23
-41.35
-39.54
-37.51
-35.71
-33.84
-31.96
-30.12
-28.14
-26.32
-24.45
-22.42
-20.7
-18.76
-16.87
-14.99
-13
-11.16
-8.92
-6.15
-3.74
-0.97
1.54
4.09
6.87
9.34
11.37
13.43
15.15
17.04
18.97
20.88
22.86
24.64
26.52
28.55
30.22
32.24
34.02
35.85
37.9
39.64
41.49
43.57
45.3
47.19
49.1
51.01
53.07
54.76
56.66
58.74
60.41
62.36
64.26
66.09
68.16
