155
68
88
147.02
155.15
129.89
120.15
139.54
145.69
120.72
136.99
125.73
106.71
126.01
120.9
103.97
126.49
117.88
113.24
117.03
134.72
110.4
110.97
140.58
112.67
117.59
125.26
138.5
123.08
114.38
131.31
130.84
133.68
148.43
127.24
133.49
141.06
135.1
108.7
124.03
136.7
117.78
116.65
134.05
115.61
130.18
133.77
126.39
121.76
132.54
140.01
107
123.18
147.68
119.11
136.7
151.37
128.28
129.32
140.11
151.18
119.58
131.5
142.66
105.11
120.05
152.12
120.81
114.94
143.99
137.65
115.61
132.73
145.03
865.06
866.1
864.02
3.38
6.85
6.33
1.04
3.9
2.34
3.21
1.3
3.64
3.47
-163.29
-140.75
-128.53
-135.47
-138.07
-122.2
-135.38
-145.95
-123.5
-121.6
-149.07
-130
-128.27
-135.64
-144.83
-117.7
-133.73
-154.71
-113.36
-121.16
-137.03
-134.25
-100.36
-125.06
-130.44
-118.56
-132.69
-144.65
-121.86
-112.67
-127.23
-119.43
-119.52
-136.59
-141.62
-123.42
-135.38
-153.23
-128.88
-132.43
-140.15
-130.09
-128.18
-134.77
-137.81
-112.67
-133.13
-132.43
-113.45
-116.22
-139.19
-108.94
-120.56
-137.29
-128.1
-117.87
-129.14
-144.91
-103.22
-121.77
-146.56
-127.14
-126.45
-133.13
-139.63
-150.29
-118.82
-141.1
-147.43
-119.6
-135.38
65.13
63.11
61.2
59.26
57.45
55.52
53.63
51.77
50
47.94
46.07
44.11
42.27
40.42
38.51
36.62
34.89
32.87
30.99
29.26
27.33
25.39
23.51
21.63
19.88
17.83
15.96
14.08
12.17
10.31
7.82
5.13
2.74
-0.02
-2.7
-5.29
-7.82
-10.36
-12.29
-14.22
-16
-17.99
-19.86
-21.67
-23.64
-25.6
-27.43
-29.33
-31.16
-33.11
-34.95
-36.84
-38.75
-40.63
-42.49
-44.44
-46.21
-48.19
-50.13
-51.99
-53.83
-55.77
-57.62
-59.54
-61.41
-63.35
-65.2
-67.08
-69.02
-70.9
-72.71
-72.93
-72.82
-72.93
-72.92
-72.81
-72.93
-72.93
-72.92
-72.92
-72.82
-72.93
-72.86
-72.1
-70
-67.99
-66
-64.14
-62.15
-60.36
-58.47
-56.55
-54.64
-52.75
-50.92
-48.96
-47.02
-45.24
-43.34
-41.33
-39.57
-37.63
-35.74
-33.88
-31.91
-30.16
-28.25
-26.36
-24.47
-22.53
-20.68
-18.8
-16.79
-15
-13.11
-11.17
-8.97
-6.35
-3.77
-1.18
1.63
4.02
6.69
9.48
11.34
13.31
15.17
17.02
19.06
20.83
22.71
24.73
26.5
28.41
30.14
32.06
34.15
35.81
37.74
39.58
41.48
43.42
45.29
47.15
49.21
50.99
52.91
54.76
56.68
58.53
60.43
62.31
64.36
66.09
68
