155
68
88
122.23
123.08
109.93
121.19
116.17
107.38
122.61
123.74
107.28
118.16
125.73
116.17
111.92
120.72
114.19
106.15
122.7
126.11
100.94
120.24
114.09
110.5
118.35
126.86
128.66
102.93
116.46
125.82
111.54
125.82
130.65
126.3
134.24
141.81
133.2
128.95
144.18
139.26
121.09
135.38
141.06
133.49
134.34
123.84
131.88
127.15
137.74
145.31
128.57
137.84
131.59
122.04
130.74
117.12
117.69
113.43
114
121.38
111.16
110.97
118.07
111.73
119.11
115.42
108.13
104.82
114.57
119.2
101.51
112.11
123.18
800.16
801.68
794.02
3.21
0.26
-2.69
-3.9
-0.61
-2.86
-1.04
0.09
-1.04
-2.86
-180.88
-120.12
-121.94
-109.72
-120.47
-126.88
-110.59
-120.82
-120.21
-118.13
-118.82
-105.48
-111.89
-121.16
-127.14
-123.42
-109.46
-120.47
-130.26
-114.84
-123.33
-134.95
-119.17
-128.62
-124.89
-129.48
-110.16
-120.64
-134.51
-125.5
-123.24
-133.65
-114.49
-118.65
-132.34
-123.85
-107.99
-124.8
-119.17
-108.34
-119.34
-111.63
-110.16
-114.84
-119.69
-115.01
-117.96
-121.08
-122.64
-107.12
-117.61
-124.2
-105.82
-113.8
-117.87
-117.09
-114.06
-119.78
-117.18
-109.29
-117.52
-120.56
-108.68
-115.44
-124.89
-120.99
-110.33
-109.12
-112.67
-115.62
-123.5
65.24
63.18
61.31
59.37
57.55
55.64
53.78
51.86
50.08
48.06
46.18
44.25
42.37
40.51
38.61
36.71
35
32.97
31.07
29.27
27.39
25.5
23.63
21.75
19.95
17.95
16.05
14.17
12.24
10.42
7.98
5.31
2.87
0.12
-2.54
-5.08
-7.69
-10.26
-12.17
-14.11
-15.92
-17.88
-19.77
-21.66
-23.52
-25.47
-27.35
-29.21
-31.03
-32.94
-34.87
-36.72
-38.63
-40.54
-42.38
-44.33
-46.1
-48.07
-49.99
-51.86
-53.72
-55.69
-57.54
-59.46
-61.27
-63.21
-65.11
-66.99
-68.92
-70.79
-72.66
-72.9
-72.79
-72.91
-72.93
-72.86
-72.93
-72.91
-72.9
-72.9
-72.8
-72.93
-72.86
-71.93
-69.86
-67.86
-65.93
-64.02
-62.04
-60.23
-58.32
-56.45
-54.51
-52.62
-50.75
-48.88
-46.92
-45.15
-43.16
-41.21
-39.45
-37.5
-35.66
-33.76
-31.81
-30.08
-28.14
-26.25
-24.35
-22.42
-20.61
-18.67
-16.7
-14.91
-12.99
-11.1
-8.85
-6.15
-3.78
-1.02
1.83
4.17
6.81
9.53
11.48
13.38
15.25
17.15
19.17
20.93
22.83
24.68
26.6
28.52
30.28
32.15
34.22
35.89
37.87
39.7
41.6
43.51
45.38
47.3
49.32
51.11
53.01
55.08
56.75
58.7
60.55
62.47
64.44
66.19
68.1
