155
68
88
161.77
146.16
142.76
153.73
149.66
129.23
145.03
148.62
119.77
134.15
150.42
124.59
124.59
139.64
141.72
121.95
146.64
153.83
130.74
124.69
126.86
132.16
117.12
128.09
137.55
115.04
114.19
126.49
124.88
114.28
129.8
131.69
131.59
137.74
132.82
132.73
133.2
123.74
120.81
125.54
117.5
134.91
118.44
109.17
123.74
118.07
125.07
133.3
129.89
132.35
125.63
140.58
138.31
131.5
137.93
128.76
133.68
141.43
135.95
124.5
124.88
149.19
117.97
124.03
125.16
107.66
114.28
120.53
111.35
125.82
122.23
767.15
765.26
757.78
4.42
1.21
1.73
1.13
2.6
-1.13
0.52
0.87
-8.41
-5.11
-122.2
-119.17
-131.04
-124.02
-123.24
-132.17
-127.66
-123.24
-118.13
-139.19
-122.46
-117.61
-129.31
-130.44
-132.78
-141.79
-124.98
-120.38
-131.91
-121.68
-124.37
-125.76
-128.62
-117.61
-121.08
-122.29
-120.82
-119.6
-127.84
-124.63
-122.64
-124.98
-128.36
-122.98
-132
-135.38
-122.55
-129.74
-128.18
-116.83
-123.16
-108.77
-117.18
-118.39
-118.56
-119.08
-123.42
-127.92
-130.09
-129.83
-137.55
-134.25
-121.51
-136.94
-133.47
-120.99
-128.62
-130.09
-119.08
-118.82
-128.53
-122.9
-104.26
-130.18
-130.78
-126.45
-117.61
-126.45
-116.57
-130.26
-126.88
65.09
63.18
61.28
59.42
57.52
55.76
53.72
51.84
50.07
48.04
46.16
44.23
42.39
40.64
38.62
36.68
34.85
32.98
31.07
29.22
27.39
25.64
23.62
21.72
19.8
17.91
16.01
14.17
12.24
10.5
7.94
5.31
2.83
0.12
-2.57
-5.11
-7.69
-10.18
-12.16
-14.11
-16.02
-17.89
-19.8
-21.68
-23.54
-25.47
-27.34
-29.25
-31.09
-32.99
-34.85
-36.7
-38.65
-40.57
-42.39
-44.32
-46.17
-48.1
-50.01
-51.88
-53.77
-55.55
-57.61
-59.47
-61.35
-63.23
-65.13
-66.99
-68.91
-70.83
-72.66
-73.03
-73.03
-73.05
-73.04
-73.03
-73.01
-72.94
-73.04
-73.04
-73.03
-73.03
-72.96
-71.95
-69.92
-67.82
-65.92
-64.03
-62.1
-60.24
-58.37
-56.45
-54.57
-52.64
-50.79
-48.88
-46.99
-45.17
-43.22
-41.33
-39.46
-37.46
-35.68
-33.78
-31.8
-30.1
-28.17
-26.26
-24.34
-22.38
-20.6
-18.71
-16.73
-14.94
-12.99
-11.1
-8.86
-6.07
-3.66
-1.07
1.62
4.17
6.81
9.46
11.43
13.5
15.24
17.14
19.14
20.93
22.79
24.67
26.6
28.61
30.29
32.18
34.2
35.91
37.89
39.67
41.6
43.65
45.34
47.24
49.16
51.07
53.04
54.85
56.72
58.64
60.5
62.43
64.29
66.19
68.1
