155
68
88
137.27
138.03
131.31
140.01
142.29
138.6
138.41
147.3
135.28
138.12
135.38
140.11
137.18
126.96
139.54
137.08
129.14
148.15
141.43
136.23
132.73
139.16
132.45
121.09
131.22
131.59
110.21
104.16
124.12
121.38
122.51
131.22
132.54
125.07
131.59
134.81
121.66
131.12
127.62
115.99
119.96
133.2
121.28
121.09
128.47
110.4
127.15
134.62
115.51
114.66
128.57
118.54
122.61
131.59
127.81
111.35
120.05
137.65
117.12
119.86
130.84
112.2
102.08
122.51
114.76
91.01
101.04
108.98
80.22
99.24
101.98
824.48
818.71
819.94
8.15
6.15
6.93
5.03
9.1
5.2
7.02
0.09
0.69
5.89
-107.3
-125.76
-99.06
-114.49
-119.26
-111.89
-122.9
-136.94
-117.87
-121.16
-143.53
-127.4
-133.56
-130.7
-135.03
-111.28
-125.15
-132.08
-128.27
-126.62
-132.69
-115.01
-113.71
-136.77
-128.96
-122.81
-137.2
-128.27
-129.14
-132.6
-128.96
-122.9
-130
-137.81
-126.28
-137.72
-145.26
-138.5
-133.65
-133.21
-133.99
-130.78
-134.51
-113.36
-121.51
-131.91
-127.92
-124.98
-131.13
-132.17
-126.02
-121.51
-128.36
-119.08
-122.81
-116.4
-125.06
-121.08
-107.64
-126.54
-115.1
-105.82
-114.32
-117.61
-108.34
-106.52
-108.94
-113.71
-103.83
-106.69
-115.7
65.23
63.18
61.29
59.59
57.52
55.62
53.73
51.85
50.1
48.04
46.17
44.26
42.37
40.46
38.59
36.7
34.95
32.95
31.07
29.23
27.41
25.5
23.61
21.69
19.92
17.92
16.05
14.26
12.26
10.39
7.89
5.29
2.84
0.11
-2.58
-5.13
-7.67
-10.28
-12.16
-14.12
-15.9
-17.88
-19.81
-21.69
-23.55
-25.49
-27.35
-29.26
-31.1
-32.97
-34.87
-36.75
-38.66
-40.58
-42.39
-44.34
-46.1
-48.08
-50
-51.83
-53.74
-55.69
-57.58
-59.47
-61.29
-63.26
-65.11
-66.96
-68.91
-70.83
-72.66
-73.24
-73.14
-73.22
-73.23
-73.22
-73.23
-73.27
-73.22
-73.22
-73.16
-73.26
-73.1
-71.92
-69.89
-67.85
-65.92
-64.01
-62.06
-60.24
-58.37
-56.47
-54.56
-52.64
-50.83
-48.91
-46.94
-45.15
-43.23
-41.31
-39.49
-37.5
-35.64
-33.78
-31.84
-30.08
-28.17
-26.29
-24.36
-22.46
-20.63
-18.67
-16.7
-14.95
-13.01
-11.1
-8.87
-6.21
-3.66
-1.09
1.73
4.16
6.81
9.38
11.45
13.34
15.22
17.13
19.13
20.9
22.83
24.79
26.55
28.48
30.3
32.15
34.18
35.91
37.82
39.68
41.61
43.5
45.33
47.23
49.32
51.13
52.98
54.84
56.73
58.65
60.51
62.4
64.46
66.21
68.05
