156
68
89
145.12
136.8
115.04
126.01
127.15
124.88
116.17
131.41
131.31
126.49
119.86
125.92
126.49
125.82
131.69
126.86
128.66
113.81
116.27
119.11
115.7
119.49
128.95
115.99
120.24
116.36
116.55
112.01
119.2
112.48
123.27
143.23
128.47
128.95
143.61
128.28
133.11
134.05
141.43
127.62
140.77
140.87
123.08
127.53
128.28
119.01
118.44
119.86
110.78
105.39
130.36
121.85
113.43
121.28
141.91
133.49
129.32
137.08
133.11
124.12
135.57
140.01
124.03
126.2
140.3
124.78
118.54
133.68
122.61
113.24
127.24
836.68
831.67
827.41
7.28
4.94
3.12
3.81
2.86
5.2
1.99
2.51
1.73
3.29
3.81
-140.67
-130.44
-124.37
-131.74
-134.34
-114.92
-127.14
-135.99
-112.15
-125.15
-136.51
-111.11
-128.44
-128.44
-117.61
-122.64
-125.15
-124.28
-109.29
-125.93
-127.84
-103.05
-117.18
-140.93
-117.52
-120.38
-134.43
-132.43
-119.69
-131.04
-143.35
-124.63
-135.21
-136.51
-129.74
-122.2
-133.99
-124.98
-124.98
-135.47
-119.43
-121.68
-134.08
-125.32
-131.65
-138.59
-131.56
-129.74
-128.53
-118.39
-119.08
-128.44
-135.64
-130
-129.14
-120.9
-126.62
-115.62
-113.88
-127.75
-123.24
-110.76
-116.57
-128.96
-112.93
-120.3
-138.41
-128.27
-123.68
-129.4
-132.34
65.01
63.18
61.28
59.5
57.54
55.63
53.89
51.86
50.02
48.09
46.2
44.44
42.43
40.51
38.81
36.79
34.89
33.02
31.13
29.44
27.47
25.56
23.81
21.78
19.92
18.17
16.11
14.33
12.36
10.44
8.24
5.44
2.82
0.31
-2.43
-5.04
-7.56
-10.17
-12.02
-14.02
-15.95
-17.81
-19.68
-21.47
-23.46
-25.44
-27.2
-29.15
-31.04
-32.81
-34.77
-36.58
-38.55
-40.5
-42.22
-44.27
-46.11
-48
-49.9
-51.73
-53.67
-55.57
-57.41
-59.37
-61.26
-63.17
-65.04
-66.81
-68.86
-70.72
-72.49
-72.85
-72.84
-72.74
-72.83
-72.76
-72.85
-72.87
-72.78
-72.85
-72.85
-72.86
-72.78
-71.99
-70.09
-68.16
-66.13
-64.26
-62.38
-60.5
-58.58
-56.66
-54.81
-52.9
-51
-49.14
-47.22
-45.33
-43.49
-41.48
-39.73
-37.79
-35.83
-34.02
-32.17
-30.31
-28.42
-26.43
-24.64
-22.7
-20.77
-18.91
-17.06
-15.19
-13.29
-11.27
-9.19
-6.53
-3.9
-1.39
1.29
3.98
6.44
9.05
11.19
13.13
15.1
16.89
18.77
20.67
22.54
24.57
26.31
28.24
30.18
31.9
33.81
35.69
37.6
39.59
41.35
43.28
45.26
46.97
48.91
50.97
52.73
54.74
56.48
58.41
60.38
62.13
64.08
65.92
67.82
69.87
