155
68
89
159.41
152.22
151.08
142.38
140.2
126.49
137.27
137.84
134.15
148.43
140.96
133.96
131.5
148.91
134.34
150.14
149.95
139.54
138.88
145.5
135.76
132.54
152.41
134.53
121.95
134.05
141.06
126.86
136.33
143.42
129.61
142.29
145.88
138.41
142.85
136.42
142.1
140.2
138.31
137.93
129.14
134.34
135.57
123.08
142.1
139.16
130.84
131.41
136.61
125.73
128.57
136.23
128.76
127.43
135.66
137.18
129.99
130.65
134.91
121.95
125.16
141.43
134.43
131.59
138.6
128.09
124.97
141.15
140.77
126.01
128.47
863.27
863.36
860.43
-3.21
-2.51
-7.97
-2.86
-0.87
-5.55
-4.42
-5.37
-5.2
-4.85
-4.94
-166.84
-143.79
-147.77
-152.37
-136.16
-138.33
-151.07
-133.47
-140.32
-145.61
-138.24
-139.37
-150.81
-142.49
-141.19
-149.77
-146.99
-140.75
-142.49
-150.63
-134.25
-143.18
-147.34
-154.79
-150.03
-160.86
-148.47
-147.43
-155.66
-141.19
-136.07
-157.39
-154.1
-143.44
-153.67
-158.61
-149.16
-148.29
-160.86
-152.28
-151.24
-160.6
-144.39
-146.82
-161.9
-146.82
-146.99
-166.93
-149.59
-142.57
-151.5
-158.61
-156.7
-155.57
-149.77
-142.14
-139.45
-139.63
-137.03
-138.15
-147.08
-144.83
-147.51
-142.92
-133.39
-146.13
-163.81
-142.4
-146.39
-156.7
64.99
63.11
61.38
59.29
57.45
55.72
53.68
51.78
49.88
47.99
46.2
44.19
42.31
40.51
38.53
36.81
34.74
32.89
31.13
29.18
27.32
25.5
23.54
21.63
19.73
17.88
16.11
14.08
12.2
10.43
7.81
5.39
2.58
0.01
-2.49
-5.22
-7.77
-10.23
-12.26
-14.1
-16.08
-17.97
-19.76
-21.77
-23.61
-25.47
-27.45
-29.25
-31.22
-33.03
-34.85
-36.79
-38.7
-40.57
-42.42
-44.34
-46.28
-48.15
-50.02
-52.02
-53.81
-55.65
-57.63
-59.43
-61.42
-63.3
-65.11
-67.05
-69.04
-70.79
-72.73
-73.11
-73.2
-73.2
-73.11
-73.2
-73.18
-73.1
-73.18
-73.2
-73.18
-73.19
-73
-72
-69.99
-67.95
-66.01
-64.08
-62.16
-60.28
-58.4
-56.5
-54.64
-52.68
-50.87
-48.94
-47.05
-45.22
-43.22
-41.37
-39.54
-37.54
-35.73
-33.85
-32
-30.11
-28.16
-26.36
-24.42
-22.42
-20.69
-18.64
-16.87
-15
-12.98
-11.17
-8.98
-6.19
-3.76
-1.07
1.52
4.1
6.85
9.29
11.35
13.41
15.17
17.07
18.96
20.83
22.84
24.62
26.49
28.53
30.24
32.06
33.97
35.84
37.9
39.6
41.52
43.6
45.29
47.32
49.1
50.98
53.06
54.78
56.66
58.74
60.44
62.33
64.26
66.09
68.17
