155
68
89
144.18
145.97
130.46
132.35
138.22
132.82
132.35
140.68
144.18
143.89
140.2
135.95
135.28
138.97
133.58
143.33
145.79
137.93
126.77
135.38
125.26
123.27
136.33
125.73
116.17
129.42
137.37
117.59
119.49
135.57
121.95
125.07
129.61
115.42
115.42
121.66
115.32
98.01
109.17
108.32
105.29
107.94
108.13
103.59
114.38
118.26
110.12
126.2
104.82
102.74
120.05
118.35
110.03
122.51
123.08
116.17
120.62
127.81
121.09
109.08
120.15
124.97
101.04
120.43
125.63
102.27
107
122.13
108.23
102.65
109.08
820.13
817.38
816.91
2.34
-3.47
-1.3
3.81
3.21
0.43
1.65
1.47
0.69
2.17
-2.51
-129.57
-119.17
-128.36
-124.8
-123.76
-123.07
-129.66
-116.4
-113.88
-137.46
-132.86
-118.04
-133.47
-132.78
-121.86
-122.98
-133.39
-120.99
-118.65
-126.02
-116.83
-112.93
-127.84
-122.55
-118.22
-122.38
-118.74
-105.3
-117.7
-116.74
-115.53
-128.18
-120.38
-112.32
-133.13
-126.88
-119.86
-121.6
-125.06
-119.17
-128.79
-128.79
-122.03
-123.85
-128.18
-120.04
-121.16
-133.3
-123.85
-134.69
-125.84
-135.99
-142.49
-138.41
-121.77
-131.82
-133.21
-125.58
-119.86
-133.65
-121.77
-120.12
-120.21
-122.03
-107.21
-117.26
-125.32
-109.38
-121.68
-128.7
65.29
63.24
61.49
59.44
57.61
55.89
53.8
51.91
50
48.12
46.35
44.31
42.44
40.7
38.65
36.79
35.03
33.03
31.26
29.3
27.47
25.67
23.68
21.78
19.85
18.01
16.26
14.22
12.33
10.56
8.02
5.55
2.75
0.16
-2.31
-5.02
-7.63
-10.19
-12.11
-14.06
-15.88
-17.85
-19.62
-21.63
-23.51
-25.34
-27.3
-29.19
-31.09
-32.94
-34.7
-36.65
-38.59
-40.51
-42.32
-44.21
-46.14
-48
-49.89
-51.82
-53.69
-55.55
-57.49
-59.37
-61.21
-63.18
-65.01
-66.9
-68.85
-70.7
-72.61
-72.96
-73.04
-73.04
-72.94
-73.04
-73.06
-72.96
-73.04
-73
-73.04
-73.05
-72.85
-71.88
-69.84
-67.77
-65.88
-63.98
-62.05
-60.18
-58.26
-56.44
-54.5
-52.59
-50.73
-48.83
-46.94
-45.1
-43.09
-41.27
-39.41
-37.4
-35.58
-33.66
-31.84
-30.02
-28
-26.22
-24.32
-22.31
-20.55
-18.63
-16.65
-14.89
-12.83
-11.03
-8.76
-5.97
-3.6
-0.98
1.7
4.27
7.02
9.51
11.5
13.55
15.31
17.2
19.22
20.97
23
24.73
26.63
28.68
30.36
32.24
34.14
35.96
38.04
39.76
41.66
43.7
45.41
47.34
49.24
51.15
53.24
54.91
56.8
58.86
60.58
62.48
64.4
66.23
68.3
