155
68
89
159.22
165.75
131.5
146.92
156.1
139.54
129.51
146.26
133.96
113.71
128.47
128.47
116.55
129.23
129.14
134.24
131.31
126.2
129.51
120.43
114
125.16
118.26
110.78
110.03
122.42
115.8
107.85
119.96
124.12
123.46
132.82
138.88
136.04
134.24
141.34
136.8
139.73
133.2
133.96
128.66
143.7
136.14
135.47
143.42
138.6
140.01
145.12
131.03
127.15
142.29
134.34
125.92
136.33
143.42
134.91
134.05
145.03
142.66
132.35
150.04
143.14
140.77
156.95
159.12
145.41
149.38
166.5
150.89
146.16
151.18
858.25
847.09
842.17
-0.52
1.47
7.19
1.04
0.43
0.95
3.21
3.55
-7.02
-1.91
2.51
-166.41
-167.71
-164.5
-165.63
-149.85
-152.97
-162.85
-147.08
-153.15
-153.84
-150.89
-147.51
-155.05
-146.3
-137.89
-150.37
-147.08
-140.75
-144.74
-149.94
-140.23
-140.06
-149.59
-149.94
-138.33
-149.42
-141.97
-139.19
-134.17
-142.49
-129.4
-140.84
-151.33
-143.7
-152.19
-144.91
-144.48
-147.6
-152.89
-150.55
-146.39
-147.86
-149.68
-136.25
-131.56
-143.61
-135.55
-131.22
-142.31
-133.47
-130
-128.7
-145.09
-142.05
-134.51
-151.33
-153.15
-137.29
-130.7
-155.57
-144.31
-135.38
-152.63
-158.87
-140.41
-157.13
-180.71
-161.29
-152.45
-172.56
65.18
63.14
61.18
59.31
57.47
55.69
53.69
51.79
50.02
48
46.2
44.21
42.32
40.57
38.51
36.65
34.92
32.9
31.13
29.16
27.33
25.57
23.54
21.65
19.88
17.88
16
14.11
12.2
10.42
7.85
5.25
2.74
0.03
-2.7
-5.2
-7.79
-10.24
-12.23
-14.19
-16.02
-17.94
-19.73
-21.74
-23.63
-25.44
-27.44
-29.3
-31.13
-33.05
-34.94
-36.79
-38.72
-40.55
-42.44
-44.41
-46.2
-48.12
-50
-51.94
-53.82
-55.72
-57.62
-59.5
-61.35
-63.29
-65.13
-67.04
-68.96
-70.83
-72.75
-73.06
-72.95
-73.06
-73.06
-73.07
-73.06
-72.97
-73.06
-73.05
-72.93
-73.04
-72.97
-72.03
-69.98
-67.93
-66.01
-64.06
-62.14
-60.3
-58.38
-56.56
-54.61
-52.67
-50.86
-48.94
-47.01
-45.21
-43.31
-41.39
-39.53
-37.53
-35.74
-33.83
-31.91
-30.13
-28.24
-26.35
-24.42
-22.45
-20.69
-18.76
-16.77
-15.01
-13.02
-11.13
-8.94
-6.15
-3.75
-1.11
1.71
4.11
6.74
9.43
11.39
13.38
15.17
17.05
19
20.84
22.85
24.63
26.54
28.42
30.22
32.05
34.11
35.83
37.89
39.61
41.53
43.59
45.29
47.21
49.22
51.01
52.93
54.78
56.67
58.58
60.39
62.28
64.45
66.1
68
