154
67
87
148.25
138.31
128.57
136.42
134.43
128.85
143.04
154.39
132.54
135.66
130.74
125.07
120.62
119.2
129.32
122.42
124.59
117.59
119.86
116.65
113.15
124.4
119.11
109.55
118.07
129.32
118.44
120.81
128.09
125.63
129.8
128
121.47
130.93
127.05
127.91
128.76
126.49
136.51
112.01
115.42
131.31
135.76
143.04
140.3
132.64
137.18
140.3
129.8
132.16
127.34
116.46
126.96
126.2
131.78
122.04
128.76
131.97
116.27
120.53
118.92
118.44
125.35
117.31
115.89
118.35
124.12
126.39
117.97
115.23
687.3
831.29
833.84
1.21
-2.69
-2.08
3.9
3.47
3.03
1.91
-1.3
6.5
-1.91
-124.98
-143.27
-130.35
-132.17
-125.41
-129.31
-136.85
-129.48
-124.63
-129.05
-129.83
-124.11
-123.68
-130.09
-122.46
-121.34
-126.45
-127.66
-112.06
-122.03
-125.5
-120.56
-123.59
-136.07
-131.82
-135.12
-130.44
-126.36
-131.13
-131.04
-121.25
-117.87
-126.54
-126.71
-119.17
-122.98
-126.36
-124.54
-121.51
-122.38
-118.48
-120.64
-136.94
-116.92
-120.9
-129.74
-120.12
-118.39
-131.22
-120.12
-127.4
-122.64
-125.84
-138.33
-128.01
-126.19
-135.12
-133.13
-117.09
-137.81
-139.54
-124.37
-127.92
-141.88
-134.95
-115.79
-129.05
-148.29
-107.9
-128.53
-146.65
63.9
62.15
60.09
58.23
56.49
54.45
52.69
50.66
48.71
46.99
44.95
43.09
41.34
39.27
37.55
35.51
33.68
31.86
29.9
28.09
26.33
24.31
22.51
20.52
18.64
16.84
14.81
12.97
11.22
8.9
6.42
3.67
1.09
-1.41
-4.21
-6.75
-9.27
-11.48
-13.43
-15.33
-17.19
-18.94
-20.97
-22.86
-24.69
-26.64
-28.45
-30.46
-32.3
-34.08
-36.05
-37.94
-39.83
-41.73
-43.56
-45.59
-47.39
-49.25
-51.21
-53.06
-54.9
-56.86
-58.77
-60.67
-62.53
-64.33
-66.28
-68.22
-70.09
-71.96
-72.87
-72.99
-72.99
-72.89
-72.97
-72.98
-72.9
-72.98
-72.9
-72.97
-72.97
-72.73
-71.06
-69.18
-67.11
-65.25
-63.32
-61.41
-59.55
-57.59
-55.76
-53.86
-51.93
-50.12
-48.13
-46.27
-44.45
-42.44
-40.67
-38.75
-36.76
-34.97
-33.01
-31.26
-29.37
-27.37
-25.6
-23.65
-21.68
-19.91
-17.98
-16.12
-14.22
-12.18
-10.38
-7.87
-5.16
-2.72
0.09
2.56
5.18
7.89
10.25
12.12
14.22
15.93
17.85
19.71
21.6
23.62
25.37
27.27
29.3
30.99
33
34.72
36.61
38.68
40.39
42.29
44.35
46.04
48.08
49.83
51.74
53.84
55.54
57.44
59.48
61.21
63.14
64.99
66.87
68.91
