155
68
89
144.37
128.57
124.97
140.87
143.04
119.01
146.64
141.81
117.88
149.1
144.46
123.36
124.03
138.5
149.76
131.59
137.84
155.72
133.49
115.23
131.78
134.81
125.92
147.68
152.6
119.58
124.03
151.37
135.38
122.51
153.83
147.87
130.55
153.35
134.91
122.61
150.04
152.22
135.47
149.85
152.98
126.77
148.34
165.18
158.46
148.34
190.72
178.99
157.52
196.78
198.67
154.49
190.16
185.42
154.96
140.96
180.13
159.31
124.31
156.1
154.87
143.89
160.73
173.5
147.02
120.43
154.49
138.97
120.62
151.27
170.19
879.25
883.23
881.9
-0.52
2.51
0.78
-1.04
1.13
-0.95
1.3
-2.17
3.55
2.43
0.95
-158.87
-132.43
-139.54
-156.44
-139.97
-136.25
-161.81
-152.54
-128.18
-146.56
-146.04
-128.62
-141.71
-166.49
-135.29
-130.52
-167.27
-152.37
-121.08
-150.89
-156.44
-123.68
-137.81
-149.68
-124.02
-130.96
-136.51
-132.43
-110.42
-128.18
-132.08
-115.1
-123.76
-124.63
-108.42
-116.83
-133.3
-116.48
-115.79
-126.62
-99.76
-113.45
-131.56
-117.18
-104.26
-114.92
-122.2
-105.39
-108.25
-120.38
-97.94
-108.51
-133.91
-115.27
-110.24
-126.28
-114.66
-113.36
-107.3
-127.23
-118.3
-100.97
-127.23
-131.39
-105.39
-110.24
-124.89
-107.12
-116.14
-120.21
65.28
63.21
61.33
59.42
57.56
55.83
53.79
51.87
50.13
48.14
46.18
44.3
42.46
40.68
38.65
36.75
35.02
33.03
31.09
29.44
27.47
25.68
23.64
21.77
19.98
17.99
16.11
14.31
12.29
10.57
8.07
5.35
2.9
0.18
-2.47
-5.06
-7.59
-10.11
-12.1
-14.04
-15.83
-17.85
-19.72
-21.5
-23.49
-25.34
-27.27
-29.18
-30.99
-32.89
-34.82
-36.68
-38.58
-40.52
-42.34
-44.29
-46.06
-48.03
-49.9
-51.74
-53.7
-55.54
-57.47
-59.4
-61.25
-63.21
-65.01
-66.88
-68.9
-70.69
-72.57
-72.77
-72.66
-72.79
-72.79
-72.79
-72.76
-72.68
-72.76
-72.77
-72.68
-72.8
-72.7
-71.88
-69.87
-67.8
-65.9
-63.99
-62.01
-60.17
-58.33
-56.47
-54.47
-52.54
-50.74
-48.84
-46.86
-45.12
-43.19
-41.26
-39.4
-37.42
-35.57
-33.72
-31.78
-30.04
-28.11
-26.18
-24.31
-22.36
-20.55
-18.66
-16.64
-14.84
-12.94
-11.02
-8.72
-5.98
-3.6
-0.96
1.83
4.29
6.91
9.51
11.5
13.45
15.31
17.2
19.21
20.97
22.86
24.86
26.66
28.66
30.34
32.25
34.25
35.95
37.92
39.75
41.63
43.73
45.42
47.32
49.35
51.12
53.05
55.04
56.76
58.89
60.57
62.47
64.56
66.25
68.13
