155
68
89
195.74
213.9
211.82
214.56
216.83
197.06
179.37
196.3
191.57
163.19
186.28
169.53
146.83
155.44
168.21
153.73
142.19
163.29
158.84
123.84
159.41
168.77
148.34
168.59
180.32
157.23
151.37
160.83
154.77
128.95
154.77
150.33
124.22
141.34
144.65
134.72
136.8
159.69
140.77
137.27
156.67
150.42
135.28
147.2
154.39
137.37
140.77
157.04
151.84
138.97
147.77
150.42
130.27
147.58
158.08
130.93
149.66
146.54
133.2
140.87
143.23
149
127.72
146.92
142.47
136.8
133.49
134.24
127.15
125.45
124.31
835.17
819.27
819.56
-8.15
-5.11
-2.08
-0.52
-5.89
-4.68
-5.03
-3.99
-3.03
-1.65
-3.64
-154.79
-131.56
-153.75
-142.05
-118.3
-135.9
-156.7
-130.7
-128.96
-146.13
-145.61
-126.54
-148.21
-163.72
-133.47
-149.51
-159.47
-132.95
-139.8
-155.49
-138.67
-125.76
-151.33
-156.53
-128.53
-143.01
-156.61
-124.8
-126.45
-153.67
-138.76
-121.86
-156.79
-154.01
-122.03
-150.89
-158.17
-137.29
-141.19
-159.56
-149.85
-125.32
-160.08
-163.72
-122.81
-149.85
-161.9
-128.01
-142.49
-156.35
-120.56
-134.08
-163.46
-152.54
-123.33
-157.13
-167.01
-131.39
-137.03
-162.85
-162.59
-139.19
-180.62
-191.71
-148.9
-190.67
-203.41
-169.53
-154.53
-167.79
65.29
63.24
61.48
59.42
57.55
55.79
53.76
51.87
50.11
48.05
46.33
44.26
42.39
40.66
38.62
36.72
34.99
33
31.08
29.4
27.43
25.64
23.61
21.76
19.96
17.93
16.1
14.3
12.24
10.51
7.99
5.31
2.85
0.12
-2.54
-5.09
-7.66
-10.16
-12.15
-14.09
-15.88
-17.91
-19.68
-21.66
-23.53
-25.39
-27.33
-29.22
-31.04
-32.96
-34.84
-36.71
-38.71
-40.44
-42.37
-44.31
-46.09
-48.07
-49.93
-51.84
-53.72
-55.6
-57.55
-59.42
-61.26
-63.21
-65.08
-66.94
-68.89
-70.73
-72.64
-72.97
-72.84
-72.94
-72.93
-72.96
-72.94
-72.85
-72.96
-72.94
-72.85
-72.96
-72.8
-71.88
-69.93
-67.82
-65.95
-64.01
-62.06
-60.2
-58.35
-56.4
-54.55
-52.58
-50.79
-48.87
-46.92
-45.15
-43.24
-41.31
-39.46
-37.46
-35.63
-33.77
-31.84
-30.04
-28.15
-26.25
-24.34
-22.35
-20.61
-18.68
-16.69
-14.9
-12.92
-11.07
-8.8
-6.04
-3.66
-1.02
1.78
4.17
6.85
9.61
11.43
13.55
15.27
17.14
19.15
20.94
22.82
24.71
26.62
28.59
30.3
32.2
34.21
35.93
38.01
39.74
41.6
43.65
45.41
47.26
49.32
51.12
53
54.86
56.73
58.81
60.48
62.42
64.53
66.21
68.07
