156
68
89
126.2
142.19
121.19
111.63
124.97
125.45
102.46
123.08
131.69
97.63
113.81
138.12
102.93
113.43
135.76
116.84
111.16
135.85
134.91
100.66
127.72
139.35
114.85
126.39
136.23
115.8
122.23
127.15
140.2
126.39
138.5
140.11
126.49
133.68
151.37
121.57
117.69
125.16
130.55
112.11
122.89
138.6
110.4
127.81
136.61
128.95
119.39
126.3
119.58
111.92
130.46
133.77
112.01
131.22
125.45
122.61
127.15
132.45
114
106.71
132.35
124.31
95.46
127.43
136.14
107.66
113.43
140.58
123.55
117.12
119.2
816.63
819.56
811.04
1.91
4.51
0.61
-3.47
0.87
0.09
-3.29
3.21
0.95
0.87
8.75
-138.93
-131.39
-122.72
-140.58
-116.74
-109.46
-130.87
-114.84
-109.2
-116.66
-132.69
-110.85
-118.13
-126.36
-114.75
-113.8
-128.7
-119.86
-113.88
-133.39
-128.27
-103.22
-110.59
-134.51
-109.12
-122.12
-137.46
-128.18
-124.46
-127.75
-127.06
-126.8
-134.69
-126.1
-119.52
-125.67
-142.14
-127.23
-126.36
-132
-123.59
-120.9
-124.89
-117.18
-109.98
-123.42
-121.6
-107.47
-107.82
-127.06
-104.09
-107.73
-120.99
-124.02
-101.84
-121.86
-115.44
-99.67
-97.94
-117.96
-109.03
-85.28
-114.58
-113.1
-99.58
-109.2
-120.64
-115.27
-100.45
-118.04
-114.66
65.39
63.39
61.45
59.72
57.69
55.8
54.04
52.02
50.27
48.19
46.32
44.57
42.55
40.68
38.89
36.9
35
33.15
31.23
29.52
27.58
25.67
23.91
21.91
20.12
18.11
16.22
14.46
12.42
10.56
8.35
5.45
3.02
0.33
-2.26
-4.76
-7.47
-10.1
-11.9
-13.92
-15.85
-17.72
-19.61
-21.42
-23.37
-25.33
-27.13
-29.1
-30.88
-32.84
-34.67
-36.46
-38.46
-40.37
-42.15
-44.14
-46.07
-47.91
-49.83
-51.65
-53.58
-55.49
-57.34
-59.28
-61.13
-63.06
-64.94
-66.77
-68.7
-70.63
-72.45
-72.86
-72.76
-72.87
-72.85
-72.74
-72.86
-72.83
-72.76
-72.86
-72.87
-72.83
-72.83
-71.87
-69.99
-68.06
-66.03
-64.22
-62.29
-60.37
-58.51
-56.56
-54.73
-52.82
-50.92
-49.05
-47.12
-45.33
-43.42
-41.43
-39.67
-37.7
-35.77
-33.94
-32.08
-30.22
-28.35
-26.35
-24.55
-22.65
-20.69
-18.87
-16.97
-15.1
-13.21
-11.17
-9.09
-6.45
-3.79
-1.27
1.53
3.93
6.58
9.33
11.24
13.18
15.18
16.97
18.83
20.73
22.61
24.64
26.39
28.3
30.26
31.98
34.01
35.75
37.67
39.61
41.41
43.34
45.36
47.06
49.13
50.91
52.81
54.82
56.58
58.49
60.48
62.26
64.16
66.01
67.91
69.94
