155
68
89
145.69
138.22
138.22
135.95
128.19
121.76
135.19
131.41
128.47
136.42
126.3
125.07
133.58
131.12
133.11
133.58
141.24
129.42
129.7
137.18
121.19
119.96
136.7
120.34
116.65
127.81
129.42
118.54
133.01
136.89
129.14
130.46
137.46
131.78
140.58
145.97
140.49
124.88
133.96
139.45
121.76
129.89
129.42
115.51
117.69
126.96
114.94
122.51
111.44
115.13
117.12
104.54
114.38
108.61
112.3
137.08
115.99
106.43
128.85
119.67
119.3
126.58
124.4
136.23
127.24
126.3
125.07
130.36
129.7
126.3
117.31
817.19
810.38
810.86
9.1
4.33
4.33
5.72
6.85
4.59
2.95
3.9
6.76
3.47
8.58
-137.11
-137.63
-132.69
-130.18
-129.57
-131.04
-132.69
-128.7
-125.84
-118.82
-111.89
-125.15
-113.62
-118.13
-123.5
-118.39
-112.15
-118.39
-120.56
-119.95
-121.34
-130.09
-123.76
-126.02
-121.42
-128.88
-124.89
-124.46
-137.81
-123.16
-127.58
-132.78
-130.35
-127.23
-139.02
-129.66
-125.5
-136.16
-137.72
-130.18
-131.82
-139.71
-124.11
-127.4
-138.5
-127.23
-123.85
-138.85
-130.35
-121.6
-129.92
-130.78
-135.64
-137.98
-121.34
-128.53
-124.37
-113.45
-120.04
-121.16
-125.06
-126.1
-123.59
-128.96
-129.05
-130.44
-140.67
-128.62
-129.66
-138.93
64.96
63.08
61.35
59.29
57.42
55.7
53.66
51.89
49.86
47.97
46.18
44.18
42.29
40.55
38.52
36.63
34.75
32.86
31.09
29.15
27.29
25.51
23.53
21.61
19.71
17.86
16.09
14.07
12.19
10.43
7.77
5.32
2.56
-0.06
-2.55
-5.22
-7.79
-10.29
-12.22
-14.2
-16.12
-17.98
-19.78
-21.8
-23.63
-25.5
-27.46
-29.24
-31.2
-33.06
-34.89
-36.8
-38.72
-40.59
-42.48
-44.34
-46.31
-48.2
-50.1
-51.96
-53.86
-55.69
-57.63
-59.55
-61.35
-63.3
-65.16
-67.05
-68.99
-70.88
-72.78
-73.04
-73.02
-73.07
-72.94
-73.04
-73.02
-72.93
-73.01
-72.95
-73.02
-73.06
-72.9
-72.11
-70
-67.92
-66.01
-64.12
-62.13
-60.32
-58.4
-56.54
-54.64
-52.67
-50.88
-48.93
-47.08
-45.24
-43.25
-41.42
-39.56
-37.54
-35.74
-33.87
-31.95
-30.15
-28.2
-26.35
-24.42
-22.46
-20.69
-18.77
-16.87
-15.02
-12.98
-11.18
-8.99
-6.17
-3.78
-1.27
1.52
4.07
6.82
9.32
11.4
13.4
15.16
17.04
18.94
20.81
22.86
24.62
26.49
28.55
30.2
32.07
34
35.84
37.91
39.6
41.55
43.59
45.29
47.3
49.08
50.96
52.9
54.75
56.6
58.71
60.41
62.31
64.24
66.06
68.12
