155
68
88
134.91
147.77
117.59
135.76
142.85
128.57
128
138.97
128.28
122.89
140.49
131.12
121.95
125.92
128.95
122.32
122.8
130.93
124.5
124.12
130.36
131.31
125.92
121.09
126.3
135.85
124.88
134.15
141.81
132.26
133.11
144.84
135.76
131.22
133.77
130.55
129.89
132.07
127.15
131.59
124.78
130.84
131.88
118.73
126.39
127.62
127.43
126.39
121.57
122.04
122.23
123.65
122.13
126.86
125.45
133.58
126.39
122.32
113.53
109.08
117.4
120.9
112.2
123.36
121.57
109.65
119.3
123.55
117.03
117.97
113.05
821.83
818.42
817.57
4.85
4.51
6.5
1.65
5.03
5.11
1.39
5.72
10.31
4.85
-149.59
-127.06
-118.74
-125.76
-116.48
-111.98
-130.18
-125.15
-116.66
-127.14
-129.14
-130.61
-122.64
-131.13
-133.99
-126.8
-138.07
-128.18
-120.73
-135.38
-123.76
-119.6
-117.7
-127.06
-125.24
-120.47
-123.42
-111.72
-129.48
-124.11
-126.88
-123.76
-128.01
-134.17
-129.83
-124.28
-139.97
-141.45
-133.73
-141.01
-135.9
-134.51
-140.32
-129.48
-123.94
-127.4
-122.55
-123.24
-118.3
-130.44
-116.57
-112.58
-119.6
-130.09
-118.04
-111.8
-131.82
-125.76
-117.09
-128.7
-143.79
-109.72
-131.13
-137.46
-113.8
-129.05
-138.07
-140.67
-113.54
-130.26
-143.44
65.14
63.13
61.2
59.29
57.45
55.55
53.65
51.76
50.01
47.95
46.07
44.16
42.28
40.4
38.5
36.65
34.9
32.86
30.99
29.16
27.31
25.41
23.51
21.63
19.84
17.84
15.96
14.1
12.16
10.29
7.8
5.18
2.73
-0.05
-2.75
-5.22
-7.83
-10.38
-12.23
-14.22
-16.12
-17.98
-19.87
-21.77
-23.65
-25.5
-27.45
-29.33
-31.13
-33.07
-34.94
-36.81
-38.74
-40.65
-42.49
-44.41
-46.21
-48.17
-50.13
-51.98
-53.89
-55.76
-57.63
-59.57
-61.4
-63.31
-65.21
-67.08
-69.03
-70.85
-72.76
-73.05
-72.94
-73.06
-73.04
-73.04
-73.06
-73.05
-73.04
-73.06
-72.95
-73.05
-72.97
-72.06
-70.01
-67.97
-66.02
-64.1
-62.13
-60.35
-58.47
-56.5
-54.65
-52.76
-50.89
-48.98
-47
-45.22
-43.3
-41.41
-39.6
-37.59
-35.74
-33.87
-31.88
-30.15
-28.27
-26.36
-24.46
-22.54
-20.69
-18.77
-16.8
-15.02
-13.11
-11.18
-8.94
-6.29
-3.8
-1.17
1.6
4.06
6.65
9.27
11.35
13.26
15.14
17.04
19.07
20.8
22.73
24.61
26.5
28.37
30.2
32.08
34.1
35.79
37.76
39.7
41.48
43.41
45.28
47.15
49.2
51.01
52.88
54.77
56.65
58.54
60.4
62.33
64.37
66.07
68.01
