155
68
88
164.61
177.29
157.71
147.49
170.38
169.06
133.2
155.25
154.11
109.74
132.16
138.03
123.27
127.62
152.6
118.63
117.03
132.26
118.07
112.01
135.19
136.61
120.05
123.46
137.65
123.74
121.95
130.27
124.59
131.41
138.12
124.97
129.51
138.69
141.24
114.38
129.99
141.72
126.68
124.31
128.47
130.18
129.8
135.76
126.11
120.62
131.78
145.6
109.27
126.68
140.01
129.51
126.86
140.49
139.35
109.27
124.59
140.2
113.15
116.27
142.57
122.99
112.11
137.27
125.54
107.85
130.08
137.93
113.9
129.7
142.66
808.3
803.76
799.31
2.25
5.03
2.08
2.17
1.65
1.65
5.03
-0.87
0.43
-3.99
-202.2
-150.37
-135.03
-136.16
-141.36
-129.57
-140.93
-145.95
-129.74
-130.78
-145.69
-133.56
-130.78
-145.43
-135.73
-123.42
-139.37
-141.1
-126.8
-130.35
-144.65
-130
-112.15
-138.76
-126.45
-128.01
-138.59
-142.57
-137.11
-141.01
-151.93
-134.6
-135.99
-146.39
-137.63
-135.81
-144.13
-149.94
-141.19
-135.81
-146.65
-137.11
-130.09
-139.02
-126.88
-130.18
-140.32
-144.22
-126.97
-128.62
-144.83
-125.76
-121.51
-145.26
-145.61
-141.62
-143.96
-150.98
-138.41
-143.53
-156.44
-137.89
-142.83
-151.76
-160.43
-154.19
-144.13
-157.91
-153.49
-145.09
-154.62
65.19
63.16
61.23
59.32
57.5
55.76
53.69
51.81
50.07
47.97
46.14
44.21
42.32
40.47
38.58
36.68
34.93
32.92
31.02
29.17
27.39
25.57
23.54
21.68
19.9
17.88
16.02
14.12
12.21
10.38
7.9
5.26
2.78
0.05
-2.62
-5.18
-7.74
-10.29
-12.22
-14.18
-15.98
-17.93
-19.84
-21.71
-23.6
-25.44
-27.42
-29.27
-31.13
-33
-34.88
-36.76
-38.68
-40.55
-42.42
-44.4
-46.15
-48.12
-50.08
-51.9
-53.79
-55.7
-57.6
-59.5
-61.31
-63.26
-65.17
-67.01
-68.97
-70.8
-72.68
-72.96
-72.9
-72.97
-73
-73
-72.97
-72.97
-72.97
-72.98
-72.88
-72.97
-72.92
-71.98
-69.98
-67.93
-65.98
-64.06
-62.09
-60.26
-58.43
-56.5
-54.57
-52.62
-50.83
-48.95
-46.96
-45.18
-43.26
-41.36
-39.53
-37.51
-35.69
-33.83
-31.87
-30.12
-28.2
-26.31
-24.39
-22.44
-20.65
-18.75
-16.76
-14.99
-13.03
-11.13
-8.89
-6.11
-3.74
-1.12
1.69
4.14
6.76
9.35
11.4
13.32
15.21
17.09
19.1
20.86
22.76
24.65
26.57
28.46
30.23
32.11
34.16
35.86
37.79
39.7
41.56
43.6
45.33
47.22
49.27
51.04
52.93
54.83
56.68
58.62
60.45
62.35
64.43
66.13
68.04
