155
68
89
171.14
192.99
162.34
151.84
169.15
156.85
139.54
160.54
146.35
129.14
149.38
150.7
130.27
150.14
143.61
135.57
156.85
137.65
130.08
149.76
135.28
132.82
147.87
129.89
129.04
138.97
142.95
117.03
136.51
150.99
131.59
137.37
153.54
139.45
137.84
151.65
124.4
130.74
140.49
129.23
115.51
134.62
144.84
116.46
135.57
145.22
130.46
143.8
146.54
133.3
152.98
149.19
136.61
143.61
150.04
142.47
129.32
146.26
150.52
129.99
142.66
152.79
131.03
149.85
144.46
137.37
141.53
162.15
133.49
135.1
143.7
878.02
878.4
879.92
1.91
2.6
1.82
3.55
-3.47
4.59
2.86
4.51
4.33
1.65
2.17
-160.34
-154.62
-167.1
-170.22
-136.68
-151.33
-157.83
-142.49
-153.32
-152.54
-145.95
-156.53
-160.69
-144.74
-142.05
-160.08
-156.01
-143.53
-155.83
-148.9
-145.52
-148.03
-146.47
-139.54
-155.92
-152.28
-138.24
-140.84
-155.66
-135.9
-137.2
-151.59
-155.31
-144.83
-159.65
-143.18
-150.89
-155.66
-151.15
-138.93
-154.53
-150.11
-128.01
-130.96
-151.76
-141.71
-138.41
-149.51
-126.71
-133.56
-135.64
-140.67
-143.18
-150.89
-137.2
-152.11
-156.7
-133.47
-136.77
-155.66
-133.39
-125.58
-153.84
-144.22
-137.11
-146.65
-161.73
-140.41
-150.81
-153.75
65.17
63.18
61.27
59.32
57.49
55.72
53.68
51.8
50
47.98
46.12
44.22
42.34
40.6
38.55
36.68
34.94
32.9
31.16
29.21
27.33
25.59
23.57
21.66
19.89
17.94
15.98
14.1
12.23
10.46
7.87
5.27
2.8
0.02
-2.62
-5.17
-7.78
-10.33
-12.23
-14.19
-15.99
-17.92
-19.74
-21.73
-23.57
-25.44
-27.4
-29.29
-31.11
-33.02
-34.9
-36.72
-38.7
-40.59
-42.42
-44.37
-46.17
-48.11
-50.05
-51.93
-53.78
-55.62
-57.59
-59.48
-61.35
-63.28
-65.08
-67.02
-68.97
-70.82
-72.72
-73.1
-73
-73.1
-73.1
-73.1
-73.09
-72.99
-73.11
-73.11
-72.97
-73.09
-72.98
-72
-69.95
-67.89
-65.96
-64.09
-62.09
-60.27
-58.38
-56.5
-54.59
-52.67
-50.85
-48.94
-46.97
-45.16
-43.25
-41.38
-39.54
-37.49
-35.69
-33.84
-31.87
-30.11
-28.17
-26.29
-24.41
-22.46
-20.66
-18.74
-16.76
-14.99
-13.04
-11.13
-8.9
-6.13
-3.73
-1.15
1.7
4.11
6.72
9.37
11.39
13.31
15.18
17.1
19.07
20.84
22.77
24.64
26.54
28.54
30.23
32.1
34.13
35.87
37.93
39.65
41.54
43.6
45.31
47.2
49.2
51.06
52.94
54.89
56.71
58.77
60.46
62.35
64.43
66.13
68.03
