155
68
88
161.58
154.58
135
148.81
150.99
134.15
145.5
156.67
144.65
136.14
149.66
145.6
133.58
139.35
153.73
135.19
144.65
141.53
124.78
136.8
139.73
133.58
136.23
134.24
138.12
140.2
137.46
138.12
137.93
136.42
138.5
138.88
138.31
153.35
144.74
136.04
151.37
146.07
127.53
139.73
143.23
132.92
130.27
145.31
133.2
123.93
142.95
145.69
123.93
143.14
143.61
131.78
139.54
153.26
141.81
134.05
147.96
153.35
132.54
139.35
145.5
119.01
129.8
145.41
117.97
115.23
141.06
127.43
119.39
127.53
133.2
804.9
807.45
802.81
-5.2
-3.29
-1.73
-0.78
-1.3
-3.29
-3.03
-2.77
1.99
-4.77
-151.15
-158.35
-130.87
-141.1
-153.32
-127.92
-135.64
-159.39
-140.84
-138.24
-160.17
-153.67
-133.21
-162.77
-160.34
-129.92
-145.35
-148.81
-132.52
-129.83
-157.65
-141.45
-126.36
-146.39
-152.11
-124.63
-140.06
-161.03
-130.26
-139.19
-157.39
-145
-131.74
-157.48
-157.91
-123.42
-141.19
-155.4
-131.91
-135.99
-151.67
-141.97
-141.79
-147.08
-146.56
-142.57
-159.13
-151.41
-140.06
-152.89
-156.09
-136.85
-139.54
-162.33
-152.89
-142.4
-159.91
-156.79
-126.28
-152.8
-156.7
-137.98
-142.66
-156.79
-141.27
-126.88
-144.83
-163.89
-122.46
-139.19
-161.47
64.98
63.1
61.21
59.33
57.43
55.68
53.66
51.79
50.06
47.98
46.07
44.19
42.31
40.58
38.54
36.65
34.9
32.89
30.99
29.18
27.31
25.42
23.52
21.67
19.86
17.88
15.98
14.09
12.18
10.45
7.83
5.21
2.73
0.01
-2.68
-5.19
-7.79
-10.26
-12.22
-14.17
-16
-17.98
-19.87
-21.74
-23.61
-25.57
-27.41
-29.33
-31.23
-33.06
-34.92
-36.79
-38.69
-40.51
-42.5
-44.39
-46.19
-48.16
-50.1
-51.92
-53.8
-55.68
-57.63
-59.51
-61.38
-63.29
-65.15
-67.09
-69.01
-70.87
-72.72
-72.94
-72.96
-72.95
-72.97
-72.97
-72.97
-72.87
-72.97
-72.92
-72.87
-72.95
-72.91
-72.03
-69.98
-67.9
-66.02
-64.1
-62.15
-60.34
-58.43
-56.54
-54.65
-52.73
-50.88
-48.96
-47.03
-45.21
-43.27
-41.37
-39.56
-37.53
-35.71
-33.85
-31.9
-30.15
-28.25
-26.34
-24.45
-22.43
-20.71
-18.77
-16.76
-15.01
-13.1
-11.17
-8.92
-6.34
-3.82
-1.11
1.62
4.1
6.75
9.32
11.35
13.4
15.16
17.06
19.07
20.83
22.71
24.61
26.55
28.54
30.21
32.08
34.14
35.84
37.77
39.61
41.51
43.44
45.28
47.17
49.09
51.05
52.92
54.77
56.68
58.6
60.43
62.32
64.43
66.09
67.99
