155
68
89
170.1
148.91
149.38
163.1
163
143.33
166.6
171.9
141.53
153.64
158.27
139.45
134.15
150.33
151.08
133.49
146.07
168.49
141.53
138.03
154.87
147.39
131.88
154.3
149.66
133.96
141.43
145.88
138.31
134.43
140.39
150.42
139.26
154.77
140.01
133.2
155.72
137.08
130.84
143.8
128.09
132.16
130.46
126.96
135.76
136.7
137.27
132.35
132.54
140.39
137.37
136.33
139.83
147.58
145.22
142.1
153.83
147.77
136.42
140.39
150.23
148.34
131.88
137.27
131.88
119.86
128.19
136.51
126.11
128.95
145.88
824.67
818.99
815.59
5.11
5.81
-0.69
5.89
5.72
4.25
3.64
5.2
2.17
7.63
0.61
-148.29
-124.11
-139.37
-146.21
-132.69
-125.93
-145.87
-137.37
-140.67
-140.93
-136.07
-133.3
-137.98
-155.49
-131.48
-129.22
-143.09
-141.71
-125.93
-142.05
-136.85
-127.66
-129.31
-138.15
-132.95
-125.5
-136.07
-139.71
-129.31
-139.02
-142.92
-140.41
-142.05
-156.09
-142.31
-132
-155.49
-141.36
-146.91
-146.04
-140.06
-128.96
-143.35
-143.79
-132.17
-134.25
-154.53
-141.01
-131.65
-158.69
-142.83
-141.71
-159.82
-145.87
-135.12
-137.46
-154.71
-136.33
-123.59
-153.67
-153.23
-117.61
-147.51
-157.83
-121.42
-138.85
-154.1
-136.25
-125.93
-147.6
65.11
63.2
61.54
59.45
57.56
55.84
53.83
51.88
50.08
48.11
46.33
44.29
42.44
40.68
38.64
36.76
34.99
33.01
31.26
29.29
27.44
25.65
23.64
21.78
19.85
18.02
16.22
14.22
12.29
10.53
8.06
5.34
2.89
0.18
-2.52
-5.03
-7.63
-10.16
-12.12
-14.11
-15.9
-17.85
-19.65
-21.64
-23.5
-25.38
-27.3
-29.23
-31.08
-32.92
-34.76
-36.68
-38.6
-40.44
-42.36
-44.31
-46.06
-48.05
-49.99
-51.83
-53.71
-55.56
-57.54
-59.42
-61.23
-63.18
-65.09
-66.94
-68.87
-70.72
-72.62
-72.89
-72.87
-72.87
-72.78
-72.87
-72.88
-72.76
-72.87
-72.87
-72.76
-72.88
-72.72
-71.95
-69.88
-67.82
-65.89
-63.99
-62.02
-60.21
-58.28
-56.44
-54.52
-52.56
-50.78
-48.85
-46.92
-45.11
-43.13
-41.28
-39.43
-37.43
-35.61
-33.72
-31.8
-30.04
-28.13
-26.21
-24.32
-22.34
-20.59
-18.64
-16.68
-14.88
-12.87
-11.07
-8.77
-5.99
-3.62
-1
1.67
4.19
7
9.47
11.45
13.55
15.28
17.15
19.17
20.94
22.82
24.73
26.63
28.66
30.3
32.21
34.21
35.97
37.9
39.73
41.61
43.66
45.4
47.3
49.19
51.1
53.21
54.87
56.76
58.87
60.54
62.47
64.35
66.22
68.12
