155
68
88
132.45
128
126.39
126.39
119.58
115.8
126.01
119.86
114.94
117.78
112.3
113.24
111.07
112.3
126.77
115.61
105.48
122.32
117.12
105.2
111.07
119.01
105.96
110.21
122.23
106.34
94.51
110.88
104.92
91.2
107.38
108.89
102.93
101.51
101.51
96.31
103.97
99.62
103.69
104.25
103.59
104.06
106.24
107.75
112.58
114.28
126.11
111.63
113.71
127.81
127.15
112.67
131.78
119.2
106.9
104.35
119.86
110.97
95.08
113.05
107.09
96.5
109.17
105.01
95.27
92.81
91.48
102.27
99.81
105.29
113.71
792.03
785.78
777.46
1.91
6.59
-0.09
4.59
0.69
4.16
2.34
3.99
3.64
-1.65
-106.08
-114.06
-99.06
-98.2
-113.62
-103.83
-103.22
-120.38
-115.88
-101.49
-117.18
-123.24
-101.75
-116.66
-134.34
-113.54
-103.74
-129.31
-120.82
-96.81
-123.68
-128.88
-102.62
-101.84
-122.55
-106.6
-97.68
-109.55
-115.36
-89.27
-101.84
-108.94
-99.76
-106.43
-109.72
-108.08
-108.6
-112.32
-114.75
-114.06
-114.66
-103.83
-116.14
-112.32
-105.39
-111.02
-121.94
-112.32
-114.32
-115.36
-113.02
-106.78
-117
-115.44
-110.07
-107.82
-113.1
-111.11
-105.56
-106.86
-111.72
-120.3
-103.4
-117.18
-130.96
-108.25
-117.26
-131.22
-118.91
-109.12
-120.04
65.16
63.11
61.25
59.31
57.46
55.57
53.66
51.76
50.04
48
46.08
44.22
42.33
40.43
38.58
36.65
34.9
32.92
31.01
29.17
27.34
25.47
23.5
21.67
19.88
17.86
15.98
14.19
12.2
10.33
7.83
5.27
2.72
0.06
-2.66
-5.16
-7.76
-10.33
-12.2
-14.2
-15.96
-17.94
-19.83
-21.75
-23.6
-25.54
-27.4
-29.32
-31.11
-33.03
-34.96
-36.76
-38.69
-40.61
-42.48
-44.39
-46.17
-48.16
-50.1
-51.89
-53.81
-55.73
-57.61
-59.52
-61.35
-63.31
-65.15
-67.04
-69.01
-70.83
-72.72
-72.98
-72.9
-72.99
-72.96
-72.99
-73
-72.98
-73
-72.97
-72.88
-72.98
-72.93
-72.01
-69.94
-67.93
-66.01
-64.09
-62.13
-60.3
-58.4
-56.48
-54.64
-52.69
-50.85
-48.94
-46.96
-45.22
-43.31
-41.38
-39.53
-37.6
-35.7
-33.81
-31.88
-30.13
-28.2
-26.29
-24.42
-22.49
-20.66
-18.75
-16.78
-14.97
-13.06
-11.17
-8.93
-6.24
-3.76
-1.17
1.7
4.11
6.69
9.36
11.37
13.29
15.17
17.07
19.07
20.86
22.75
24.78
26.52
28.42
30.24
32.12
34.1
35.85
37.78
39.62
41.56
43.49
45.31
47.23
49.27
51.01
52.95
54.79
56.66
58.62
60.46
62.36
64.42
66.13
68.02
