155
68
89
124.22
100.38
110.21
118.44
111.63
105.67
119.67
124.22
104.06
112.67
120.34
104.44
113.43
122.61
105.11
105.96
113.62
132.45
108.61
117.03
129.23
109.74
116.46
125.07
110.59
105.58
115.61
124.97
115.23
119.49
127.72
119.58
118.16
117.78
124.03
107.38
124.78
117.88
119.3
122.61
123.27
112.48
117.12
121.66
127.05
113.53
129.14
132.07
119.2
120.53
110.12
113.24
116.46
109.17
116.08
104.16
109.84
119.11
114.85
110.21
112.58
116.74
112.2
111.44
122.23
106.9
112.3
121
103.59
123.36
134.72
736.97
740.09
740.66
5.2
3.03
6.24
5.81
1.13
0.43
-0.61
4.85
2.6
10.14
3.55
-131.22
-121.42
-123.5
-109.46
-108.94
-124.8
-109.46
-110.24
-108.6
-114.06
-106.43
-115.53
-113.54
-121.08
-119.17
-123.24
-120.04
-123.59
-122.12
-120.9
-128.01
-120.9
-120.82
-114.92
-112.58
-126.62
-118.65
-110.68
-113.45
-126.71
-113.45
-107.47
-124.11
-115.01
-115.36
-121.94
-118.65
-119.43
-126.19
-114.75
-110.42
-120.9
-121.86
-115.44
-103.92
-123.68
-118.3
-102.27
-117.09
-121.77
-106.95
-104.96
-118.3
-116.31
-94.04
-113.97
-109.55
-93.34
-112.41
-114.32
-96.29
-105.22
-124.8
-124.02
-120.21
-122.9
-126.28
-87.36
-116.83
-128.18
65.21
63.18
61.34
59.41
57.52
55.66
53.76
51.9
49.91
48.09
46.17
44.25
42.41
40.51
38.62
36.68
34.97
32.99
31.07
29.26
27.41
25.61
23.61
21.75
19.95
17.94
16.05
14.17
12.29
10.43
7.98
5.32
2.87
0.15
-2.53
-5.1
-7.65
-10.2
-12.16
-14.11
-15.91
-17.88
-19.75
-21.68
-23.51
-25.38
-27.35
-29.21
-31.01
-32.97
-34.87
-36.72
-38.68
-40.54
-42.36
-44.31
-46.1
-48.06
-50
-51.86
-53.75
-55.57
-57.55
-59.48
-61.27
-63.2
-65.08
-66.99
-68.9
-70.77
-72.57
-72.66
-72.56
-72.66
-72.66
-72.66
-72.65
-72.55
-72.67
-72.67
-72.56
-72.66
-72.65
-71.99
-69.89
-67.85
-65.94
-64.04
-62.05
-60.22
-58.37
-56.44
-54.56
-52.64
-50.78
-48.88
-46.92
-45.11
-43.23
-41.31
-39.47
-37.46
-35.63
-33.77
-31.81
-30.06
-28.17
-26.26
-24.35
-22.46
-20.6
-18.71
-16.69
-14.93
-12.99
-11.07
-8.84
-6.05
-3.66
-1
1.77
4.19
6.81
9.41
11.45
13.51
15.27
17.13
19.17
20.94
22.82
24.7
26.61
28.59
30.28
32.21
34.2
35.94
37.86
39.72
41.59
43.66
45.4
47.28
49.32
51.1
53
54.85
56.74
58.67
60.5
62.47
64.46
66.19
68.09
