155
68
89
134.43
136.42
118.63
133.77
131.69
127.34
129.99
128.66
118.26
112.48
123.55
124.69
107.09
123.74
136.8
121
114.76
131.88
120.43
106.15
120.81
127.81
111.07
133.3
140.87
127.34
119.86
128.76
131.22
120.9
137.84
146.26
133.49
139.35
151.56
133.96
139.26
147.39
139.92
140.11
142.19
139.83
136.23
131.78
144.74
140.77
145.31
140.3
145.03
142.95
138.5
133.01
132.54
137.84
120.24
133.2
123.27
120.72
126.2
108.98
117.69
139.26
117.4
121.66
123.93
110.69
110.03
120.53
110.4
118.73
129.51
837.82
824.86
820.69
0.69
2.95
-0.69
-0.43
3.21
0.26
-2.51
-1.65
4.16
0.52
-0.09
-130.09
-127.58
-124.89
-128.18
-123.07
-133.21
-135.9
-119.78
-135.21
-124.28
-111.37
-125.24
-129.48
-130.61
-136.16
-140.15
-147.34
-150.89
-148.55
-151.33
-163.81
-168.57
-159.3
-154.53
-140.93
-142.92
-132
-147.17
-135.38
-133.56
-142.05
-134.34
-130
-137.72
-130.26
-121.94
-140.06
-131.3
-122.03
-128.1
-118.48
-108.6
-112.24
-119.08
-111.46
-113.02
-127.84
-110.42
-97.5
-117.35
-107.99
-105.74
-125.5
-119.78
-106.78
-119
-116.14
-108.77
-103.22
-121.77
-116.66
-107.04
-118.48
-128.27
-121.94
-117
-119.69
-127.66
-120.56
-117.7
65.1
63.04
61.16
59.21
57.41
55.64
53.59
51.71
49.95
47.93
46.18
44.13
42.26
40.49
38.46
36.58
34.82
32.83
31.07
29.08
27.25
25.49
23.44
21.59
19.8
17.78
16.05
13.96
12.12
10.38
7.78
5.12
2.66
-0.04
-2.76
-5.31
-7.91
-10.31
-12.32
-14.29
-16.08
-18.05
-19.81
-21.81
-23.69
-25.53
-27.5
-29.39
-31.2
-33.12
-35.01
-36.87
-38.76
-40.65
-42.53
-44.49
-46.27
-48.24
-50.19
-52.03
-53.85
-55.73
-57.71
-59.62
-61.45
-63.36
-65.2
-67.11
-69.06
-70.93
-72.79
-73
-72.9
-72.98
-72.95
-73
-73
-72.9
-73.01
-73.01
-72.89
-73
-72.93
-72.11
-70.03
-67.97
-66.07
-64.18
-62.23
-60.38
-58.44
-56.6
-54.69
-52.78
-50.97
-49.01
-47.05
-45.29
-43.3
-41.49
-39.6
-37.63
-35.8
-33.92
-32.04
-30.22
-28.23
-26.4
-24.48
-22.51
-20.75
-18.84
-16.83
-15.07
-13.13
-11.24
-9.02
-6.3
-3.85
-1.26
1.62
3.98
6.6
9.29
11.31
13.38
15.13
17
19.03
20.78
22.77
24.57
26.47
28.48
30.14
32.03
34.04
35.77
37.73
39.55
41.47
43.51
45.24
47.11
49.19
50.95
53
54.75
56.59
58.67
60.4
62.27
64.34
66.06
68.1
