155
68
89
176.82
165.08
158.46
155.53
158.37
145.41
150.04
169.06
166.41
163.85
170
151.08
162.34
158.37
151.75
146.45
156.76
138.22
135.95
143.33
135.57
133.49
142.95
143.33
126.68
131.97
146.83
129.04
130.55
161.49
140.01
131.5
168.3
156.38
147.58
166.5
175.59
139.54
144.18
157.42
132.16
122.61
147.02
139.35
130.55
134.24
137.46
137.27
135.28
138.12
127.72
148.81
142.76
142.66
147.11
158.94
144.65
140.68
144.56
139.92
134.91
141.34
137.37
131.78
135.19
135.28
129.51
136.42
127.62
127.05
123.84
790.14
784.46
781.15
3.29
0.26
0.87
3.47
-1.73
-0.69
4.94
3.9
3.9
4.68
-0.69
-156.01
-139.37
-148.55
-142.75
-141.97
-145.17
-151.59
-139.89
-153.58
-155.75
-148.38
-150.89
-159.73
-145.69
-150.2
-148.47
-148.9
-139.11
-142.49
-145.95
-141.79
-147.08
-144.05
-150.55
-149.94
-144.22
-143.61
-161.38
-147.25
-142.75
-170.39
-161.81
-156.53
-157.48
-173.17
-148.73
-150.11
-157.48
-149.59
-135.12
-155.75
-154.88
-138.15
-132.52
-157.39
-143.61
-141.62
-158.61
-149.85
-147.69
-155.14
-156.79
-158.52
-173.77
-163.72
-156.7
-173.69
-152.45
-153.58
-186.51
-154.36
-143.61
-182.09
-167.88
-155.05
-167.71
-185.04
-159.73
-163.2
-173.25
64.99
63.13
61.38
59.35
57.48
55.74
53.69
51.79
49.87
48.03
46.26
44.18
42.34
40.58
38.51
36.67
34.79
32.9
31.16
29.2
27.3
25.56
23.55
21.64
19.87
17.89
16.12
14.09
12.26
10.46
7.82
5.22
2.64
0
-2.48
-5.16
-7.78
-10.26
-12.24
-14.17
-16.09
-17.96
-19.75
-21.76
-23.62
-25.47
-27.4
-29.3
-31.1
-33.06
-34.86
-36.77
-38.7
-40.53
-42.43
-44.38
-46.29
-48.14
-49.99
-51.93
-53.82
-55.65
-57.6
-59.53
-61.42
-63.28
-65.14
-67.05
-68.98
-70.82
-72.71
-73.06
-73.07
-73.06
-72.96
-73.07
-73.06
-72.98
-73.07
-73.07
-73.04
-73.05
-72.93
-72.02
-69.97
-67.9
-65.99
-64.07
-62.17
-60.28
-58.4
-56.51
-54.62
-52.64
-50.85
-48.96
-46.99
-45.2
-43.22
-41.37
-39.53
-37.52
-35.73
-33.84
-31.9
-30.13
-28.15
-26.32
-24.43
-22.45
-20.66
-18.76
-16.87
-14.99
-13.07
-11.14
-8.91
-6.14
-3.78
-1.16
1.54
4.1
6.84
9.37
11.39
13.39
15.19
17.09
18.97
20.86
22.78
24.63
26.51
28.55
30.21
32.08
33.98
35.85
37.9
39.64
41.53
43.59
45.3
47.18
49.08
51.05
53.07
54.77
56.68
58.76
60.42
62.34
64.41
66.11
68.16
