155
68
89
132.82
129.61
105.77
135.19
133.01
127.43
133.11
144.27
143.7
132.54
134.91
141.43
134.15
139.26
151.84
122.61
137.37
133.87
115.99
122.7
128.38
125.26
115.42
124.12
118.92
122.42
118.73
121.28
132.92
132.16
136.51
142.76
138.6
139.26
135.38
138.22
142.29
138.12
123.55
124.4
122.61
115.89
108.61
118.35
121.66
101.13
118.44
125.16
106.71
118.16
125.92
125.07
122.32
136.61
145.69
138.22
136.89
148.25
125.63
130.08
155.44
131.41
128.57
145.5
122.8
119.49
122.89
127.81
108.51
124.97
120.24
798.37
793.64
792.22
-3.38
-0.52
0.17
-3.99
-2.6
-1.04
-1.56
2.51
-3.81
-3.64
0.17
-159.3
-135.64
-143.01
-155.75
-139.71
-134.69
-164.33
-141.01
-132.08
-164.59
-146.73
-130.52
-145.35
-128.7
-120.9
-128.27
-129.66
-117.7
-120.47
-124.46
-118.22
-100.97
-123.76
-137.03
-105.3
-126.71
-142.31
-127.23
-122.46
-141.79
-140.32
-128.36
-150.63
-142.31
-123.42
-119.95
-132.95
-120.9
-120.82
-122.98
-115.18
-117.18
-120.47
-118.82
-116.48
-122.38
-142.57
-124.72
-136.33
-145.95
-134.43
-129.22
-148.9
-145.26
-129.57
-152.45
-147.69
-122.55
-133.99
-131.13
-110.76
-122.29
-128.88
-126.8
-110.16
-119.34
-136.16
-116.66
-123.76
-143.35
65.18
63.11
61.25
59.34
57.47
55.59
53.69
51.79
50.03
47.97
46.1
44.22
42.33
40.58
38.58
36.65
34.93
32.91
31.02
29.18
27.31
25.47
23.52
21.64
19.9
17.88
16
14.12
12.23
10.32
7.9
5.22
2.79
0.02
-2.63
-5.17
-7.74
-10.23
-12.24
-14.17
-15.98
-17.94
-19.87
-21.71
-23.62
-25.57
-27.39
-29.29
-31.11
-33.03
-34.95
-36.76
-38.73
-40.58
-42.42
-44.38
-46.17
-48.14
-50.06
-51.94
-53.81
-55.72
-57.62
-59.52
-61.35
-63.26
-65.14
-67.07
-68.98
-70.86
-72.7
-72.85
-72.76
-72.83
-72.82
-72.87
-72.83
-72.86
-72.84
-72.85
-72.75
-72.85
-72.8
-72.02
-69.94
-67.99
-65.99
-64.09
-62.14
-60.29
-58.43
-56.53
-54.62
-52.69
-50.85
-48.95
-46.98
-45.22
-43.28
-41.38
-39.53
-37.58
-35.67
-33.81
-31.87
-30.12
-28.22
-26.33
-24.44
-22.44
-20.66
-18.75
-16.75
-14.99
-13.07
-11.13
-8.91
-6.15
-3.75
-1.09
1.67
4.1
6.71
9.33
11.38
13.35
15.19
17.11
19
20.85
22.73
24.62
26.52
28.44
30.21
32.1
34.14
35.84
37.8
39.65
41.56
43.62
45.32
47.22
49.27
51.04
52.86
54.81
56.67
58.6
60.43
62.36
64.43
66.13
68.01
