155
68
89
143.14
146.26
124.22
132.73
140.49
130.36
113.43
134.81
127.24
116.27
132.26
142.95
122.99
117.59
136.99
130.74
115.99
130.93
129.04
105.2
120.24
124.22
112.39
118.92
127.24
120.53
101.32
125.73
125.07
106.34
122.99
128.09
118.44
126.86
134.15
132.16
130.18
136.23
126.96
121.57
121.66
127.91
115.23
119.2
113.62
115.23
110.88
107.57
106.34
99.52
102.55
100.28
101.89
114.19
114.38
110.31
107.38
108.51
118.73
113.24
117.31
112.58
114.19
108.8
114.38
109.74
102.17
118.54
111.07
101.89
107.75
808.4
808.77
801.68
2.51
2.77
0
4.16
6.5
1.21
4.94
5.37
3.29
0.78
5.63
-120.12
-114.58
-129.83
-118.65
-116.74
-126.02
-119.78
-121.16
-123.68
-120.38
-118.13
-119.52
-125.41
-113.28
-110.76
-128.1
-115.96
-106.78
-116.74
-116.92
-111.2
-119.78
-119.78
-118.74
-111.98
-119.86
-117.09
-115.7
-123.59
-126.02
-112.76
-119.43
-130.35
-118.3
-119.86
-135.64
-129.74
-118.65
-134.51
-131.74
-120.38
-121.77
-135.81
-125.41
-119.08
-128.7
-131.39
-117.35
-126.62
-131.48
-122.12
-118.82
-138.59
-128.53
-115.1
-125.67
-129.83
-104.09
-121.25
-127.23
-119.17
-110.76
-128.27
-123.5
-127.14
-121.6
-122.29
-111.63
-104.61
-119.26
65.25
63.2
61.4
59.38
57.56
55.81
53.72
51.88
50.12
48.06
46.18
44.3
42.37
40.65
38.62
36.76
34.97
32.98
31.23
29.26
27.44
25.64
23.61
21.72
19.79
17.95
16.19
14.18
12.27
10.53
7.97
5.32
2.87
0.12
-2.51
-5.09
-7.71
-10.16
-12.17
-14.11
-15.9
-17.88
-19.69
-21.67
-23.55
-25.39
-27.35
-29.24
-31.05
-32.97
-34.79
-36.68
-38.63
-40.45
-42.38
-44.34
-46.12
-48.07
-49.93
-51.86
-53.77
-55.59
-57.55
-59.48
-61.25
-63.2
-65.06
-66.98
-68.92
-70.77
-72.63
-73.07
-73.12
-73.14
-73.05
-73.13
-73.14
-73
-73.12
-73.12
-73.01
-73.11
-72.95
-71.9
-69.88
-67.82
-65.95
-64.02
-62.06
-60.24
-58.29
-56.47
-54.54
-52.58
-50.77
-48.88
-46.98
-45.13
-43.13
-41.31
-39.46
-37.4
-35.64
-33.78
-31.82
-30.05
-28.21
-26.26
-24.33
-22.38
-20.6
-18.41
-16.68
-14.93
-12.9
-11.08
-8.83
-6.03
-3.7
-1.08
1.63
4.19
6.96
9.38
11.45
13.5
15.26
17.15
19.17
20.93
22.83
24.67
26.62
28.61
30.3
32.16
34.22
35.91
38.01
39.73
41.59
43.66
45.39
47.27
49.19
51.12
53.13
54.87
56.75
58.83
60.51
62.43
64.5
66.18
68.07
