155
68
89
170.67
192.05
147.58
146.92
159.79
137.18
130.55
149.29
123.84
111.92
136.33
129.61
113.53
138.69
145.5
117.69
142.95
140.11
128.38
133.49
131.12
125.63
138.12
131.22
131.12
126.39
120.05
120.81
134.72
138.12
131.03
132.92
132.26
138.41
136.42
141.06
142.29
145.31
131.69
123.74
131.5
147.77
125.45
131.41
142.1
121.28
131.97
151.27
124.78
139.16
149.29
133.11
128.47
149.66
142
127.24
135.57
146.16
127.15
118.92
146.07
116.93
105.48
140.01
132.64
111.16
122.13
147.77
112.58
126.49
139.73
846.05
839.33
840.28
1.73
6.41
1.3
1.39
4.07
0.26
7.02
5.29
3.47
2.51
-0.78
-155.75
-138.15
-133.04
-146.39
-130
-132.26
-149.51
-132.86
-128.36
-146.39
-142.49
-139.89
-147.69
-147.34
-136.68
-146.3
-152.02
-125.32
-134.95
-141.62
-134.08
-117.52
-135.64
-130.52
-121.51
-137.2
-126.1
-127.4
-138.67
-146.3
-126.54
-137.11
-160.6
-144.05
-135.47
-148.9
-139.37
-141.53
-141.01
-140.41
-140.32
-137.98
-126.71
-123.5
-132.52
-134.69
-125.32
-132.86
-130.44
-139.28
-122.46
-128.27
-141.45
-134.77
-119.6
-138.33
-150.81
-118.65
-126.71
-147.51
-120.56
-120.99
-142.31
-145.61
-144.13
-131.82
-153.32
-134.69
-137.46
-147.25
65.21
63.19
61.21
59.35
57.53
55.74
53.72
51.83
49.9
48
46.14
44.24
42.34
40.48
38.58
36.68
34.82
32.93
31.05
29.2
27.38
25.58
23.59
21.68
19.91
17.93
15.99
14.15
12.26
10.5
7.89
5.27
2.67
0.05
-2.6
-5.17
-7.74
-10.3
-12.21
-14.18
-16.08
-17.93
-19.83
-21.69
-23.58
-25.44
-27.35
-29.27
-31.17
-32.99
-34.91
-36.77
-38.69
-40.48
-42.41
-44.37
-46.2
-48.1
-50.06
-51.91
-53.75
-55.71
-57.6
-59.48
-61.31
-63.29
-65.16
-67.01
-68.95
-70.78
-72.67
-72.8
-72.73
-72.8
-72.83
-72.81
-72.8
-72.79
-72.8
-72.82
-72.83
-72.81
-72.8
-72.13
-70.02
-68.02
-66.07
-64.19
-62.22
-60.38
-58.5
-56.6
-54.69
-52.74
-50.97
-49.03
-47.15
-45.28
-43.38
-41.46
-39.64
-37.68
-35.79
-33.93
-32.04
-30.19
-28.32
-26.44
-24.49
-22.52
-20.76
-18.83
-16.85
-15.1
-13.15
-11.23
-9.06
-6.29
-3.84
-1.25
1.44
3.99
6.66
9.21
11.32
13.22
15.07
17
18.9
20.77
22.66
24.56
26.42
28.49
30.15
32.01
34.05
35.77
37.69
39.56
41.43
43.53
45.24
47.08
49
50.94
52.86
54.68
56.57
58.5
60.36
62.27
64.18
66.04
67.95
