155
68
88
138.03
147.58
125.45
142.95
145.22
138.6
133.87
148.15
140.68
134.53
140.11
130.74
123.93
130.36
127.05
128.76
122.8
126.68
123.08
121.19
117.88
126.68
136.61
113.24
121.38
135.38
117.78
118.92
142.29
135.66
137.18
132.64
143.8
138.12
130.18
135.66
131.78
135.66
134.62
124.31
112.96
134.62
117.4
122.99
123.74
122.23
123.84
124.78
111.82
118.26
134.81
128.57
121.57
132.45
140.3
131.5
134.62
143.7
127.53
128.76
132.07
112.39
107.38
137.93
112.11
101.79
115.61
130.46
99.05
107.09
113.24
846.52
849.26
845.67
6.5
4.68
5.81
10.57
4.51
2.69
5.11
5.55
6.76
5.29
-132.26
-130.78
-122.64
-138.59
-128.01
-122.29
-132.26
-144.65
-124.8
-121.86
-146.39
-127.32
-131.56
-142.66
-136.25
-125.06
-136.94
-132.69
-116.83
-131.65
-127.75
-113.19
-124.37
-131.04
-129.92
-118.22
-120.99
-124.8
-129.14
-132.17
-135.64
-125.93
-126.8
-138.76
-133.82
-131.48
-134.69
-140.41
-132.34
-126.88
-123.42
-131.13
-124.8
-115.79
-119.6
-123.24
-112.84
-124.11
-143.18
-125.32
-125.84
-118.3
-130.7
-138.33
-138.93
-127.32
-137.2
-129.74
-112.93
-143.27
-139.97
-119.34
-138.76
-142.14
-115.7
-119.78
-138.67
-139.63
-112.93
-127.14
-134.25
64.97
63.14
61.18
59.3
57.44
55.71
53.66
51.76
49.84
47.98
46.07
44.18
42.3
40.55
38.51
36.62
34.75
32.89
31
29.14
27.28
25.54
23.53
21.63
19.72
17.89
15.98
14.09
12.2
10.43
7.82
5.21
2.58
-0.01
-2.54
-5.21
-7.8
-10.26
-12.26
-14.2
-16.09
-17.99
-19.89
-21.71
-23.64
-25.49
-27.44
-29.3
-31.23
-33.04
-34.97
-36.76
-38.7
-40.57
-42.48
-44.45
-46.26
-48.18
-50.15
-51.96
-53.83
-55.69
-57.65
-59.52
-61.45
-63.31
-65.2
-67.06
-69.05
-70.8
-72.75
-73.04
-73.05
-73.04
-73.02
-73.07
-73.04
-72.96
-73.06
-73.06
-73.05
-73.04
-72.98
-72.12
-70.02
-67.91
-66.02
-64.13
-62.2
-60.33
-58.46
-56.56
-54.64
-52.68
-50.85
-49.02
-47.05
-45.22
-43.32
-41.41
-39.56
-37.52
-35.74
-33.86
-31.97
-30.15
-28.25
-26.41
-24.44
-22.46
-20.7
-18.76
-16.9
-15.01
-13.08
-11.15
-8.99
-6.18
-3.77
-1.17
1.51
4.1
6.68
9.31
11.33
13.39
15.17
17.06
18.94
20.81
22.74
24.59
26.49
28.55
30.21
32.08
33.98
35.84
37.77
39.63
41.53
43.5
45.27
47.14
49.09
51.01
52.92
54.76
56.66
58.72
60.4
62.33
64.26
66.08
68.01
