155
68
89
156.29
151.65
157.61
134.53
134.91
141.34
125.92
139.07
137.37
125.16
139.73
137.65
119.58
133.96
141.34
139.73
127.43
152.6
123.55
110.03
137.55
134.81
117.31
134.05
140.77
115.7
127.91
144.37
128.38
122.04
147.96
140.77
125.54
142.19
151.56
131.22
141.62
154.87
134.81
134.81
148.43
127.91
119.96
137.37
139.92
113.34
136.61
143.61
126.11
124.97
135.38
121.19
123.93
143.7
136.51
116.74
142.29
132.73
114.76
129.99
148.06
125.63
141.06
155.44
137.55
118.07
138.41
168.11
120.24
127.15
151.75
860.71
857.4
852.67
2.34
2.51
2.69
3.03
2.95
-0.52
3.47
1.21
0.17
8.84
0.95
-150.03
-125.67
-140.84
-158.17
-125.67
-132.52
-148.03
-137.63
-112.93
-134.86
-140.32
-118.91
-132.17
-142.4
-113.71
-110.94
-128.62
-120.99
-113.45
-122.46
-138.76
-121.86
-126.8
-135.38
-127.49
-117.09
-140.41
-131.82
-134.77
-144.74
-145.52
-128.36
-133.73
-153.75
-130.26
-126.88
-142.05
-139.54
-123.24
-134.34
-137.89
-118.91
-133.73
-139.8
-122.64
-125.67
-137.29
-129.66
-114.49
-136.68
-141.1
-125.93
-125.15
-138.33
-124.37
-127.23
-130.52
-133.21
-131.22
-129.74
-131.56
-127.32
-134.17
-133.04
-133.47
-141.27
-134.34
-143.44
-165.63
-141.53
65.14
63.13
61.23
59.5
57.49
55.61
53.72
51.81
50.03
48
46.11
44.34
42.31
40.58
38.55
36.66
34.95
32.95
30.99
29.32
27.37
25.4
23.55
21.68
19.88
17.87
16.01
14.25
12.18
10.46
7.9
5.24
2.76
0.04
-2.64
-5.2
-7.74
-10.22
-12.22
-14.15
-15.93
-17.97
-19.82
-21.6
-23.61
-25.53
-27.4
-29.27
-31.09
-33.03
-34.92
-36.79
-38.68
-40.51
-42.44
-44.39
-46.17
-48.13
-50.1
-51.83
-53.79
-55.66
-57.59
-59.52
-61.3
-63.28
-65.13
-67.01
-68.98
-70.77
-72.68
-72.89
-72.77
-72.87
-72.87
-72.87
-72.86
-72.79
-72.87
-72.89
-72.78
-72.87
-72.83
-71.98
-69.95
-67.95
-66
-64.1
-62.14
-60.3
-58.43
-56.45
-54.61
-52.64
-50.85
-48.93
-46.97
-45.18
-43.28
-41.35
-39.5
-37.51
-35.7
-33.82
-31.88
-30.11
-28.22
-26.22
-24.42
-22.42
-20.66
-18.75
-16.77
-15.01
-13.04
-11.14
-8.91
-6.13
-3.76
-1.09
1.68
4.12
6.71
9.53
11.41
13.33
15.21
17.07
19.1
20.87
22.73
24.76
26.55
28.52
30.24
32.09
34.14
35.9
37.73
39.63
41.55
43.59
45.31
47.2
49.25
51.03
52.97
54.94
56.69
58.6
60.48
62.36
64.41
66.14
68.06
