155
68
89
133.58
126.77
144.08
126.68
127.24
153.83
123.27
141.53
130.46
115.8
124.12
123.08
110.12
126.86
126.01
113.9
121.57
143.89
107.19
97.63
138.78
115.04
91.1
135.19
126.2
104.44
121.95
129.8
123.84
111.25
135.66
120.72
112.86
140.11
126.86
122.23
135.28
145.79
132.73
130.84
144.18
118.73
108.04
133.58
121.66
116.55
141.15
139.92
121.19
133.68
133.58
111.63
129.14
142.19
124.31
119.01
138.12
132.45
113.15
133.68
139.64
119.01
126.3
142.85
124.88
103.97
143.14
124.22
98.86
131.69
144.74
823.63
816.53
815.3
-1.73
1.47
-2.08
1.39
1.47
-2.51
0.61
2.69
-3.29
0.26
0.09
-145.78
-126.54
-117.7
-136.68
-135.47
-124.28
-142.4
-133.13
-129.14
-129.57
-134.51
-117.78
-134.25
-149.07
-123.16
-117.96
-138.5
-133.73
-123.33
-139.37
-140.15
-120.56
-125.24
-135.73
-119
-121.25
-144.65
-138.93
-129.57
-138.76
-149.59
-125.32
-133.21
-148.99
-133.21
-131.56
-134.08
-131.3
-136.07
-116.31
-125.5
-122.29
-117.61
-130.26
-118.3
-134.69
-131.48
-136.59
-139.45
-140.41
-140.67
-135.81
-126.97
-133.82
-121.51
-136.94
-126.71
-133.56
-148.21
-134.34
-127.14
-138.07
-140.23
-124.46
-167.71
-151.33
-140.84
-143.44
-177.24
-159.99
65.14
63.1
61.21
59.3
57.49
55.73
53.68
51.81
50.01
47.97
46.19
44.2
42.26
40.56
38.51
36.64
34.92
32.91
30.98
29.15
27.36
25.52
23.51
21.67
19.85
17.85
16.14
14.09
12.18
10.43
7.88
5.16
2.72
0.03
-2.71
-5.16
-7.75
-10.23
-12.26
-14.19
-15.99
-17.98
-19.85
-21.72
-23.65
-25.47
-27.4
-29.34
-31.12
-33.02
-34.87
-36.82
-38.69
-40.57
-42.48
-44.41
-46.19
-48.17
-50.11
-51.91
-53.83
-55.74
-57.6
-59.55
-61.37
-63.32
-65.1
-67.08
-69.01
-70.8
-72.66
-72.74
-72.65
-72.74
-72.66
-72.76
-72.76
-72.67
-72.75
-72.76
-72.64
-72.75
-72.7
-72.07
-70
-67.96
-66.02
-64.1
-62.17
-60.33
-58.43
-56.57
-54.65
-52.68
-50.88
-48.94
-46.99
-45.22
-43.25
-41.37
-39.55
-37.55
-35.73
-33.87
-31.92
-30.13
-28.26
-26.34
-24.43
-22.42
-20.71
-18.76
-16.75
-14.99
-13.09
-11.17
-8.96
-6.12
-3.78
-1.17
1.67
4.08
6.86
9.32
11.35
13.4
15.18
17.07
19.07
20.81
22.74
24.63
26.51
28.55
30.24
32.09
34.09
35.85
37.88
39.62
41.53
43.6
45.26
47.19
49.2
51.01
53.04
54.78
56.67
58.57
60.42
62.35
64.37
66.08
68.02
