155
68
88
175.96
151.84
135.1
159.69
158.75
139.35
148.25
152.88
144.37
147.96
158.46
159.12
145.41
161.87
177.57
146.26
146.45
155.53
134.53
135.19
140.87
138.97
128.09
123.74
131.97
123.93
120.05
121.28
125.82
136.33
135
131.69
143.52
138.31
125.35
131.78
133.3
136.33
126.96
127.62
116.55
116.27
124.03
118.63
121.28
113.62
120.15
113.43
92.81
121.76
123.27
108.13
119.01
124.59
117.21
117.31
119.2
123.27
115.7
125.63
124.88
117.59
117.21
126.3
115.89
111.44
121.38
119.49
110.59
126.01
126.68
820.41
816.25
811.23
1.56
1.39
-1.56
-1.65
-0.26
-1.91
0.52
1.65
1.99
-7.97
-112.06
-128.44
-116.92
-130.52
-133.91
-115.44
-130.35
-130.26
-128.27
-120.12
-133.73
-122.81
-118.13
-131.48
-126.36
-109.64
-114.75
-118.48
-108.42
-110.42
-133.47
-122.2
-104.52
-130.18
-125.58
-109.64
-128.36
-135.55
-122.9
-129.05
-134.51
-129.4
-118.91
-145
-130.96
-121.25
-127.49
-134.51
-125.06
-126.97
-128.79
-127.58
-128.1
-136.16
-127.32
-119
-135.81
-142.14
-132.6
-142.75
-146.65
-133.3
-144.05
-164.85
-150.2
-140.32
-170.65
-156.18
-125.06
-151.76
-146.99
-123.42
-131.3
-144.13
-123.33
-129.05
-150.11
-161.55
-124.28
-145.43
-180.79
65.17
63.1
61.18
59.31
57.44
55.54
53.66
51.78
50
47.97
46.06
44.18
42.29
40.43
38.53
36.62
34.92
32.89
30.99
29.15
27.32
25.4
23.53
21.64
19.87
17.86
15.98
14.1
12.16
10.31
7.85
5.22
2.73
-0.02
-2.68
-5.21
-7.8
-10.34
-12.26
-14.22
-15.99
-17.98
-19.86
-21.78
-23.62
-25.61
-27.43
-29.33
-31.13
-33.05
-34.96
-36.82
-38.73
-40.62
-42.48
-44.41
-46.2
-48.16
-50.1
-51.95
-53.81
-55.71
-57.6
-59.56
-61.36
-63.31
-65.18
-67.07
-69.03
-70.86
-72.74
-73.04
-72.94
-73.04
-73.05
-73.06
-73.04
-73.04
-73.06
-73.05
-72.97
-73.04
-72.97
-72.02
-69.99
-67.95
-65.99
-64.13
-62.15
-60.3
-58.45
-56.54
-54.66
-52.74
-50.88
-48.96
-46.99
-45.24
-43.31
-41.39
-39.53
-37.62
-35.74
-33.84
-31.91
-30.15
-28.24
-26.35
-24.45
-22.55
-20.7
-18.8
-16.77
-15
-13.11
-11.17
-8.94
-6.33
-3.76
-1.17
1.64
4.06
6.67
9.29
11.34
13.33
15.18
17.05
19.07
20.84
22.71
24.59
26.55
28.39
30.19
32.08
34.1
35.8
37.77
39.62
41.5
43.43
45.27
47.19
49.26
50.99
52.91
54.76
56.68
58.57
60.42
62.31
64.39
66.09
67.99
