155
68
89
151.75
156.57
136.8
137.18
154.96
149.76
146.07
160.73
154.87
142.19
154.11
140.39
130.65
143.99
152.12
129.7
117.12
135.38
121.09
102.17
130.46
133.58
107
120.34
123.36
108.89
100
122.7
113.43
108.61
127.15
126.58
99.81
127.43
115.99
105.86
116.84
126.96
101.7
108.8
124.5
109.74
96.88
117.4
111.16
98.67
112.48
98.96
95.46
113.62
113.62
97.63
97.63
121.76
122.32
118.26
119.11
116.74
121.66
119.96
118.82
114.28
111.44
126.2
103.59
111.63
123.93
126.86
115.23
127.15
122.61
734.04
723.72
726.75
4.25
4.77
2.43
5.2
2.95
3.29
2.69
4.07
6.15
-0.17
-3.81
-138.41
-130.52
-137.29
-125.58
-114.4
-116.92
-126.62
-111.02
-116.66
-117.78
-114.92
-119.34
-127.75
-119.6
-112.24
-126.36
-125.67
-109.03
-115.53
-120.82
-109.12
-111.02
-121.25
-122.46
-110.24
-118.3
-119.95
-105.82
-116.48
-115.88
-116.74
-114.06
-122.9
-120.3
-109.38
-126.97
-125.84
-119.34
-130.52
-132.69
-116.66
-122.38
-132.95
-121.77
-114.14
-132.52
-127.75
-114.75
-134.25
-130.61
-108.68
-126.36
-148.29
-133.99
-135.03
-151.07
-137.37
-130.18
-143.18
-146.3
-136.94
-140.67
-141.45
-136.94
-139.71
-132.52
-138.5
-124.98
-131.48
-132
65.19
63.14
61.25
59.36
57.52
55.77
53.72
51.83
49.91
48.01
46.17
44.24
42.34
40.6
38.59
36.66
34.79
32.93
31.05
29.19
27.37
25.61
23.59
21.68
19.76
17.89
16.03
14.16
12.24
10.43
7.93
5.28
2.6
0.07
-2.59
-5.18
-7.71
-10.22
-12.23
-14.15
-16.03
-17.92
-19.82
-21.69
-23.58
-25.42
-27.32
-29.3
-31.18
-32.97
-34.89
-36.77
-38.65
-40.5
-42.39
-44.37
-46.2
-48.11
-50.05
-51.86
-53.77
-55.64
-57.57
-59.49
-61.35
-63.24
-65.11
-66.99
-68.97
-70.84
-72.66
-72.8
-72.78
-72.79
-72.8
-72.78
-72.79
-72.7
-72.78
-72.76
-72.79
-72.77
-72.8
-72.03
-69.94
-67.9
-65.98
-64.05
-62.06
-60.26
-58.4
-56.5
-54.58
-52.64
-50.8
-48.93
-47
-45.16
-43.24
-41.34
-39.5
-37.49
-35.68
-33.82
-31.84
-30.09
-28.18
-26.28
-24.39
-22.39
-20.66
-18.72
-16.81
-14.97
-13.03
-11.1
-8.89
-6.11
-3.66
-1.1
1.58
4.21
6.79
9.35
11.43
13.48
15.21
17.11
19.17
20.89
22.79
24.66
26.63
28.58
30.26
32.13
34.03
35.9
37.81
39.61
41.58
43.62
45.34
47.21
49.15
51.08
52.97
54.83
56.7
58.79
60.47
62.4
64.43
66.16
68.08
