155
68
88
169.25
151.93
148.72
153.26
164.8
169.25
171.9
174.07
147.96
168.3
173.13
159.6
158.75
171.23
166.31
138.03
153.64
166.88
135.85
138.03
153.64
142.1
135.47
153.54
146.64
134.43
143.33
165.65
139.26
143.14
165.27
148.25
155.72
168.87
159.6
160.07
166.6
158.75
149.38
155.53
152.41
139.35
141.62
143.61
136.51
138.78
153.73
151.84
140.49
154.58
149.19
137.84
159.6
151.56
139.83
144.65
152.03
147.02
121.47
142.29
150.04
120.15
145.97
154.02
139.16
123.46
143.04
134.34
109.93
129.51
139.35
828.17
821.17
817.95
2.69
1.3
4.07
1.65
3.38
0.43
2.51
2.69
-3.9
-0.87
-122.9
-149.07
-130.52
-148.29
-155.23
-133.91
-146.82
-153.49
-143.27
-133.47
-157.48
-137.81
-132.78
-156.53
-163.63
-132.08
-139.28
-158.52
-142.31
-128.53
-142.83
-141.71
-139.02
-140.32
-136.33
-121.51
-138.5
-144.48
-134.43
-138.07
-148.21
-148.73
-151.07
-146.99
-160.25
-146.3
-138.33
-163.55
-140.93
-137.2
-150.98
-140.49
-131.13
-144.74
-136.33
-135.38
-151.41
-153.06
-136.33
-144.91
-154.01
-145.95
-141.53
-159.82
-147.6
-143.79
-156.09
-158.26
-137.29
-152.11
-156.61
-148.99
-144.22
-156.7
-153.23
-152.02
-142.05
-151.15
-142.4
-141.36
-147.6
65.26
63.21
61.29
59.42
57.56
55.65
53.79
51.83
50.11
48.1
46.18
44.3
42.41
40.53
38.63
36.72
34.87
33.04
31.13
29.27
27.44
25.52
23.64
21.76
19.95
17.89
16.09
14.34
12.26
10.43
8.04
5.32
2.91
0.15
-2.54
-5.02
-7.64
-10.23
-12.15
-14.09
-16.02
-17.88
-19.77
-21.67
-23.51
-25.47
-27.3
-29.22
-31.03
-32.94
-34.83
-36.72
-38.58
-40.53
-42.37
-44.3
-46.05
-48.06
-50
-51.76
-53.72
-55.64
-57.51
-59.42
-61.25
-63.19
-65.07
-66.95
-68.89
-70.74
-72.62
-72.87
-72.84
-72.85
-72.87
-72.87
-72.87
-72.9
-72.88
-72.85
-72.77
-72.87
-72.81
-71.9
-69.9
-67.82
-65.88
-64.02
-62.03
-60.2
-58.33
-56.4
-54.54
-52.62
-50.81
-48.88
-46.93
-45.12
-43.21
-41.29
-39.45
-37.5
-35.62
-33.74
-31.81
-30.05
-28.14
-26.22
-24.32
-22.43
-20.59
-18.66
-16.67
-14.9
-12.99
-11.06
-8.8
-6.12
-3.64
-1
1.65
4.22
6.86
9.49
11.44
13.34
15.26
17.14
19.17
20.97
22.85
24.71
26.62
28.5
30.31
32.18
34.17
35.94
37.89
39.89
41.61
43.53
45.39
47.29
49.35
51.09
53.01
54.86
56.75
58.67
60.55
62.43
64.37
66.22
68.11
