155
68
88
149.48
154.49
133.87
143.42
150.52
138.88
142.95
152.5
137.37
132.82
163.85
147.3
113.71
145.97
151.65
115.04
126.96
149.19
123.65
114
144.18
133.68
117.4
142.76
138.97
119.01
139.54
142.85
125.45
125.35
145.6
142
123.18
144.74
154.02
123.36
137.08
148.62
130.08
126.77
142.95
128.28
112.11
137.93
135.38
112.77
131.31
135.57
122.32
117.59
138.97
135.28
116.55
146.54
154.3
118.44
142.1
153.73
123.18
132.54
149.1
127.05
119.3
137.46
140.39
103.5
124.59
138.22
104.16
121.85
132.35
764.69
761.47
755.04
-3.81
3.38
0.69
-0.43
-0.61
-1.3
-0.61
6.24
-2.17
-0.78
-125.76
-145.78
-127.66
-145.95
-139.97
-118.3
-142.75
-150.03
-126.88
-135.99
-148.99
-141.1
-140.15
-154.01
-146.47
-127.23
-148.9
-150.55
-125.15
-146.21
-150.72
-122.81
-135.64
-135.73
-137.81
-120.82
-138.33
-134.51
-113.71
-135.21
-155.83
-128.27
-135.21
-152.97
-143.7
-128.62
-147.17
-147.51
-128.96
-142.14
-144.13
-125.24
-131.56
-145.35
-123.5
-120.04
-141.71
-138.33
-117.61
-143.09
-145.26
-130.78
-138.5
-151.59
-132.78
-128.44
-150.03
-143.09
-118.22
-145
-155.14
-124.8
-142.14
-144.74
-142.4
-135.12
-151.15
-155.49
-121.51
-132.69
-136.85
65.17
63.11
61.17
59.31
57.5
55.59
53.71
51.8
49.86
48
46.11
44.21
42.31
40.59
38.58
36.65
34.9
32.93
30.99
29.19
27.36
25.57
23.55
21.69
19.91
17.88
16.02
14.11
12.16
10.33
7.89
5.24
2.56
0.04
-2.62
-5.22
-7.75
-10.22
-12.25
-14.19
-15.96
-17.98
-19.85
-21.71
-23.58
-25.45
-27.39
-29.3
-31.11
-33.02
-34.92
-36.75
-38.72
-40.58
-42.42
-44.39
-46.22
-48.14
-50.07
-51.93
-53.83
-55.66
-57.64
-59.51
-61.35
-63.3
-65.16
-67.05
-69
-70.79
-72.69
-72.87
-72.78
-72.88
-72.86
-72.85
-72.87
-72.9
-72.87
-72.87
-72.87
-72.86
-72.86
-72.02
-69.96
-67.92
-65.97
-64.1
-62.13
-60.27
-58.43
-56.54
-54.61
-52.64
-50.84
-48.92
-46.95
-45.21
-43.26
-41.39
-39.53
-37.59
-35.71
-33.81
-31.98
-30.09
-28.25
-26.32
-24.39
-22.42
-20.66
-18.74
-16.75
-15
-13.05
-11.11
-8.92
-6.24
-3.76
-1.09
1.67
4.12
6.75
9.3
11.38
13.43
15.2
17.08
19.1
20.84
22.73
24.63
26.55
28.53
30.22
32.11
34.13
35.87
37.8
39.64
41.53
43.47
45.29
47.21
49.1
51.03
52.92
54.77
56.67
58.76
60.46
62.35
64.44
66.14
68.04
