155
68
88
146.26
160.73
121.38
134.91
153.16
134.81
135.95
157.33
139.73
128.76
134.53
142.85
127.91
133.11
139.83
132.64
136.33
139.54
140.3
129.32
128.47
153.07
138.03
134.15
137.84
129.51
128.38
136.7
141.53
128.47
141.24
148.06
121.09
145.41
144.65
128.09
128.19
145.88
126.01
118.63
132.35
128.28
120.72
124.5
137.08
115.42
114.85
124.59
110.4
97.16
127.43
123.18
106.34
127.62
128.76
119.86
130.36
127.05
115.8
116.46
129.32
126.49
114.47
121.95
120.53
98.58
106.62
120.81
109.36
105.2
116.08
807.83
797.71
801.49
3.29
4.59
3.55
1.3
2.69
1.21
-1.04
2.95
1.65
-3.38
-130.61
-121.94
-114.75
-123.59
-108.25
-116.31
-123.76
-120.99
-106.34
-116.31
-125.84
-113.97
-120.56
-129.48
-128.1
-120.3
-130.18
-113.71
-104.52
-122.38
-117.96
-110.33
-112.76
-136.16
-119.26
-124.11
-134.51
-127.75
-116.31
-132.34
-124.28
-121.08
-135.9
-141.88
-123.16
-128.01
-136.77
-135.03
-128.62
-138.33
-139.8
-125.93
-137.03
-131.39
-119.86
-128.36
-141.27
-128.1
-127.14
-143.87
-122.12
-121.94
-139.45
-140.06
-122.03
-127.23
-133.73
-111.28
-109.29
-139.89
-126.71
-117.35
-138.33
-144.39
-115.79
-130.18
-138.41
-121.68
-109.81
-131.39
-131.48
65.89
63.82
61.9
60.03
58.2
56.28
54.33
52.51
50.77
48.68
46.81
44.88
43.05
41.16
39.24
37.38
35.63
33.63
31.67
29.87
28.05
26.19
24.25
22.36
20.58
18.57
16.7
14.81
12.94
11.04
8.85
6.18
3.67
1.05
-1.65
-4.25
-6.8
-9.49
-11.55
-13.46
-15.28
-17.21
-19.14
-21.04
-22.89
-24.74
-26.69
-28.59
-30.45
-32.35
-34.21
-36.11
-37.98
-39.92
-41.73
-43.7
-45.48
-47.43
-49.35
-51.24
-53.12
-55.02
-56.94
-58.79
-60.64
-62.58
-64.46
-66.34
-68.25
-70.14
-71.99
-72.85
-72.74
-72.84
-72.87
-72.86
-72.84
-72.87
-72.9
-72.87
-72.78
-72.86
-72.66
-71.14
-69.25
-67.2
-65.24
-63.38
-61.41
-59.59
-57.69
-55.83
-53.92
-52.02
-50.17
-48.21
-46.28
-44.51
-42.57
-40.67
-38.83
-36.87
-35.02
-33.15
-31.2
-29.41
-27.51
-25.66
-23.71
-21.82
-19.91
-18
-16.07
-14.3
-12.33
-10.46
-7.96
-5.31
-2.75
-0.1
2.64
5.05
7.73
10.22
12.09
14.02
15.91
17.77
19.75
21.55
23.49
25.33
27.24
29.11
30.93
32.85
34.83
36.58
38.51
40.34
42.23
44.28
46.01
47.91
49.99
51.73
53.62
55.49
57.42
59.27
61.16
63.04
65.11
66.8
68.75
