128
52
77
122.8
122.61
123.27
131.03
130.08
131.03
141.72
133.77
140.11
135.38
124.97
133.11
125.73
120.62
126.39
118.16
131.78
122.13
117.12
131.5
164.61
121.76
137.84
143.89
144.37
137.74
129.14
135.66
126.68
117.97
117.21
119.49
126.77
120.15
110.12
116.93
120.53
121
139.35
134.53
129.89
134.81
129.8
140.96
131.5
133.77
151.75
132.26
130.65
140.77
126.39
120.15
135.76
120.34
129.51
140.01
116.84
128.57
121.19
129.32
1004.89
974.52
973.57
1.65
0.43
83.38
1.04
13.35
0.35
1.73
1.3
-132.95
-130.09
-144.57
-129.83
-140.49
-133.13
-145.78
-128.53
-69.25
-140.15
-134.17
-54.6
-145.35
-134.43
-126.97
-134.69
-139.02
-122.81
-122.72
-129.57
-142.49
-124.8
-121.68
-126.97
-122.98
-122.29
-135.73
-141.88
-121.86
-117.78
-121.68
-137.81
-126.71
-125.41
-113.02
-129.22
-130.61
-120.04
-118.04
-124.28
-119.86
-113.97
-120.9
-116.31
-117.78
-121.16
-115.18
-144.05
-132.08
-128.79
-137.98
-133.56
-130.7
-130.35
-116.48
-127.84
-108.16
65.68
63.38
60.73
58.13
55.63
53.16
50.57
48.25
45.61
43.05
40.45
37.95
35.48
32.94
30.46
27.9
25.45
23.16
20.52
17.88
15.54
12.93
10.34
7.11
3.43
-0.01
-3.31
-6.8
-10.28
-12.92
-15.22
-17.86
-20.39
-22.91
-25.46
-28.04
-30.62
-32.81
-35.42
-37.87
-40.58
-42.99
-45.67
-48.19
-50.49
-53.12
-55.63
-58.2
-60.83
-63.04
-65.78
-68.27
-70.83
-73.42
-75.91
-78.18
-80.86
-83.36
-85.98
-88.48
-89.18
-89.18
-89.17
-89.16
-89.2
-89.18
-89.2
-89.17
-88.96
-86.62
-83.82
-81.38
-78.73
-76.51
-73.9
-71.32
-68.78
-66.27
-63.82
-61.14
-58.94
-56.35
-53.7
-51.17
-48.64
-46.34
-43.8
-41.22
-38.61
-36
-33.6
-31.28
-28.7
-26.04
-23.52
-20.94
-18.63
-16.05
-13.39
-10.63
-7.71
-4.38
-0.69
2.81
6.29
9.64
12.29
14.94
17.47
19.69
22.29
24.97
27.47
29.98
32.21
34.87
37.46
39.96
42.55
45.06
47.53
50.09
52.63
54.96
57.64
60.2
62.74
65.28
