125
50
75
123.84
123.08
132.54
124.78
141.53
144.93
132.35
137.55
126.49
130.36
145.12
117.78
121.38
123.65
112.48
123.55
117.12
124.31
132.92
127.24
129.32
143.23
143.52
143.99
130.08
137.65
141.72
121.47
128.66
117.69
117.03
127.24
113.24
119.49
131.59
120.72
139.92
145.5
133.3
141.81
131.88
145.12
140.58
133.77
137.08
139.73
131.5
141.62
145.69
135.19
133.39
135.76
126.49
147.49
141.15
127.15
140.11
135.66
1076.88
1048.12
1046.04
-1.39
47.41
-1.3
-2.17
-1.73
-1.04
-0.43
-3.03
-139.02
-141.53
-138.33
-151.5
-150.03
-143.44
-165.71
-132.17
-143.87
-148.38
-137.03
-133.13
-148.99
-136.42
-138.59
-144.74
-145.69
-132.69
-135.03
-133.3
-150.2
-123.85
-130.35
-128.96
-128.7
-133.56
-141.27
-122.98
-133.82
-133.56
-138.5
-109.2
-135.73
-137.37
-138.59
-133.21
-135.03
-116.22
-125.32
-125.58
-112.41
-117.18
-127.14
-111.46
-128.1
-126.02
-122.9
-138.41
-131.22
-136.07
-138.59
-133.47
-145.52
-130.7
-119.78
-134.86
62.03
59.13
56.93
54.5
51.95
49.35
46.88
44.51
41.53
39.3
36.76
34.26
31.67
29.42
26.66
23.96
21.76
19.22
16.65
14
11.74
8.93
4.88
2.01
-1.69
-5.01
-8.35
-11.54
-13.87
-17
-19.14
-21.53
-24.15
-26.86
-29.22
-31.7
-34.18
-36.77
-39.13
-41.76
-44.82
-46.78
-49.32
-51.82
-54.39
-57
-59.42
-62.47
-64.46
-66.91
-69.51
-72.05
-74.49
-77.03
-79.81
-82.09
-84.58
-87.16
-89.15
-89.16
-89.15
-89.16
-89.16
-89.14
-89.16
-89.15
-88.57
-85.74
-83.18
-80.67
-78.2
-75.54
-72.8
-70.51
-68.03
-65.55
-63.01
-60.65
-58.03
-55.6
-53.02
-50.4
-47.97
-44.98
-42.67
-40.37
-37.73
-35.26
-32.78
-30.24
-27.7
-25.23
-22.66
-20.18
-17.72
-14.46
-12.2
-9.55
-5.85
-3.03
0.64
3.92
7.99
10.73
13.17
15.73
18.05
20.73
23.31
26.3
28.22
30.76
33.26
35.99
38.35
40.66
43.16
46.24
48.41
51.01
53.43
56.06
58.53
60.99
64.21
