126
51
76
122.7
121
127.62
129.61
126.96
138.88
135.38
130.36
136.99
125.45
127.72
125.82
115.13
130.65
121.66
113.15
123.84
121.19
128.09
134.15
124.31
133.58
145.97
143.7
143.33
129.04
140.96
140.49
122.99
123.46
115.89
123.74
124.5
112.67
119.67
125.16
120.43
127.43
138.31
131.22
137.55
137.08
141.81
139.83
134.43
136.23
143.89
127.34
139.64
142.66
128.09
134.81
133.68
122.8
144.27
140.58
133.49
141.62
136.23
904.42
889.57
887.01
0.17
2.34
-2.25
0.43
1.21
0.87
3.12
85.89
-136.94
-136.07
-137.98
-140.41
-141.45
-137.2
-138.93
-129.05
-139.89
-144.74
-131.22
-132.43
-143.27
-133.13
-134.6
-136.33
-140.67
-126.62
-126.45
-131.74
-139.45
-113.88
-123.59
-121.86
-124.46
-127.14
-134.77
-125.32
-128.01
-124.2
-138.67
-139.02
-127.49
-128.01
-133.3
-129.22
-131.56
-122.2
-122.12
-123.5
-119.78
-113.54
-122.38
-105.39
-122.9
-120.12
-118.65
-136.94
-130.87
-136.42
-127.66
-131.13
-138.93
-126.19
-117.09
-125.93
64.8
62.23
59.89
57.34
54.68
52.16
49.55
47.15
44.65
42.08
39.46
37.02
34.67
32.04
29.52
26.92
24.49
22.16
19.54
16.94
14.59
11.96
9.2
5.69
2.07
-1.02
-4.71
-8.12
-11.23
-13.84
-16.43
-18.68
-21.38
-23.88
-26.43
-28.95
-31.36
-33.87
-36.48
-38.85
-41.53
-44.04
-46.64
-49.15
-51.57
-54.15
-56.64
-59.25
-61.82
-64.33
-66.62
-69.24
-71.84
-74.33
-76.86
-79.33
-81.95
-84.45
-86.93
-88.56
-88.54
-88.59
-88.6
-88.59
-88.61
-88.59
-88.57
-88.03
-85.43
-82.65
-80.23
-77.56
-75.27
-72.65
-70.05
-67.52
-65.02
-62.47
-60.16
-57.44
-54.88
-52.56
-49.99
-47.34
-44.82
-42.24
-40.03
-37.3
-34.86
-32.23
-29.76
-27.3
-24.72
-22.22
-19.62
-17.07
-14.83
-12.13
-9.3
-5.84
-2.42
1.09
4.55
8.09
10.94
13.61
16.11
18.68
21
23.57
26.18
28.69
31.16
33.79
36.25
38.59
41.22
43.72
46.3
48.81
51.42
53.92
56.21
58.88
61.41
63.98
