126
51
76
123.65
125.63
133.2
135
129.51
138.12
145.79
139.83
140.3
133.58
126.68
133.39
122.99
128.85
127.72
115.51
131.22
118.35
120.34
133.11
127.05
125.35
141.91
143.33
149.57
136.42
131.03
138.22
126.77
121.28
116.08
132.92
136.89
122.51
122.32
121.47
127.53
124.4
147.02
137.55
139.26
143.14
138.69
148.81
136.42
137.84
142.85
134.05
129.99
139.73
127.62
129.23
137.46
127.43
142.66
145.88
122.61
133.11
134.05
579.74
987.39
983.04
-7.02
-4.33
14.82
-3.81
-5.89
-3.21
-9.19
-5.2
-132.86
-149.68
-142.92
-150.98
-145.26
-146.56
-142.83
-136.16
-147.51
-146.99
-139.11
-146.99
-150.2
-130.61
-143.09
-147.17
-133.65
-129.92
-135.21
-145.78
-141.36
-114.92
-135.38
-122.72
-131.04
-141.88
-142.4
-122.9
-132.95
-132.86
-143.01
-137.03
-128.27
-138.33
-137.81
-135.03
-135.21
-127.84
-130.26
-120.56
-115.96
-121.34
-129.83
-119.78
-132.34
-129.66
-135.99
-142.31
-130.87
-143.7
-140.06
-135.03
-143.53
-128.44
-113.02
-134.25
64.63
62.03
59.55
57.25
54.6
52.04
49.44
46.99
44.38
41.83
39.33
37.09
34.45
31.9
29.37
26.87
24.3
21.95
19.28
16.79
14.23
11.68
9.22
5.49
2.06
-1.46
-4.72
-8.48
-11.46
-14.02
-16.37
-18.97
-21.57
-24.06
-26.68
-29.03
-31.65
-34.11
-36.55
-39.16
-41.77
-44.1
-46.61
-49.21
-51.82
-54.26
-56.63
-59.42
-61.94
-64.18
-66.86
-69.42
-71.94
-74.46
-76.93
-79.39
-81.98
-84.52
-87.14
-89.5
-89.74
-89.75
-89.75
-89.74
-89.73
-89.74
-89.73
-88.38
-85.45
-82.8
-80.28
-77.76
-75.46
-72.74
-70.24
-67.75
-65.18
-62.82
-60.25
-57.63
-55.14
-52.57
-50.25
-47.59
-45.15
-42.55
-39.98
-37.49
-34.92
-32.43
-30.16
-27.44
-24.94
-22.44
-19.88
-17.31
-14.97
-12.26
-9.6
-6.05
-2.6
0.65
4.38
7.8
10.9
13.61
16
18.53
21.06
23.66
25.99
28.6
30.99
33.6
36.11
38.4
41.03
43.57
46.17
48.73
51.04
53.72
56.2
58.77
61.42
63.65
