128
52
77
121.47
127.53
125.54
133.01
131.88
133.77
143.99
135
140.77
140.2
125.35
135.19
123.93
121.57
130.65
117.5
133.68
122.99
120.43
138.6
133.77
124.03
146.83
149.29
153.54
144.65
126.68
142.47
133.96
122.8
123.08
122.42
127.24
119.2
113.9
119.49
123.36
120.15
142.57
131.69
130.36
143.61
128.85
145.31
138.03
135.38
143.61
135.66
132.35
146.73
132.73
130.36
141.15
128.57
133.3
152.22
138.69
145.6
139.83
149.66
1015.96
1010.85
1010.19
-2.17
0.43
-0.95
48.19
0.09
173.95
1.65
1.04
-146.65
-138.41
-150.55
-148.81
-155.57
-145.17
-148.12
-139.02
-144.05
-143.87
-146.91
-128.7
-157.65
-145.95
-132.17
-145.95
-143.79
-129.14
-135.38
-135.12
-147.34
-137.2
-128.27
-132.17
-128.53
-130.52
-142.31
-135.21
-130.78
-131.91
-133.65
-144.74
-135.03
-132.17
-141.1
-131.82
-140.49
-128.01
-127.75
-132.43
-121.94
-122.12
-129.92
-121.08
-123.07
-127.14
-120.3
-141.19
-141.53
-131.3
-143.09
-139.11
-141.01
-134.43
-122.29
-132.17
-128.79
62.77
60.65
58.01
55.76
52.63
50.61
48.18
45.5
42.85
40.51
37.88
35.37
32.82
30.53
27.91
25.15
23.05
20.41
18.02
15.4
12.77
10.36
6.97
3.41
0.2
-3.48
-7.25
-10.33
-12.95
-15.31
-17.92
-20.75
-23.03
-26.01
-27.94
-30.68
-32.93
-35.44
-38.04
-40.57
-43.14
-45.7
-48.03
-50.71
-53.36
-55.77
-58.33
-60.77
-63.28
-65.75
-68.23
-71.51
-73.23
-75.95
-78.27
-80.89
-83.51
-85.98
-88.59
-91.1
-91.82
-91.81
-91.84
-91.82
-91.8
-91.8
-91.81
-91.82
-91.59
-88.82
-86.63
-84.05
-81.46
-78.97
-76.56
-73.94
-70.96
-69.07
-66.46
-64.07
-61.48
-58.77
-56.46
-53.68
-51.23
-48.94
-46.33
-43.43
-41.34
-38.57
-36.28
-33.67
-31.37
-28.65
-25.57
-23.77
-21.09
-18.51
-16.11
-13.41
-11.07
-7.83
-4.37
-1.08
2.59
6.77
9.63
12.29
14.72
17.24
19.85
22.32
25.14
27.51
29.76
32.15
34.99
37.41
39.8
42.41
44.91
47.36
49.96
53.1
54.99
57.56
59.99
62.56
