126
51
76
120.72
117.69
124.97
127.72
122.7
134.53
129.61
135.1
129.14
118.07
126.3
116.65
113.53
119.39
111.73
120.05
117.5
114.57
128.28
127.05
117.59
136.89
139.83
144.08
137.18
123.93
139.07
126.77
117.5
118.44
114.76
121.47
121
111.63
116.84
121.85
120.43
138.03
128.19
125.54
129.23
128.19
138.22
132.82
127.15
136.7
131.12
127.34
138.31
131.78
124.03
133.96
128
127.15
138.88
119.58
125.07
122.8
128.66
1025.61
975.66
966.38
-1.56
-0.69
0.09
0.09
-0.26
0.95
2.77
0.52
-130.18
-131.13
-137.89
-130.78
-138.59
-134.77
-138.76
-128.27
-134.51
-141.88
-125.06
-122.38
-144.57
-136.33
-123.33
-140.15
-139.97
-122.03
-123.68
-129.05
-140.23
-122.46
-119.69
-119.08
-122.98
-124.63
-138.41
-130.26
-121.16
-125.24
-125.58
-136.33
-125.93
-125.84
-121.94
-117.7
-132.6
-123.94
-121.25
-126.54
-118.22
-111.89
-122.2
-113.88
-123.85
-123.42
-115.62
-131.39
-135.12
-131.48
-134.08
-137.03
-135.29
-134.86
-119.6
-128.44
63.44
60.84
58.37
55.84
53.46
50.84
48.25
45.78
43.2
40.7
38.1
35.6
33.29
30.65
28.19
25.64
23.3
20.66
18.12
15.61
13.01
10.5
7.24
4.02
0.37
-3.2
-6.59
-10.12
-12.73
-15.25
-17.58
-20.16
-22.74
-25.34
-27.88
-30.21
-32.76
-35.33
-37.76
-40.44
-42.86
-45.53
-47.77
-50.47
-52.96
-55.57
-58.18
-60.69
-63.12
-65.73
-68.01
-70.66
-73.1
-75.75
-78.29
-80.72
-83.18
-85.84
-88.3
-89.23
-89.23
-89.22
-89.23
-89.23
-89.22
-89.21
-89.22
-89.06
-86.7
-83.94
-81.35
-78.75
-76.24
-73.93
-71.3
-68.78
-66.14
-63.62
-61.07
-58.84
-56.12
-53.57
-51.06
-48.54
-46.09
-43.5
-40.98
-38.55
-35.95
-33.42
-30.96
-28.59
-25.95
-23.34
-20.91
-18.27
-15.84
-13.44
-10.75
-7.48
-4.06
-0.44
2.71
6.42
9.96
12.5
15.1
17.56
20.01
22.53
24.93
27.59
30.11
32.55
35.11
37.4
40.01
42.56
45.08
47.72
50.05
52.57
55.28
57.75
60.22
62.91
