128
52
77
128.57
122.32
123.84
132.54
135.85
130.74
144.56
140.87
139.64
137.08
127.24
132.64
122.7
117.59
127.81
114.57
116.93
133.3
111.73
124.22
122.51
114.38
128.76
134.72
143.33
136.04
120.15
139.35
131.03
115.51
118.73
117.31
153.26
125.35
117.12
120.81
123.93
122.61
138.88
139.16
130.55
140.01
134.91
143.04
142.29
133.87
138.41
139.45
128.95
137.46
138.31
124.22
134.91
131.22
136.42
137.08
133.68
141.72
129.42
132.64
970.26
965.91
964.3
-1.56
0.69
-0.35
0.95
-2.77
1.21
0.95
44.9
-136.16
-130.52
-142.75
-132.69
-141.88
-133.82
-139.71
-131.04
-134.69
-144.22
-134.69
-125.41
-144.22
-136.68
-130.52
-137.98
-108.68
-123.07
-126.1
-131.04
-143.53
-119.78
-124.63
-129.48
-121.51
-120.21
-136.59
-127.32
-122.46
-123.07
-125.93
-137.72
-127.58
-123.59
-133.13
-129.74
-127.32
-122.12
-120.73
-123.07
-119.17
-113.62
-120.12
-112.76
-115.88
-121.68
-117.87
-133.73
-72.98
-134.34
-124.2
-128.79
-134.51
-78.87
-113.71
-124.2
-121.08
65.69
63.18
60.84
58.2
55.62
53.03
50.51
47.99
45.66
43.04
40.47
37.9
35.35
33.07
30.49
27.88
25.47
22.93
20.45
17.93
15.34
12.99
10.36
6.92
3.55
0.05
-3.52
-6.69
-10.26
-12.88
-15.44
-18.02
-20.29
-22.87
-25.5
-28.1
-30.55
-33.09
-35.48
-38.11
-40.72
-42.97
-45.58
-48.24
-50.77
-53.22
-55.69
-58.1
-60.75
-63.33
-65.77
-68.46
-70.87
-73.44
-75.94
-78.48
-81.06
-83.3
-86.02
-88.35
-89.57
-89.56
-89.56
-89.53
-89.56
-89.52
-89.56
-89.53
-89.3
-86.82
-84.33
-81.73
-79.17
-76.67
-73.99
-71.77
-69.14
-66.61
-64.18
-61.54
-58.97
-56.52
-53.91
-51.36
-48.75
-46.54
-43.9
-41.33
-38.72
-36.35
-33.86
-31.34
-28.76
-26.25
-23.69
-21.38
-18.76
-16.27
-13.68
-11.04
-7.88
-4.39
-0.81
2.4
5.89
9.53
12.2
14.49
17.08
19.75
22.26
24.74
27.27
29.71
32.08
34.69
37.26
39.8
42.27
44.8
47.46
49.72
52.36
54.93
57.46
59.99
62.36
64.99
