127
51
76
122.7
123.08
131.88
134.81
130.55
147.68
178.52
138.22
139.45
129.42
134.43
127.72
119.39
179.56
121.19
116.08
129.8
120.24
127.15
133.39
121
132.73
141.72
147.02
140.49
125.16
140.01
137.55
121.85
125.92
121.47
125.16
123.55
117.12
121.19
121.76
121.38
133.3
138.78
130.46
136.8
192.61
141.43
140.39
133.49
135.85
135.85
127.53
143.42
140.68
124.78
125.82
134.81
122.89
139.64
140.68
126.11
121.85
130.74
984.93
977.93
975.09
2.25
-0.17
1.04
-0.26
2.6
2.43
2.95
2.95
-136.16
-133.82
-131.56
-136.94
-140.75
-131.39
-139.63
-122.81
-136.68
-132.17
-126.54
-126.19
-141.79
-129.14
-131.56
-132.34
-134.51
-125.76
-119.26
-125.84
-142.92
-113.8
-120.64
-124.11
-122.12
-120.64
-131.13
-119.95
-124.02
-121.51
-123.68
-133.39
-125.93
-126.71
-127.92
-126.19
-128.53
-121.51
-119.34
-122.2
-115.44
-113.45
-106.6
-105.04
-120.73
-115.36
-116.92
-133.47
-130
-134.43
-127.92
-126.36
-135.47
-123.16
-114.84
-123.33
-120.3
64.76
62.17
59.59
57.34
54.74
52.12
49.57
47
44.71
42.17
39.5
36.96
34.38
31.91
29.47
26.97
24.45
22.02
19.43
16.87
14.31
12.05
9.18
5.66
2.15
-1.43
-4.9
-8.19
-11.34
-13.9
-16.49
-18.9
-21.3
-23.89
-26.51
-28.98
-31.58
-34.05
-36.57
-39.06
-41.42
-44.07
-46.58
-49.17
-51.72
-54.04
-56.65
-59.21
-61.74
-64.35
-66.9
-69.17
-71.78
-74.37
-76.93
-79.47
-81.9
-84.42
-86.81
-88.55
-88.55
-88.56
-88.55
-88.52
-88.56
-88.55
-88.56
-88.01
-85.23
-82.83
-80.26
-77.68
-75.14
-72.56
-70.19
-67.5
-65.25
-62.57
-60.12
-57.53
-54.92
-52.64
-50.01
-47.44
-44.95
-42.3
-39.77
-37.5
-34.88
-32.36
-29.83
-27.21
-24.92
-22.3
-19.71
-17.33
-14.75
-12.14
-9.31
-5.86
-2.7
1
4.54
8.08
11.14
13.46
16.02
18.59
21.14
23.71
26.31
28.62
31.06
33.64
36.22
38.65
41.26
43.78
46.06
48.74
51.34
53.96
56.33
58.93
61.29
63.88
66.46
