126
51
76
114.57
122.51
131.59
130.65
119.01
134.62
138.22
121.76
128.66
127.91
119.01
137.37
111.16
126.11
119.49
104.63
129.8
113.24
114.19
135.85
125.73
121.19
143.04
156.1
146.73
140.39
228.75
147.11
120.24
118.73
115.23
122.7
132.07
110.5
109.65
111.07
115.51
108.89
131.5
120.34
127.53
121.66
126.01
185.14
124.03
125.54
126.96
118.54
124.69
135.76
121.28
122.99
134.43
123.84
158.75
180.98
190.63
175.87
177.1
596.77
1021.44
1016.71
1.73
-3.29
-1.04
-1.47
-1.13
-2.51
-2.17
-106.34
-165.71
-168.83
-154.27
-176.55
-149.94
-146.99
-141.62
-138.85
-150.11
-157.22
-135.64
-154.53
-155.23
-136.16
-149.33
-157.83
-137.98
-136.07
-133.56
-145.09
-149.33
-122.72
-136.77
-132
-130.7
-143.61
-139.28
-130.18
-136.25
-132.6
-144.91
-137.63
-128.01
-137.98
-143.09
-127.23
-133.91
-124.63
-127.49
-122.03
-112.41
-125.06
-131.48
-119.6
-131.48
-130.26
-135.55
-144.39
-131.56
-145.26
-143.35
-134.51
-142.49
-128.53
-101.23
-136.25
62.74
60.16
57.76
55.49
52.61
50.47
47.86
45.26
42.71
40.17
37.9
35.26
32.71
30.17
27.71
25.17
22.66
20.24
17.73
15.15
12.54
10.08
6.87
3.27
-0.23
-3.55
-7.16
-10.5
-13.15
-15.72
-18.25
-20.54
-23.16
-25.74
-28.32
-30.86
-33.1
-35.75
-38.25
-40.85
-43.37
-45.98
-48.36
-50.89
-53.49
-55.89
-58.44
-61.06
-63.59
-66.09
-68.73
-70.99
-73.53
-76.11
-78.66
-81.23
-83.78
-86.21
-88.67
-91.08
-91.26
-91.26
-91.3
-91.3
-91.3
-91.3
-91.27
-89.63
-86.7
-84.18
-81.58
-79.29
-76.66
-74.18
-71.58
-69.13
-66.53
-64.17
-61.58
-59.01
-56.45
-53.94
-51.33
-49.05
-46.44
-43.78
-41.5
-38.79
-36.24
-33.74
-31.28
-28.69
-26.25
-23.86
-21.2
-18.66
-16.14
-13.62
-11.04
-8.13
-4.49
-1.04
2.55
5.97
9.53
12.16
14.68
17.2
19.52
22.29
24.73
27.3
29.72
32.07
34.55
37.17
39.75
42.26
44.83
47.39
49.97
52.4
54.94
57.42
60.02
62.48
