154
66
89
161.49
156.76
160.17
171.04
158.08
145.22
166.6
163.48
151.75
160.54
171.71
150.23
158.18
156.38
159.79
166.03
180.51
161.96
163.85
161.4
154.49
143.99
169.44
159.31
158.37
155.62
165.65
171.04
158.37
168.87
178.33
167.54
186.47
185.14
158.46
173.13
168.77
150.04
161.4
161.49
143.04
164.42
165.08
166.5
154.96
147.39
171.33
157.23
167.83
168.68
163.85
169.34
171.33
154.68
152.41
180.22
169.15
158.65
167.54
164.23
151.84
154.02
153.83
152.5
160.73
161.77
144.65
149.38
162.91
149.57
151.18
906.78
911.7
902.34
-2.86
-3.64
-6.5
-3.81
-4.51
-2.77
-5.98
-6.5
-14.21
-7.89
-169.79
-174.73
-171.09
-170.13
-183.74
-172.56
-178.63
-188.25
-163.46
-170.57
-181.57
-195.87
-180.01
-189.98
-174.99
-165.71
-165.97
-168.92
-170.48
-182.09
-184.09
-170.39
-159.47
-181.14
-166.93
-142.4
-173.25
-170.91
-151.76
-166.15
-159.99
-164.41
-180.53
-171.26
-179.58
-182.01
-201.33
-195.96
-176.2
-182.44
-175.77
-151.15
-161.99
-155.83
-170.83
-173.95
-169.27
-163.37
-169.87
-167.19
-176.11
-170.48
-186.43
-184.43
-176.63
-172.39
-173.77
-164.33
-162.33
-177.24
-170.91
-155.92
-173.69
-171.43
-159.91
-161.55
-174.81
-157.91
-173.95
-172.39
63.11
61.23
59.31
57.45
55.53
53.64
51.78
50.02
47.94
46.05
44.2
42.27
40.4
38.53
36.65
34.89
32.87
30.99
29.1
27.3
25.37
23.49
21.63
19.88
17.87
15.95
14.19
12.17
10.26
7.83
5.2
2.7
0.01
-2.72
-5.26
-7.86
-10.4
-12.28
-14.23
-16.12
-18
-19.86
-21.78
-23.63
-25.58
-27.45
-29.34
-31.15
-33.04
-34.94
-36.85
-38.75
-40.63
-42.52
-44.45
-46.27
-48.18
-50.09
-51.96
-53.85
-55.76
-57.64
-59.57
-61.43
-63.31
-65.19
-67.1
-69
-70.9
-72.76
-74.65
-75.57
-75.6
-75.58
-75.56
-75.59
-75.58
-75.59
-75.58
-75.47
-75.58
-75.58
-75.3
-73.75
-71.87
-69.84
-67.91
-65.98
-64.14
-62.2
-60.3
-58.47
-56.55
-54.68
-52.75
-50.83
-48.99
-47.08
-45.19
-43.3
-41.41
-39.56
-37.63
-35.7
-33.89
-31.98
-30.06
-28.28
-26.4
-24.44
-22.56
-20.63
-18.77
-16.91
-14.92
-13.1
-11.19
-8.97
-6.4
-3.65
-1.25
1.48
4.21
6.65
9.28
11.37
13.27
15.22
17.02
18.93
20.93
22.73
24.59
26.48
28.38
30.35
32.05
33.96
35.97
37.76
39.59
41.48
43.39
45.39
47.15
49.06
51.1
52.85
54.8
56.64
58.56
60.59
62.3
64.22
