154
66
89
153.54
155.53
151.27
149.19
155.91
136.42
148.91
154.11
136.99
143.99
153.73
144.56
149.48
149.76
157.33
153.64
159.88
162.25
137.93
147.77
152.5
136.14
155.62
152.79
143.04
134.24
145.6
150.23
144.18
154.68
163.29
142.57
152.6
153.73
137.55
158.08
176.25
153.26
164.8
169.63
162.63
165.37
173.88
155.91
148.15
160.17
166.79
162.81
168.21
175.21
148.81
162.63
164.14
166.98
151.27
155.81
158.46
150.61
153.26
159.41
144.27
166.79
177.57
162.53
158.94
166.66
140.3
151.08
151.08
154.77
143.89
576.14
918.33
907.35
-7.02
-5.72
-6.85
-5.55
-6.07
-2.86
-5.81
-3.64
-3.99
-5.2
-149.68
-158.95
-150.81
-158.17
-160.69
-174.21
-168.05
-180.71
-176.37
-163.81
-164.67
-152.8
-142.57
-155.14
-148.99
-157.48
-148.99
-154.19
-156.7
-158
-159.47
-176.11
-163.29
-178.97
-169.44
-141.97
-153.93
-165.37
-151.93
-164.15
-168.23
-166.93
-164.07
-159.3
-178.11
-157.74
-156.7
-152.97
-142.31
-158.52
-142.14
-137.89
-143.7
-145.69
-155.57
-148.64
-158.09
-158
-149.94
-152.8
-160.34
-145.26
-154.1
-155.49
-150.89
-150.37
-145.35
-153.58
-142.31
-148.55
-164.15
-136.16
-149.25
-151.24
-133.04
-143.27
-150.81
-130.35
-141.01
-140.84
63.12
61.25
59.31
57.49
55.72
53.67
51.78
50.05
47.98
46.09
44.21
42.31
40.56
38.55
36.66
34.92
32.9
31.01
29.18
27.34
25.43
23.54
21.68
19.85
17.88
15.98
14.08
12.21
10.41
7.89
5.24
2.75
0.04
-2.66
-5.23
-7.77
-10.35
-12.23
-14.17
-15.98
-17.96
-19.84
-21.76
-23.64
-25.47
-27.41
-29.3
-31.12
-33.05
-34.93
-36.75
-38.72
-40.54
-42.47
-44.39
-46.19
-48.18
-50.06
-51.87
-53.8
-55.66
-57.62
-59.52
-61.35
-63.3
-65.16
-67.05
-68.95
-70.84
-72.71
-74.64
-75.68
-75.78
-75.76
-75.76
-75.76
-75.68
-75.75
-75.78
-75.65
-75.77
-75.74
-75.44
-73.71
-71.82
-69.83
-67.85
-65.94
-64.1
-62.18
-60.28
-58.45
-56.47
-54.62
-52.72
-50.78
-48.96
-47.06
-45.15
-43.32
-41.34
-39.53
-37.6
-35.66
-33.86
-31.97
-30.07
-28.25
-26.32
-24.41
-22.56
-20.59
-18.75
-16.9
-14.91
-13.05
-11.09
-8.93
-6.26
-3.62
-1.14
1.54
4.25
6.74
9.48
11.41
13.3
15.27
17.06
18.97
20.85
22.74
24.75
26.53
28.4
30.35
32.09
33.98
35.99
37.8
39.74
41.56
43.43
45.4
47.2
49.12
50.98
52.88
54.93
56.67
58.57
60.6
62.36
64.23
