154
66
89
206.9
199.74
197.63
204.82
201.45
197.06
199.62
199.06
193.56
198.29
200.66
195.07
201.51
212.95
213.52
192.9
209.17
207.94
183.15
195.74
186.75
164.14
181.92
199.99
192.14
183.72
183.63
170.86
157.99
172.65
168.96
149.19
152.79
160.64
166.79
175.3
194.6
161.02
182.49
194.6
185.99
178.42
201.32
201.03
184.48
201.03
205.48
189.97
185.24
196.78
167.17
184.1
188.64
183.82
180.13
189.59
207.47
195.26
202.83
198.95
184.38
205.1
200.66
189.87
190.06
190.63
167.26
173.03
176.72
166.5
174.92
936.4
925.33
922.3
-2.6
-4.42
-1.65
-2.34
-4.94
-0.69
-3.55
-4.33
-0.43
-4.59
-181.83
-211.73
-202.98
-220.57
-228.72
-219.36
-223.44
-231.32
-223.7
-224.91
-224.13
-233.32
-226.3
-231.12
-234.27
-207.75
-233.4
-226.64
-232.97
-235.57
-220.05
-232.16
-228.2
-233.66
-233.72
-216.76
-229.39
-235.57
-214.51
-232.97
-226.47
-201.85
-210.95
-210.43
-212.25
-195.27
-188.42
-189.37
-184.26
-193.88
-198.04
-175.68
-197.35
-202.37
-209.57
-214.25
-229.95
-212.77
-207.14
-219.36
-233.4
-223.44
-229.67
-232.62
-227.86
-233.42
-229.28
-231.86
-231.9
-233.27
-233.55
-232.62
-233.48
-238.96
-230.21
-231.51
-238.31
-221.88
-229.78
-231.34
63.2
61.31
59.33
57.52
55.82
53.72
51.86
50.13
48.01
46.1
44.26
42.38
40.65
38.6
36.68
34.95
32.96
31.05
29.23
27.37
25.5
23.56
21.72
19.93
17.92
16.05
14.14
12.23
10.32
7.93
5.28
2.82
0.1
-2.58
-5.1
-7.69
-10.3
-12.22
-14.11
-15.98
-17.93
-19.78
-21.69
-23.55
-25.5
-27.36
-29.24
-31.07
-32.99
-34.87
-36.75
-38.65
-40.58
-42.41
-44.34
-46.14
-48.11
-50.03
-51.86
-53.79
-55.66
-57.55
-59.51
-61.33
-63.31
-65.16
-67.03
-68.94
-70.83
-72.69
-74.56
-75.37
-75.36
-75.36
-75.36
-75.37
-75.34
-75.37
-75.37
-75.37
-75.35
-75.37
-75.12
-73.71
-71.84
-69.81
-67.83
-65.95
-64.11
-62.19
-60.35
-58.49
-56.64
-54.68
-52.81
-50.95
-49.03
-47.17
-45.26
-43.36
-41.49
-39.63
-37.68
-35.76
-33.94
-32.1
-30.22
-28.38
-26.45
-24.52
-22.65
-20.8
-18.86
-16.99
-15.12
-13.17
-11.18
-9.07
-6.47
-3.75
-1.3
1.34
3.95
6.55
9.13
11.28
13.14
15.17
16.92
18.83
20.7
22.63
24.64
26.39
28.28
30.21
31.97
33.85
35.74
37.63
39.63
41.4
43.32
45.27
47.05
48.98
50.83
52.79
54.81
56.53
58.42
60.47
62.21
64.09
