154
66
89
210.78
191.48
188.93
199.5
213.62
179.46
198.06
199.43
181.83
202.74
212.67
195.93
214.09
199.53
201.37
202.08
201.47
199.29
176.82
197.25
192.8
170.86
182.97
206.62
179.75
167.26
207.85
204.82
177.57
211.25
205.95
170.1
203.87
210.87
170.76
213.62
198.89
193.56
189.59
193.47
187.03
163.76
178.14
178.9
148.34
174.45
191.01
180.04
179.28
202.93
179
169.63
190.06
168.11
166.22
191.48
192.43
178.99
197.44
196.59
174.73
204.35
210.4
164.42
187.13
203.02
157.8
158.08
187.41
164.9
148.15
900.26
902.81
891.46
-6.41
-2.69
-2.6
-1.91
-1.56
-5.37
-0.78
-3.47
-4.59
-2.25
-167.97
-183.91
-182.44
-169.96
-186.86
-201.77
-187.29
-188.94
-200.03
-188.59
-185.21
-189.72
-181.83
-176.98
-182.7
-158.09
-157.31
-172.04
-165.71
-165.11
-157.74
-178.45
-175.07
-171.61
-182.53
-176.72
-180.36
-201.59
-180.53
-187.03
-206.27
-210.43
-207.49
-209.57
-206.97
-212.25
-184.69
-212.51
-187.64
-196.48
-203.74
-199.43
-191.97
-200.29
-186.95
-193.79
-196.65
-197.09
-180.88
-178.63
-203.67
-196.83
-210.95
-209.37
-209.39
-206.12
-209
-203.82
-212.77
-201.33
-207.83
-201.07
-203.41
-206.12
-214.25
-205.67
-204.58
-211.47
-203.76
-204.22
63.25
61.3
59.4
57.62
55.66
53.78
51.93
50.19
48.09
46.23
44.35
42.48
40.55
38.71
36.82
35.06
33.08
31.17
29.32
27.5
25.59
23.71
21.83
20.09
18.04
16.17
14.31
12.4
10.49
8.12
5.49
2.83
0.33
-2.36
-5.01
-7.51
-10.13
-12.05
-14.02
-15.8
-17.79
-19.68
-21.54
-23.42
-25.27
-27.2
-29.12
-30.95
-32.86
-34.73
-36.63
-38.51
-40.34
-42.27
-44.21
-46
-47.97
-49.88
-51.73
-53.63
-55.55
-57.44
-59.3
-61.18
-63.1
-64.98
-66.88
-68.77
-70.63
-72.54
-74.45
-75.58
-75.71
-75.71
-75.73
-75.68
-75.71
-75.73
-75.71
-75.62
-75.71
-75.72
-75.41
-73.68
-71.78
-69.78
-67.84
-65.92
-64.08
-62.17
-60.3
-58.39
-56.47
-54.6
-52.71
-50.79
-48.91
-47.02
-45.2
-43.26
-41.31
-39.55
-37.55
-35.63
-33.82
-31.97
-30.15
-28.21
-26.22
-24.42
-22.56
-20.62
-18.75
-16.85
-14.99
-13.02
-11.11
-8.9
-6.3
-3.58
-1.07
1.54
4.15
6.75
9.33
11.38
13.36
15.3
17.08
18.96
20.81
22.76
24.79
26.53
28.43
30.35
32.05
33.97
35.83
37.8
39.74
41.54
43.48
45.47
47.19
49.17
51.03
52.91
54.81
56.7
58.59
60.63
62.35
64.24
