154
66
89
206.24
192.69
185.42
194.7
199.8
173.5
176.82
198.1
172.94
174.92
181.64
186.09
168.68
177.29
195.45
180.79
182.78
194.6
163.67
167.17
193.37
177.67
177.1
188.93
177.57
181.26
184.38
208.04
177.38
201.22
207.85
182.59
190.06
192.33
183.91
194.98
202.45
184.48
189.78
189.11
198.01
187.03
194.98
207.28
191.1
196.97
197.25
185.9
175.49
183.34
161.21
169.34
180.79
175.4
163.19
179.28
190.91
169.53
173.22
189.87
173.13
186.84
198.86
172.37
182.4
185.71
165.75
155.15
170.57
173.13
152.98
900.45
923.15
905.84
-0.17
-2.86
-1.21
-4.59
-5.11
-1.04
-2.95
-2.77
-4.07
-1.82
-175.51
-187.38
-169.44
-177.41
-183.05
-178.02
-171.87
-184.26
-180.62
-176.2
-184.69
-187.47
-165.71
-179.06
-188.16
-158.35
-171
-171.35
-167.36
-172.21
-176.37
-186.08
-173.69
-186.77
-193.1
-170.57
-183.05
-191.89
-171.87
-180.71
-195.09
-169.61
-181.31
-189.29
-192.67
-166.84
-165.8
-187.81
-173.95
-170.74
-192.75
-159.47
-168.31
-173.6
-153.93
-161.64
-172.65
-160.69
-156.35
-170.22
-177.93
-158.52
-161.03
-188.33
-160.95
-167.88
-175.51
-152.71
-163.81
-172.65
-170.05
-163.55
-162.94
-183.31
-166.06
-163.72
-173.17
-161.47
-169.01
-182.79
63.17
61.27
59.37
57.53
55.82
53.72
51.87
50
48.05
46.16
44.29
42.42
40.65
38.62
36.77
34.87
33.03
31.12
29.27
27.42
25.7
23.66
21.78
20.02
17.99
16.14
14.22
12.34
10.56
8.04
5.4
2.96
0.18
-2.44
-5.06
-7.62
-10.08
-12.11
-14.06
-15.87
-17.85
-19.69
-21.61
-23.48
-25.3
-27.27
-29.18
-30.96
-32.92
-34.84
-36.67
-38.55
-40.41
-42.34
-44.24
-46.15
-48
-49.93
-51.81
-53.63
-55.54
-57.47
-59.38
-61.28
-63.17
-65.04
-66.9
-68.85
-70.69
-72.6
-74.49
-75.82
-75.81
-75.8
-75.8
-75.82
-75.7
-75.81
-75.78
-75.79
-75.8
-75.8
-75.46
-73.75
-71.85
-69.85
-67.86
-65.97
-64.16
-62.2
-60.33
-58.47
-56.53
-54.66
-52.77
-50.91
-48.95
-47.14
-45.26
-43.32
-41.43
-39.58
-37.6
-35.74
-33.87
-32.07
-30.18
-28.3
-26.36
-24.48
-22.57
-20.7
-18.81
-16.9
-15.04
-13.09
-11.21
-8.99
-6.32
-3.81
-1.21
1.48
4.05
6.65
9.27
11.35
13.27
15.14
17.05
18.91
20.78
22.71
24.7
26.49
28.35
30.18
32.05
33.93
35.82
37.73
39.72
41.5
43.43
45.23
47.15
49.06
50.98
52.85
54.88
56.61
58.54
60.57
62.32
64.2
