154
66
89
180.98
164.72
169.15
186.18
175.4
139.64
157.61
151.84
126.96
140.39
144.56
158.84
137.55
141.91
166.13
146.16
144.65
157.23
132.54
137.55
148.15
135.95
150.7
156.48
171.71
159.31
157.23
164.8
152.6
161.02
161.21
135.1
144.74
165.84
153.07
163.95
175.87
158.75
138.97
162.91
169.72
150.61
146.83
161.87
153.64
153.16
168.02
139.07
143.8
150.33
144.84
132.92
143.8
171.52
146.54
147.87
164.42
147.3
150.61
150.61
156.67
155.62
172.18
148.34
143.61
158.94
149.85
155.62
161.4
161.21
143.14
317.3
923.62
906.59
-3.21
-7.45
-3.99
-0.87
-5.98
-4.85
-1.91
-1.13
-2.08
-4.07
-181.23
-166.67
-167.01
-162.85
-155.83
-168.83
-164.5
-178.45
-166.75
-176.11
-172.3
-177.76
-143.18
-165.28
-162.85
-139.63
-145.78
-145.61
-177.24
-155.75
-166.84
-186.6
-158
-184.17
-183.65
-166.93
-178.89
-187.03
-165.71
-176.55
-171.35
-180.45
-182.44
-188.94
-183.17
-174.21
-176.89
-198.04
-158.78
-182.01
-183.13
-164.76
-179.23
-164.24
-183.91
-179.93
-190.59
-186.34
-154.01
-157.22
-188.16
-150.37
-154.45
-176.98
-160.25
-168.75
-161.47
-180.36
-157.13
-150.29
-176.81
-155.31
-160.6
-198.56
-195.18
-182.34
-184.6
-203.76
-185.14
-182.69
63.39
61.63
59.52
57.65
55.93
53.86
51.98
50.11
48.17
46.41
44.41
42.5
40.76
38.74
36.89
34.95
33.09
31.38
29.35
27.54
25.8
23.74
21.81
19.95
18.09
16.34
14.31
12.43
10.65
8.14
5.52
2.83
0.31
-2.19
-4.94
-7.5
-10.02
-12.04
-13.98
-15.85
-17.75
-19.54
-21.54
-23.41
-25.2
-27.2
-29.1
-31.02
-32.83
-34.64
-36.58
-38.51
-40.32
-42.24
-44.18
-46.06
-47.93
-49.8
-51.69
-53.62
-55.45
-57.42
-59.29
-61.18
-63.09
-64.9
-66.87
-68.95
-70.59
-72.53
-74.42
-75.7
-75.72
-75.62
-75.7
-75.73
-75.61
-75.71
-75.72
-75.72
-75.71
-75.6
-75.39
-73.65
-71.74
-69.75
-67.82
-65.97
-64.06
-62.09
-60.28
-58.4
-56.43
-54.6
-52.71
-50.81
-48.92
-46.96
-45.17
-43.22
-41.3
-39.52
-37.53
-35.7
-33.81
-31.85
-30.1
-28.22
-26.31
-24.39
-22.52
-20.66
-18.71
-16.78
-14.97
-13
-11
-8.89
-6.22
-3.69
-1.06
1.7
4.15
6.72
9.51
11.46
13.34
15.19
17.11
19.11
20.88
22.82
24.78
26.56
28.43
30.26
32.16
34.13
35.91
37.84
39.74
41.59
43.49
45.43
47.25
49.32
51.05
52.91
54.96
56.69
58.57
60.63
62.35
64.42
