154
66
89
190.16
188.07
178.23
188.36
185.03
180.79
174.55
194.22
171.9
188.07
183.72
197.06
191.48
182.59
178.61
189.87
188.17
187.7
165.56
165.56
170.67
159.69
165.46
178.33
163.1
159.98
171.04
157.61
153.26
173.69
175.49
170.1
175.11
178.52
147.49
180.03
197.06
185.24
189.3
184.01
183.53
170.29
175.78
162.72
147.39
161.77
181.26
163.19
167.54
157.89
155.15
154.58
167.45
170.57
167.17
162.72
176.34
162.06
179.56
166.69
157.71
162.34
191.29
175.68
172.56
192.9
183.06
157.71
147.02
142.1
142.85
330.08
905.55
898.36
0.52
1.21
2.17
3.21
-1.56
1.47
-0.95
1.91
-1.39
-5.55
-177.24
-197.26
-196.83
-223.09
-225.95
-237.65
-233.49
-232.88
-237.17
-224.91
-210.17
-225.26
-235.57
-238.17
-225
-218.84
-217.37
-221.44
-219.71
-209.83
-204.19
-223.61
-219.36
-236.44
-240.46
-224.56
-221.88
-226.3
-217.02
-233.66
-238.8
-239.36
-238.97
-243.65
-243.26
-238.28
-227.86
-229.68
-231.58
-231.5
-231.84
-208.27
-215.37
-208.27
-222.4
-227.16
-230.37
-231.84
-228.64
-235.05
-237.41
-221.53
-233.32
-239.32
-237.73
-239.99
-237.56
-237.13
-238.97
-242.89
-243.06
-237.48
-237.5
-241.03
-237.58
-238.62
-247.14
-239.34
-237.24
-237.32
63.11
61.25
59.31
57.43
55.78
53.66
51.82
50.09
48.01
46.13
44.24
42.42
40.61
38.6
36.72
34.99
32.99
31.1
29.41
27.44
25.64
23.64
21.75
19.99
17.92
16.09
14.19
12.29
10.5
7.95
5.37
2.9
0.19
-2.54
-4.96
-7.61
-10.11
-12.15
-14.06
-15.88
-17.87
-19.74
-21.64
-23.52
-25.37
-27.33
-29.2
-31.11
-32.96
-34.82
-36.62
-38.62
-40.41
-42.41
-44.3
-46.1
-48.03
-49.95
-51.83
-53.75
-55.57
-57.49
-59.42
-61.23
-63.21
-65.07
-66.9
-68.87
-70.73
-72.63
-74.54
-75.7
-75.82
-75.78
-75.68
-75.81
-75.72
-75.81
-75.79
-75.7
-75.79
-75.77
-75.51
-73.78
-71.89
-69.88
-67.92
-66.06
-64.17
-62.26
-60.36
-58.5
-56.54
-54.7
-52.8
-50.89
-49.05
-47.12
-45.21
-43.37
-41.39
-39.6
-37.67
-35.69
-33.9
-32.08
-30.24
-28.34
-26.35
-24.49
-22.58
-20.65
-18.83
-16.95
-15.06
-13.12
-11.17
-9.06
-6.4
-3.73
-1.24
1.57
4.03
6.6
9.38
11.33
13.24
15.22
16.98
18.87
20.75
22.65
24.65
26.43
28.32
30.28
31.98
33.91
35.78
37.7
39.66
41.48
43.36
45.31
47.09
49.04
50.91
52.82
54.88
56.6
58.49
60.55
62.27
64.17
