154
66
89
212.81
210.99
208.06
206.43
210.78
200.28
197.82
182.4
165.75
173.69
182.78
174.26
181.92
185.99
186.37
189.02
197.16
180.98
180.32
186.56
186.65
190.06
201.22
205.01
213.33
210.59
214.94
195.74
201.13
214.85
204.16
199.99
208.13
189.59
191.1
208.51
213.52
207.89
208.58
207.56
219.29
219.2
211.27
208.32
218.91
204.44
210.02
189.68
186.37
212.29
169.15
175.11
164.99
163.95
168.11
179.46
190.91
190.25
200.85
192.9
197.16
209.17
214.37
202.74
209.74
213.62
182.4
186.84
195.74
185.24
177.57
765.44
942.17
926.75
8.49
-1.73
0.95
2.77
-1.21
1.73
0.26
-1.73
-0.69
0.26
-187.64
-208.27
-213.38
-216.5
-216.41
-208.86
-208.92
-209.33
-215.72
-208.01
-221.79
-195.01
-191.97
-214.42
-205.75
-178.45
-176.46
-165.97
-184.52
-184.69
-189.11
-208.18
-190.93
-217.63
-209.83
-209.57
-212.06
-212.37
-209.09
-210.85
-211.41
-220.57
-210.07
-213.77
-212.06
-220.31
-206.88
-186.43
-182.01
-204.89
-204.97
-195.53
-209.22
-199.51
-202.37
-204.89
-209.25
-182.18
-184.09
-188.16
-185.56
-179.23
-195.61
-182.01
-176.89
-195.09
-178.97
-165.45
-184.35
-180.53
-167.97
-176.81
-182.53
-183.91
-196.31
-207.31
-212.08
-219.27
-211.43
-216.22
63.21
61.47
59.38
57.55
55.83
53.78
51.91
50.17
48.14
46.37
44.31
42.48
40.7
38.66
36.82
35.06
33.06
31.31
29.33
27.51
25.73
23.71
21.82
20.03
18.05
16.29
14.26
12.36
10.61
8.09
5.5
3
0.28
-2.26
-4.93
-7.51
-10.03
-12.07
-13.99
-15.85
-17.78
-19.57
-21.62
-23.44
-25.25
-27.25
-29.14
-30.93
-32.89
-34.66
-36.62
-38.51
-40.38
-42.28
-44.24
-46
-47.97
-49.8
-51.75
-53.66
-55.45
-57.44
-59.32
-61.19
-63.14
-64.93
-66.89
-68.8
-70.63
-72.56
-74.46
-75.38
-75.48
-75.37
-75.47
-75.47
-75.38
-75.49
-75.44
-75.4
-75.47
-75.37
-75.2
-73.72
-71.83
-69.83
-67.9
-65.95
-64.15
-62.19
-60.4
-58.51
-56.55
-54.72
-52.83
-50.88
-49.08
-47.12
-45.35
-43.41
-41.44
-39.67
-37.71
-35.8
-33.99
-32.02
-30.28
-28.36
-26.42
-24.58
-22.69
-20.76
-18.93
-16.96
-15.18
-13.23
-11.24
-9.17
-6.5
-3.82
-1.34
1.45
3.91
6.45
9.23
11.24
13.13
15.14
16.89
18.93
20.69
22.62
24.59
26.35
28.25
30.2
31.91
33.81
35.7
37.59
39.61
41.38
43.28
45.26
47.04
48.94
50.83
52.76
54.74
56.49
58.43
60.4
62.15
64.05
