154
66
89
147.2
151.37
155.06
151.93
146.64
146.83
142.95
138.31
139.83
143.89
134.91
134.53
130.74
135.57
138.41
135.47
135.1
138.03
154.11
157.23
146.83
133.77
142.66
144.08
137.55
135.28
143.61
152.31
149.48
139.45
151.46
152.5
147.96
149.29
136.14
153.64
147.96
137.84
155.44
153.92
150.7
145.12
135.76
142.19
153.92
141.72
147.96
151.65
140.68
139.26
146.92
156.67
154.96
149
131.88
143.14
142.66
127.62
137.27
151.56
145.69
141.91
134.62
141.15
149.19
143.61
138.22
153.16
151.27
147.02
143.23
901.01
894.58
890.32
-1.04
0.95
4.33
0.35
1.91
1.47
0.87
1.3
1.3
-0.61
-153.84
-154.88
-152.45
-156.01
-162.51
-155.31
-155.83
-154.1
-146.99
-149.33
-135.81
-147.86
-139.19
-147.17
-143.35
-146.47
-153.75
-153.93
-147.69
-150.11
-155.05
-138.24
-130.26
-136.59
-145.61
-139.28
-132.43
-138.67
-142.92
-149.77
-140.93
-144.57
-144.83
-147.08
-144.05
-143.79
-151.15
-149.25
-144.48
-137.72
-145.69
-138.67
-143.7
-136.77
-140.49
-134.77
-142.57
-142.14
-148.81
-153.32
-141.71
-147.69
-153.84
-141.62
-134.69
-135.64
-130
-142.23
-142.05
-144.05
-145.61
-149.16
-158.52
-153.15
-146.04
-161.64
-167.27
-168.23
-166.75
-152.45
63.12
61.38
59.31
57.45
55.7
53.65
51.76
50.01
47.93
46.03
44.13
42.28
40.53
38.51
36.65
34.89
32.87
30.99
29.16
27.33
25.51
23.5
21.63
19.85
17.84
15.98
14.06
12.17
10.41
7.8
5.18
2.76
-0.02
-2.58
-5.26
-7.81
-10.27
-12.26
-14.2
-16.02
-18.01
-19.9
-21.78
-23.62
-25.5
-27.52
-29.29
-31.16
-33.08
-34.98
-36.82
-38.74
-40.56
-42.48
-44.43
-46.21
-48.19
-50.1
-51.98
-53.86
-55.69
-57.65
-59.57
-61.36
-63.35
-65.2
-67.06
-69
-70.87
-72.75
-74.65
-75.51
-75.62
-75.64
-75.63
-75.61
-75.54
-75.63
-75.6
-75.53
-75.62
-75.52
-75.35
-73.76
-71.82
-69.83
-67.91
-65.96
-64.09
-62.22
-60.36
-58.47
-56.5
-54.64
-52.74
-50.85
-48.98
-47.03
-45.23
-43.32
-41.37
-39.56
-37.59
-35.67
-33.88
-31.99
-30.22
-28.27
-26.3
-24.44
-22.57
-20.65
-18.8
-16.93
-14.97
-13.11
-11.1
-8.97
-6.31
-3.65
-1.21
1.48
4.06
6.65
9.44
11.35
13.26
15.24
17.04
19.05
20.81
22.73
24.73
26.48
28.38
30.32
32.04
34.09
35.81
37.76
39.72
41.49
43.43
45.41
47.15
49.2
50.96
52.9
54.91
56.62
58.54
60.58
62.3
64.39
