154
66
89
158.46
156.95
150.7
159.69
165.08
156.76
155.06
158.84
142.95
155.62
154.49
154.58
150.89
164.8
148.91
154.3
147.77
151.56
147.96
139.45
143.42
141.34
155.06
158.75
152.41
151.18
153.26
149.48
162.34
163.95
154.11
150.99
157.89
152.88
160.64
167.36
166.88
143.42
156.29
163.1
161.4
156.1
157.99
144.27
144.93
162.25
149.76
142.57
142.66
146.16
149.57
157.71
151.56
143.42
158.84
156.19
141.53
161.87
154.3
153.07
141.53
158.37
161.77
134.15
142
158.65
131.88
136.99
150.89
140.2
141.53
733.56
891.08
883.42
3.64
4.33
0.43
6.33
-2.25
0.78
0.69
2.17
0.95
-1.91
-159.91
-141.71
-153.32
-162.85
-169.7
-169.96
-171.78
-178.37
-175.07
-169.09
-162.07
-171.69
-165.28
-176.11
-167.19
-157.22
-165.71
-152.89
-152.02
-145.26
-147.34
-147.34
-148.64
-165.02
-163.89
-153.93
-167.27
-160.77
-155.23
-171.26
-176.11
-167.79
-177.07
-172.65
-184.87
-178.71
-172.82
-156.09
-148.03
-163.03
-160.43
-152.02
-152.19
-150.37
-154.97
-157.91
-163.11
-155.4
-147.08
-150.55
-151.07
-151.76
-158.09
-161.9
-152.54
-166.58
-177.85
-173.43
-168.83
-167.97
-164.41
-150.81
-153.15
-175.07
-149.07
-150.98
-159.73
-143.7
-149.68
-145.61
63.11
61.19
59.28
57.43
55.72
53.64
51.74
50
47.94
46.01
44.14
42.28
40.52
38.48
36.6
34.85
32.86
30.97
29.27
27.27
25.5
23.49
21.62
19.81
17.84
15.95
14.02
12.11
10.4
7.77
5.12
2.66
-0.06
-2.69
-5.1
-7.81
-10.29
-12.29
-14.23
-16.04
-18.02
-19.89
-21.8
-23.67
-25.53
-27.47
-29.37
-31.15
-33.08
-35
-36.75
-38.76
-40.58
-42.53
-44.43
-46.25
-48.2
-50.1
-51.95
-53.88
-55.69
-57.66
-59.59
-61.4
-63.33
-65.23
-67.07
-69.04
-70.87
-72.79
-74.68
-75.54
-75.65
-75.66
-75.54
-75.64
-75.54
-75.65
-75.64
-75.54
-75.7
-75.65
-75.37
-73.76
-71.86
-69.87
-67.93
-66.02
-64.15
-62.23
-60.33
-58.49
-56.5
-54.68
-52.79
-50.86
-49.01
-47.12
-45.23
-43.35
-41.39
-39.57
-37.64
-35.72
-33.88
-32.01
-30.14
-28.3
-26.28
-24.52
-22.57
-20.63
-18.81
-16.91
-14.95
-13.17
-11.13
-9.01
-6.38
-3.68
-1.21
1.47
4.19
6.63
9.25
11.34
13.3
15.2
17.01
18.9
20.9
22.69
24.71
26.49
28.36
30.25
32.01
33.91
35.88
37.7
39.6
41.49
43.39
45.35
47.11
49.08
51.08
52.83
54.91
56.56
58.53
60.58
62.27
64.16
