154
66
89
186.09
150.7
160.92
161.59
174.64
140.87
168.77
162.25
135.28
146.07
157.71
134.43
148.62
144.65
135.57
160.83
173.6
148.81
146.26
168.77
164.33
140.2
173.32
157.8
140.87
159.03
171.04
143.23
159.12
177.29
147.2
160.35
166.31
136.7
139.92
153.35
148.15
124.88
143.33
144.56
135.85
147.96
145.5
144.46
127.53
157.89
158.18
135.85
158.84
158.56
130.18
163.38
162.15
123.08
137.18
152.6
131.69
142.1
142.57
131.41
142.66
151.56
149.66
133.58
155.34
169.82
124.4
143.23
154.58
133.3
142.29
888.9
869.32
869.04
1.21
-0.52
0.26
-1.04
-1.56
-1.13
-1.04
0.52
0.95
-0.95
-170.05
-197
-174.55
-183.22
-177.93
-184.95
-181.4
-164.76
-161.03
-155.14
-146.91
-160.34
-152.28
-147.51
-150.03
-158.52
-146.47
-156.01
-185.65
-165.37
-162.77
-176.29
-169.79
-176.63
-183.39
-155.4
-161.9
-167.97
-157.48
-167.53
-162.59
-171.69
-170.39
-163.81
-180.19
-185.21
-171.87
-197.17
-193.01
-197
-203.33
-193.79
-186.51
-174.38
-189.11
-186.08
-178.19
-188.77
-190.76
-173.77
-190.76
-185.47
-175.16
-188.07
-174.03
-173.08
-161.81
-160.51
-157.39
-166.49
-178.37
-165.02
-179.93
-204.28
-198.39
-190.24
-186.73
-186.77
-199.51
-184.8
63.03
61.13
59.41
57.39
55.46
53.56
51.69
49.93
47.88
46
44.21
42.21
40.32
38.45
36.56
34.85
32.82
30.91
29.24
27.24
25.33
23.42
21.58
19.78
17.75
15.88
14.11
12.08
10.23
7.71
5.08
2.68
-0.11
-2.8
-5.18
-7.89
-10.45
-12.36
-14.27
-16.09
-18.09
-19.94
-21.74
-23.7
-25.66
-27.5
-29.4
-31.22
-33.13
-35.02
-36.8
-38.8
-40.7
-42.6
-44.51
-46.26
-48.24
-50.14
-52.05
-53.93
-55.8
-57.69
-59.63
-61.46
-63.38
-65.27
-67.17
-69.06
-70.94
-72.85
-74.7
-75.39
-75.48
-75.49
-75.46
-75.48
-75.47
-75.49
-75.5
-75.39
-75.49
-75.48
-75.27
-73.85
-71.96
-69.96
-67.99
-66.04
-64.2
-62.31
-60.43
-58.5
-56.62
-54.71
-52.81
-50.9
-49.05
-47.2
-45.31
-43.38
-41.5
-39.66
-37.71
-35.74
-33.93
-32.06
-30.22
-28.33
-26.43
-24.49
-22.63
-20.71
-18.83
-16.96
-15.07
-13.18
-11.24
-9.06
-6.43
-3.77
-1.29
1.38
4.12
6.55
9.18
11.28
13.2
15.21
16.96
18.87
20.74
22.63
24.53
26.43
28.3
30.25
31.98
33.91
35.76
37.68
39.53
41.44
43.36
45.32
47.08
49.02
50.91
52.79
54.68
56.55
58.44
60.47
62.24
64.12
