154
66
89
174.83
178.99
168.49
189.78
175.78
164.23
150.33
154.49
141.24
150.61
155.91
154.68
146.45
155.62
171.33
158.65
162.06
160.07
143.8
150.42
171.23
149.95
166.22
169.34
163.57
163
171.33
177.95
152.88
169.91
168.49
151.27
154.96
164.14
153.73
161.02
161.58
152.79
151.84
163.57
160.07
153.45
156.57
164.71
150.61
158.65
162.06
151.65
150.61
153.64
134.62
146.07
153.83
151.46
147.3
150.04
157.04
151.08
158.27
154.11
141.81
154.68
158.08
142.19
149.48
143.7
145.12
151.08
148.06
154.21
147.11
867.81
910
897.42
2.34
-1.56
0.43
0.78
3.55
0.87
0.35
-1.13
-3.38
-3.99
-153.15
-171.43
-178.71
-176.98
-168.66
-171.43
-175.85
-184.69
-182.96
-174.47
-179.49
-181.23
-166.15
-182.35
-181.75
-161.81
-170.39
-165.02
-165.19
-172.56
-188.42
-197.35
-200.9
-205.84
-192.57
-183.22
-201.25
-199.34
-177.5
-195.79
-184.09
-173.25
-191.28
-202.2
-211.65
-196.83
-198.13
-197.78
-182.53
-208.44
-193.7
-195.79
-197.95
-193.09
-184.87
-199.69
-207.75
-183.22
-169.53
-175.07
-174.47
-158.61
-176.98
-175.51
-173.69
-176.89
-171.95
-165.02
-169.01
-167.79
-178.37
-170.57
-182.53
-199.6
-197.17
-197.09
-193.39
-197.43
-208.35
-196.05
63.13
61.26
59.37
57.53
55.63
53.72
51.84
50.1
48.07
46.16
44.27
42.41
40.46
38.61
36.75
35.01
32.99
31.13
29.29
27.45
25.58
23.61
21.74
20.01
17.98
16.12
14.22
12.3
10.42
8.04
5.39
2.88
0.15
-2.46
-4.91
-7.62
-10.23
-12.1
-14.05
-15.87
-17.83
-19.73
-21.64
-23.51
-25.41
-27.29
-29.2
-31.02
-32.89
-34.81
-36.6
-38.56
-40.5
-42.31
-44.28
-46.07
-48.05
-49.96
-51.83
-53.71
-55.6
-57.51
-59.39
-61.22
-63.2
-65.06
-66.94
-68.83
-70.76
-72.61
-74.48
-75.73
-75.84
-75.81
-75.83
-75.83
-75.84
-75.84
-75.84
-75.71
-75.84
-75.83
-75.52
-73.75
-71.88
-69.85
-67.91
-65.99
-64.14
-62.23
-60.33
-58.49
-56.58
-54.67
-52.79
-50.84
-49
-47.12
-45.28
-43.3
-41.44
-39.6
-37.63
-35.72
-33.89
-32.02
-30.13
-28.32
-26.37
-24.45
-22.56
-20.64
-18.8
-16.95
-14.95
-13.1
-11.21
-9.11
-6.37
-3.69
-1.21
1.46
4.16
6.62
9.23
11.31
13.26
15.22
17.05
18.89
20.9
22.69
24.6
26.49
28.38
30.29
32.02
33.95
35.97
37.72
39.56
41.49
43.37
45.36
47.12
49.07
51.08
52.84
54.72
56.59
58.51
60.53
62.29
64.2
