154
66
89
153.45
157.04
154.11
159.5
164.04
137.65
146.83
173.03
142.38
148.43
156.67
167.54
144.46
152.31
159.6
148.43
147.11
149
138.41
140.68
142.57
139.64
153.92
160.17
160.54
158.08
159.22
158.27
156.29
160.83
162.15
152.03
152.69
165.27
151.75
158.56
166.88
162.25
149.85
157.89
150.42
142.76
155.81
150.42
147.3
145.69
156.76
143.14
142
157.52
157.14
145.69
158.56
146.35
159.31
147.49
160.92
142.38
145.6
148.81
144.27
146.07
159.5
147.87
140.39
152.22
144.46
132.92
154.96
143.23
135.38
328.94
910.19
907.73
0.17
-2.6
-3.73
3.9
-1.91
3.38
-0.87
-8.32
1.82
-2.51
-152.45
-169.44
-173.08
-171.09
-180.97
-184.78
-180.01
-183.13
-172.13
-174.38
-186.08
-181.31
-175.07
-188.25
-176.81
-186.25
-183.05
-190.33
-180.62
-167.01
-176.89
-182.96
-165.71
-178.89
-183.13
-160.08
-174.12
-165.71
-169.7
-174.03
-182.09
-166.06
-181.75
-187.03
-180.48
-178.89
-185.04
-193.53
-176.11
-182.61
-175.77
-172.82
-175.68
-170.91
-163.72
-163.55
-173.51
-155.05
-141.45
-150.81
-148.73
-140.23
-153.67
-160.17
-163.03
-166.67
-158.61
-171.35
-165.37
-174.99
-181.31
-163.46
-166.15
-181.31
-163.72
-154.19
-169.09
-156.61
-150.63
-144.65
63.19
61.35
59.44
57.59
55.86
53.79
51.96
50.2
48.12
46.25
44.52
42.49
40.72
38.71
36.85
35.1
33.09
31.18
29.37
27.52
25.76
23.74
21.87
20.08
18.09
16.2
14.41
12.39
10.65
8.13
5.51
3.02
0.29
-2.37
-4.94
-7.47
-10.01
-12.07
-14.02
-15.77
-17.75
-19.62
-21.53
-23.44
-25.24
-27.2
-29.1
-30.91
-32.83
-34.7
-36.58
-38.5
-40.32
-42.28
-44.21
-45.99
-47.94
-49.88
-51.72
-53.62
-55.44
-57.39
-59.29
-61.13
-63.11
-64.97
-66.84
-68.77
-70.67
-72.53
-74.42
-75.57
-75.68
-75.68
-75.68
-75.67
-75.59
-75.67
-75.67
-75.58
-75.68
-75.68
-75.36
-73.68
-71.74
-69.75
-67.81
-65.91
-64.02
-62.15
-60.26
-58.4
-56.42
-54.58
-52.68
-50.74
-48.88
-47.02
-45.19
-43.23
-41.29
-39.51
-37.53
-35.63
-33.81
-31.91
-30.09
-28.19
-26.22
-24.36
-22.52
-20.56
-18.72
-16.85
-14.95
-13.03
-11.03
-8.88
-6.21
-3.54
-1.1
1.58
4.18
6.76
9.54
11.45
13.34
15.31
17.13
19.01
20.82
22.8
24.79
26.55
28.42
30.37
32.08
34.07
35.92
37.8
39.69
41.59
43.46
45.46
47.23
49.17
51.05
52.95
54.98
56.69
58.6
60.66
62.4
64.3
