154
66
89
200.56
205.86
185.71
184.19
205.29
191.1
188.07
195.45
176.72
185.52
195.64
177.86
193.18
205.01
199.43
182.68
193.37
189.97
168.59
167.54
174.83
152.22
155.81
170
174.17
178.23
181.83
163.1
151.56
173.98
168.68
156.95
162.44
160.45
159.79
193.09
185.71
173.13
192.14
194.13
189.4
190.16
192.14
186.84
168.68
191.2
175.02
154.68
150.04
157.89
138.41
159.69
166.88
145.22
156.1
165.37
180.6
171.04
180.79
167.83
167.54
177.38
182.11
164.52
163.57
177.29
151.75
153.16
165.56
154.96
147.58
976.7
929.68
924.66
1.99
2.95
1.56
-0.52
0.52
1.91
-0.61
-1.13
0.17
1.13
-165.19
-163.11
-175.85
-173.43
-176.89
-176.37
-177.76
-177.76
-171.61
-177.41
-190.24
-175.16
-171.95
-189.63
-172.04
-159.3
-165.28
-157.13
-165.54
-162.25
-159.82
-179.84
-170.74
-187.21
-194.92
-192.41
-205.32
-194.57
-189.55
-191.67
-200.21
-182.18
-192.67
-200.73
-209.13
-194.31
-166.58
-182.09
-171.87
-167.1
-187.9
-165.63
-176.46
-171.69
-178.63
-184
-189.55
-170.48
-168.75
-176.72
-193.36
-182.27
-193.19
-205.75
-192.32
-202.03
-196.65
-192.41
-201.51
-189.55
-192.23
-190.41
-185.47
-204.28
-195.27
-197
-193.23
-188.16
-188.42
-200.38
63.14
61.22
59.33
57.5
55.81
53.71
51.86
50.1
48.04
46.16
44.27
42.38
40.65
38.62
36.74
34.99
32.99
31.12
29.25
27.44
25.66
23.63
21.77
19.97
17.95
16.09
14.21
12.29
10.56
8.01
5.37
2.87
0.17
-2.49
-5.05
-7.6
-10.08
-12.14
-14.08
-15.85
-17.82
-19.74
-21.62
-23.5
-25.35
-27.32
-29.21
-30.99
-32.95
-34.82
-36.67
-38.59
-40.42
-42.37
-44.27
-46.1
-48.05
-49.94
-51.82
-53.7
-55.55
-57.51
-59.38
-61.24
-63.18
-65.06
-66.96
-68.85
-70.7
-72.63
-74.52
-75.49
-75.6
-75.61
-75.62
-75.61
-75.52
-75.61
-75.61
-75.54
-75.63
-75.62
-75.31
-73.8
-71.88
-69.89
-67.93
-66
-64.16
-62.23
-60.36
-58.47
-56.56
-54.68
-52.78
-50.82
-49.02
-47.13
-45.26
-43.32
-41.37
-39.58
-37.67
-35.72
-33.91
-32.01
-30.23
-28.31
-26.32
-24.49
-22.61
-20.66
-18.83
-16.92
-15.05
-13.11
-11.23
-9.02
-6.39
-3.67
-1.22
1.45
4.03
6.64
9.22
11.34
13.25
15.21
17.02
18.89
20.77
22.71
24.71
26.48
28.32
30.3
32.01
33.89
35.8
37.71
39.56
41.47
43.39
45.38
47.12
49.06
50.95
52.84
54.87
56.59
58.5
60.55
62.28
64.16
