154
66
89
185.05
175.49
176.15
185.61
168.4
159.6
178.33
153.16
152.5
150.7
154.11
134.05
143.52
146.26
139.26
132.07
138.31
149.19
144.84
148.43
158.84
141.15
152.03
150.61
136.33
155.25
145.97
138.69
142.76
146.64
158.46
146.26
174.26
153.83
140.39
148.43
172.65
142.95
146.83
145.97
152.79
150.89
154.87
167.36
156.76
142.29
163.57
145.6
152.41
164.71
148.81
162.72
149.57
160.92
175.49
171.04
157.52
156.57
174.17
159.12
142.38
138.5
147.3
131.22
138.5
137.18
146.26
144.84
137.46
147.58
145.22
922.11
924.66
917.57
4.25
0.52
1.39
0.17
2.34
-0.17
0.61
1.65
2.34
-5.29
-184.35
-189.46
-185.91
-203.85
-201.94
-187.21
-189.03
-193.97
-196.74
-195.44
-210.99
-211.47
-211.99
-212.77
-213.55
-213.21
-214.42
-213.12
-208.27
-213.4
-222.92
-222.83
-211.91
-216.5
-211.27
-206.36
-211.86
-211.43
-196.31
-221.18
-208.27
-206.01
-200.99
-207.75
-209.74
-188.68
-216.15
-205.75
-201.94
-214.16
-199.34
-184.61
-216.33
-201.25
-198.91
-204.89
-204.28
-201.51
-202.98
-214.42
-194.49
-189.63
-202.81
-185.39
-192.6
-166.58
-174.81
-168.57
-181.66
-185.21
-197.61
-202.98
-217.89
-215.89
-219.62
-214.07
-211.14
-216.33
-216.97
-213.16
63.12
61.21
59.34
57.47
55.72
53.62
51.76
49.86
47.98
46.06
44.18
42.29
40.56
38.51
36.64
34.76
32.86
31
29.18
27.32
25.54
23.49
21.65
19.73
17.86
15.98
14.07
12.17
10.43
7.81
5.2
2.58
0.04
-2.65
-5.19
-7.81
-10.23
-12.27
-14.21
-16.09
-17.98
-19.83
-21.76
-23.61
-25.47
-27.48
-29.31
-31.2
-33.06
-34.93
-36.8
-38.75
-40.55
-42.48
-44.4
-46.27
-48.17
-50.08
-51.96
-53.85
-55.68
-57.63
-59.53
-61.42
-63.3
-65.19
-67.08
-68.99
-70.85
-72.75
-74.62
-75.58
-75.58
-75.57
-75.55
-75.58
-75.45
-75.58
-75.56
-75.58
-75.58
-75.54
-75.27
-73.76
-71.84
-69.86
-67.9
-66.04
-64.16
-62.25
-60.4
-58.51
-56.6
-54.74
-52.88
-50.97
-49.1
-47.19
-45.36
-43.43
-41.48
-39.7
-37.72
-35.89
-33.99
-32.12
-30.3
-28.44
-26.44
-24.59
-22.73
-20.85
-18.9
-17.04
-15.17
-13.24
-11.23
-9.15
-6.54
-3.97
-1.4
1.28
3.85
6.37
9.22
11.23
13.1
15
16.9
18.72
20.66
22.53
24.57
26.31
28.25
30.04
31.87
33.83
35.7
37.55
39.57
41.35
43.26
45.1
46.98
48.91
50.81
52.74
54.76
56.45
58.38
60.24
62.15
64.06
