154
66
89
196.13
201.88
197.5
197.31
205.24
199.63
208.89
197.95
203.02
199.8
202.93
206.71
192.8
188.36
192.9
179.28
176.25
182.3
164.33
177.76
172.94
170.95
186.75
199.24
205.2
203.59
206.81
192.61
190.72
210.97
197.16
176.91
188.17
192.61
160.07
181.07
184.48
165.08
171.04
177.48
192.9
174.26
192.71
194.79
196.4
195.42
212.1
205.01
197.55
211.06
198.67
188.93
195.45
186.18
180.13
176.91
174.64
154.21
159.5
150.42
175.86
146.54
156.57
173.81
152.88
171.52
150.99
146.45
158.37
149.48
143.23
903.09
917.38
915.77
0.69
9.79
0.43
1.65
0.52
-0.61
1.39
1.65
1.99
2.25
-146.04
-156.87
-158
-163.98
-162.25
-150.63
-147.95
-157.39
-180.12
-148.81
-154.19
-161.99
-169.79
-181.14
-189.03
-185.82
-201.77
-202.11
-200.47
-197.78
-211.91
-202.44
-200.84
-201.9
-201.4
-200.9
-192.58
-191.71
-166.06
-178.11
-170.48
-149.42
-169.35
-161.99
-172.65
-171.35
-167.62
-198.99
-188.59
-197.43
-205.15
-188.77
-196.91
-195.53
-194.4
-209.65
-203.24
-187.9
-176.81
-166.49
-189.11
-166.67
-164.5
-178.02
-181.23
-185.65
-187.12
-183.39
-199.95
-205.84
-200.08
-207.31
-199.99
-208.55
-201.44
-202.48
-209.07
-198.67
-199.84
-199.65
63.21
61.36
59.46
57.59
55.74
53.82
51.92
50.06
48.15
46.27
44.39
42.51
40.75
38.68
36.85
35.05
33.08
31.18
29.33
27.53
25.62
23.74
21.85
20.02
18.09
16.2
14.3
12.39
10.52
8.12
5.52
2.86
0.29
-2.34
-4.96
-7.49
-10.01
-12.05
-13.98
-15.92
-17.73
-19.62
-21.53
-23.4
-25.24
-27.19
-29.13
-31.01
-32.82
-34.72
-36.58
-38.51
-40.33
-42.24
-44.19
-46.04
-47.96
-49.86
-51.73
-53.61
-55.52
-57.41
-59.29
-61.17
-63.08
-64.94
-66.87
-68.77
-70.69
-72.54
-74.4
-75.68
-75.71
-75.67
-75.69
-75.69
-75.69
-75.68
-75.7
-75.68
-75.7
-75.68
-75.39
-73.68
-71.75
-69.74
-67.8
-65.92
-64.02
-62.1
-60.25
-58.38
-56.5
-54.57
-52.68
-50.82
-48.96
-47.02
-45.19
-43.24
-41.36
-39.49
-37.57
-35.63
-33.79
-31.94
-30.11
-28.21
-26.29
-24.35
-22.51
-20.59
-18.71
-16.83
-14.96
-12.99
-11.02
-8.88
-6.2
-3.68
-1.1
1.56
4.16
6.78
9.51
11.44
13.34
15.2
17.11
18.97
20.88
22.78
24.67
26.57
28.45
30.26
32.11
34
35.89
37.83
39.63
41.57
43.46
45.29
47.19
49.15
51.03
52.89
54.83
56.71
58.58
60.49
62.39
64.27
