154
66
89
172.27
184.19
184.1
193.84
185.52
180.51
172.27
182.68
169.44
160.45
164.04
161.3
148.72
153.26
153.07
153.16
158.84
178.14
170.38
172.18
163.48
152.69
157.8
151.37
153.16
149.29
153.26
166.79
168.02
163.29
149.57
156.85
176.63
188.83
171.14
167.92
170.67
163.67
166.22
166.98
160.83
157.71
154.68
163.95
163.38
173.13
165.27
156.85
162.91
177.1
181.92
189.02
196.3
186.65
161.3
170.95
175.4
166.88
170.76
175.96
152.31
165.94
162.81
157.71
163.48
177.86
174.45
159.79
170.29
180.03
155.72
916.06
924.57
918.14
1.47
-1.73
-2.17
-1.47
-6.59
-2.69
-0.43
0.87
-1.56
-1.47
-128.96
-151.15
-152.97
-161.73
-158.35
-146.56
-150.55
-147.69
-140.67
-140.06
-138.76
-151.15
-146.3
-158
-143.53
-152.63
-151.15
-156.09
-159.82
-163.89
-156.18
-149.42
-130.26
-142.05
-147.95
-123.94
-142.75
-139.45
-135.21
-144.22
-136.59
-143.09
-150.89
-144.05
-142.83
-148.99
-156.87
-142.31
-132.34
-140.67
-135.55
-127.92
-139.97
-133.99
-136.94
-140.06
-131.39
-139.54
-139.63
-146.65
-134.08
-144.31
-146.91
-134.17
-126.97
-130.61
-124.72
-133.73
-132.34
-138.67
-140.06
-158.61
-153.75
-148.55
-146.91
-150.03
-148.81
-157.74
-151.41
-147.95
63.14
61.27
59.39
57.53
55.8
53.74
51.86
50.13
48.07
46.19
44.31
42.42
40.68
38.63
36.76
35.03
33.05
31.14
29.32
27.47
25.67
23.65
21.78
20
17.99
16.12
14.23
12.33
10.59
8.01
5.44
2.97
0.23
-2.4
-5.05
-7.64
-10.11
-12.12
-14.05
-15.83
-17.84
-19.7
-21.61
-23.47
-25.3
-27.28
-29.16
-30.97
-32.89
-34.77
-36.65
-38.56
-40.4
-42.34
-44.26
-46.03
-48.01
-49.96
-51.81
-53.72
-55.52
-57.47
-59.35
-61.19
-63.14
-65.01
-66.93
-68.84
-70.7
-72.57
-74.46
-75.54
-75.62
-75.61
-75.64
-75.62
-75.51
-75.64
-75.61
-75.54
-75.63
-75.62
-75.35
-73.78
-71.85
-69.85
-67.89
-65.97
-64.11
-62.22
-60.3
-58.44
-56.48
-54.67
-52.75
-50.82
-48.99
-47.03
-45.23
-43.32
-41.33
-39.6
-37.62
-35.69
-33.88
-31.97
-30.12
-28.26
-26.28
-24.44
-22.54
-20.59
-18.8
-16.88
-15.04
-13.11
-11.09
-8.94
-6.36
-3.66
-1.15
1.55
4.08
6.68
9.46
11.35
13.27
15.28
17.05
18.93
20.84
22.73
24.74
26.52
28.37
30.28
32.06
33.97
35.85
37.74
39.74
41.53
43.39
45.39
47.15
49.05
50.95
52.89
54.94
56.6
58.56
60.58
62.33
64.29
