156
67
90
178.52
171.8
167.17
175.68
180.32
156.95
166.5
179.18
153.64
163.76
169.91
173.13
155.34
168.87
186.47
156.1
170
179.56
153.35
161.21
163
171.99
172.94
177.48
180.41
170.19
185.61
170.95
149.57
182.4
186.65
142.66
166.5
159.69
151.93
182.49
191.95
197.44
173.41
174.07
181.07
173.79
192.71
192.71
169.06
185.05
190.06
144.74
159.6
165.18
148.06
135.1
135.57
160.54
147.02
161.96
168.02
150.7
155.62
162.72
154.39
163.67
174.36
168.96
165.46
171.99
164.61
151.84
164.61
147.02
135.95
140.96
930.91
915.68
914.92
0.09
-0.09
3.9
2.17
-0.61
4.94
0.78
-0.87
9.62
0.61
3.29
-144.22
-171.17
-162.77
-157.74
-169.96
-169.79
-168.05
-169.44
-170.13
-165.02
-159.39
-154.88
-140.06
-140.32
-148.99
-137.72
-129.74
-139.97
-158.69
-146.04
-155.49
-164.59
-155.23
-161.21
-167.97
-163.03
-178.45
-181.83
-169.79
-173.6
-168.92
-167.88
-177.41
-172.99
-182.44
-155.66
-157.91
-168.75
-146.13
-149.33
-163.98
-155.66
-150.29
-151.76
-161.73
-154.53
-154.1
-159.47
-156.44
-161.38
-180.79
-154.36
-157.65
-158.69
-151.07
-156.27
-146.56
-172.39
-142.14
-138.5
-169.53
-152.63
-149.51
-172.13
-152.37
-147.77
-153.84
-152.89
-149.42
-150.89
63.66
61.59
59.83
57.86
55.96
54.23
52.2
50.29
48.48
46.48
44.77
42.75
40.89
39.13
37.12
35.19
33.5
31.45
29.74
27.78
25.88
24.12
22.1
20.22
18.45
16.42
14.66
12.63
10.8
8.68
5.82
3.2
0.82
-1.99
-4.47
-7.13
-9.77
-11.69
-13.68
-15.6
-17.44
-19.32
-21.17
-23.18
-25.07
-26.83
-28.85
-30.78
-32.49
-34.47
-36.26
-38.24
-40.21
-41.9
-43.93
-45.82
-47.61
-49.61
-51.4
-53.35
-55.26
-57.11
-59.04
-60.97
-62.82
-64.7
-66.56
-68.53
-70.39
-72.2
-74.17
-75.57
-75.55
-75.58
-75.47
-75.58
-75.61
-75.48
-75.57
-75.57
-75.57
-75.58
-75.47
-75.58
-75.28
-73.56
-71.67
-69.66
-67.67
-65.82
-63.93
-62.07
-60.16
-58.25
-56.46
-54.47
-52.6
-50.69
-48.74
-46.95
-45.1
-43.09
-41.26
-39.43
-37.44
-35.61
-33.64
-31.86
-30.02
-28.01
-26.28
-24.29
-22.43
-20.53
-18.54
-16.79
-14.9
-12.84
-11.02
-8.73
-6.11
-3.57
-0.92
1.68
4.26
7.01
9.51
11.51
13.41
15.3
17.34
19.06
21
22.97
24.76
26.64
28.52
30.33
32.2
34.09
35.98
38.03
39.74
41.71
43.7
45.44
47.45
49.23
51.12
53.18
54.91
56.84
58.83
60.56
62.63
64.37
