154
66
89
199.24
198.89
198.76
198.2
199.05
181.26
170.57
184.01
177.01
172.56
184.76
183.82
169.91
177.38
181.07
175.02
175.02
164.42
153.26
158.27
156.1
155.81
174.83
192.43
181.92
180.13
184.76
179.28
170.95
202.45
192.99
172.84
186.47
177.38
162.53
200.75
197.8
210.97
196
209.93
205.86
206.05
198.84
196
207.66
210.31
197.78
201.51
200.66
197.72
186.28
173.5
185.8
174.26
185.99
194.98
187.98
188.07
190.72
194.98
176.72
192.99
208.41
184.57
193.94
207.94
188.64
185.33
184.1
190.91
190.25
363.38
926.84
927.41
0.09
-0.87
-0.69
-0.35
0.26
-0.17
-2.17
2.17
-4.85
-2.25
-220.31
-223.44
-204.8
-209.39
-214.16
-221.27
-214.31
-213.64
-210.52
-200.55
-211.91
-208.27
-206.79
-213.12
-213.99
-205.23
-213.62
-202.03
-212.08
-220.75
-213.29
-218.43
-224.48
-219.34
-220.29
-214.79
-219.16
-214.7
-213.57
-215.7
-213.55
-216.24
-224.22
-217.8
-221.88
-207.92
-197.69
-195.53
-191.02
-210.43
-215.81
-192.32
-201.25
-186.86
-187.73
-203.41
-216.24
-194.4
-190.24
-187.47
-177.5
-167.01
-179.58
-178.19
-175.94
-199.77
-191.63
-178.02
-190.76
-205.75
-198.56
-191.45
-204.8
-217.19
-185.39
-210.26
-214.66
-199.6
-224.3
-214.48
63.22
61.48
59.42
57.58
55.86
53.81
51.9
50.18
48.13
46.37
44.35
42.49
40.72
38.72
36.82
35.09
33.09
31.33
29.34
27.53
25.74
23.73
21.85
20.08
18.05
16.2
14.32
12.4
10.63
8.13
5.5
3
0.31
-2.18
-4.97
-7.5
-10.02
-12.06
-13.99
-15.8
-17.76
-19.62
-21.53
-23.42
-25.27
-27.22
-29.13
-30.93
-32.84
-34.65
-36.62
-38.51
-40.35
-42.28
-44.17
-45.99
-47.96
-49.86
-51.75
-53.64
-55.46
-57.42
-59.29
-61.14
-63.11
-64.97
-66.92
-68.79
-70.62
-72.55
-74.41
-75.62
-75.74
-75.65
-75.74
-75.72
-75.63
-75.71
-75.75
-75.61
-75.74
-75.64
-75.42
-73.69
-71.85
-69.78
-67.81
-65.93
-64.09
-62.12
-60.3
-58.41
-56.44
-54.61
-52.67
-50.79
-48.92
-46.99
-45.19
-43.25
-41.32
-39.52
-37.57
-35.64
-33.84
-31.87
-30.11
-28.23
-26.3
-24.39
-22.53
-20.58
-18.74
-16.77
-14.97
-13.03
-11.05
-8.9
-6.24
-3.59
-1.09
1.72
4.16
6.72
9.34
11.41
13.29
15.31
17.1
19.08
20.87
22.75
24.78
26.55
28.42
30.38
32.09
34
35.88
37.79
39.79
41.58
43.45
45.46
47.22
49.13
51.05
52.91
54.98
56.69
58.57
60.61
62.36
64.25
