154
66
89
208.74
222.32
204.16
204.25
211.16
174.26
171.42
180.13
172.46
177.57
182.68
191.86
196.68
194.7
210.87
212.86
209.31
210.94
220.14
213.9
191.76
200.66
216.08
206.43
199.43
203.68
191.95
187.22
192.14
203.49
191.57
186.09
191.95
188.55
178.61
212.95
218.35
219.2
210.85
216.64
210.63
210.85
211.27
209.4
221.37
215.6
208.84
196.4
205.39
191.67
175.02
169.72
183.25
173.22
185.71
179.18
189.59
192.71
199.43
194.22
196.78
221.66
213.31
212.19
213.4
216.22
255.72
224.78
209.93
211.82
202.08
377.09
934.12
930.15
1.99
-0.95
-1.39
1.3
-1.3
1.91
3.38
3.64
-2.6
1.3
-207.4
-205.32
-234.88
-242.42
-231.08
-230.88
-230.3
-232.94
-228.65
-223.6
-226.9
-231.06
-216.24
-215.37
-194.23
-189.55
-195.35
-186.86
-206.88
-191.8
-202.11
-224.91
-224.56
-228.81
-229.32
-224.01
-230.02
-223.62
-225.69
-225.62
-224.99
-223.67
-223.64
-228.69
-232.01
-225.36
-210.69
-217.8
-210.35
-205.67
-231.5
-205.15
-205.58
-193.53
-208.7
-220.66
-223.09
-220.4
-220.49
-205.23
-227.6
-224.04
-225.17
-226.16
-231.41
-231.32
-208.01
-202.63
-199.95
-208.7
-204.54
-171.69
-195.79
-194.4
-182.61
-204.28
-229.59
-217.11
-213.9
-215.98
63.16
61.47
59.37
57.55
55.84
53.76
51.87
50.17
48.08
46.36
44.32
42.51
40.69
38.67
36.81
35.06
33.06
31.31
29.3
27.47
25.7
23.7
21.81
20.02
18.04
16.27
14.23
12.34
10.6
8.07
5.44
3.01
0.23
-2.23
-5
-7.54
-10.05
-12.08
-14.02
-15.83
-17.8
-19.56
-21.55
-23.45
-25.3
-27.27
-29.12
-30.97
-32.88
-34.69
-36.65
-38.54
-40.38
-42.31
-44.21
-46.02
-47.99
-49.83
-51.76
-53.66
-55.48
-57.44
-59.34
-61.2
-63.13
-64.93
-66.87
-68.8
-70.64
-72.56
-74.44
-75.64
-75.75
-75.67
-75.76
-75.76
-75.65
-75.77
-75.73
-75.66
-75.75
-75.65
-75.43
-73.68
-71.83
-69.8
-67.88
-65.95
-64.13
-62.14
-60.3
-58.43
-56.49
-54.64
-52.74
-50.81
-48.95
-47.02
-45.19
-43.27
-41.33
-39.55
-37.59
-35.66
-33.86
-31.92
-30.14
-28.25
-26.28
-24.42
-22.55
-20.6
-18.76
-16.76
-15.01
-13.06
-11.03
-8.96
-6.29
-3.75
-1.13
1.69
4.06
6.69
9.43
11.4
13.31
15.27
17.1
19.03
20.83
22.71
24.73
26.52
28.4
30.2
32.06
34.08
35.84
37.77
39.75
41.56
43.46
45.41
47.21
49.23
50.99
52.88
54.92
56.64
58.53
60.43
62.33
64.36
