154
66
89
146.83
166.41
156.95
163.1
160.92
138.88
153.73
140.96
131.69
141.53
140.3
120.05
131.31
137.27
156.95
150.23
145.03
146.35
123.55
130.18
160.73
138.31
143.33
158.94
140.39
139.26
145.22
151.75
159.31
158.84
152.03
135.85
139.64
144.46
140.2
150.14
148.81
126.68
142.95
136.04
157.14
127.43
139.16
167.07
143.14
139.26
148.53
143.42
138.88
138.88
119.01
120.72
125.45
119.86
121.38
135.85
143.99
128
131.78
133.39
127.43
135.66
141.06
131.88
131.03
128.09
127.72
126.49
125.45
142.85
121.95
826.37
827.41
824.19
-1.56
1.91
1.82
-1.3
-0.09
3.03
-0.09
2.17
-2.43
3.73
-150.37
-170.05
-159.39
-174.12
-175.94
-185.13
-166.75
-182.96
-172.56
-149.25
-162.85
-154.62
-142.49
-158.87
-157.22
-156.97
-145.61
-148.12
-157.13
-156.18
-160.95
-181.66
-167.01
-187.21
-180.71
-164.93
-183.57
-197.78
-153.58
-170.39
-183.22
-172.3
-176.63
-192.23
-195.44
-176.72
-177.67
-177.33
-146.3
-169.01
-179.67
-164.85
-169.35
-175.59
-167.1
-164.93
-190.15
-176.29
-143.79
-151.07
-164.41
-136.33
-153.06
-169.87
-166.58
-173.95
-158.17
-144.31
-148.73
-151.59
-174.03
-145.69
-156.01
-163.11
-162.42
-172.73
-175.42
-158.69
-165.97
-163.11
63.14
61.25
59.31
57.47
55.76
53.68
51.79
50.06
47.97
46.08
44.21
42.33
40.57
38.53
36.69
34.92
32.91
31.02
29.16
27.34
25.59
23.54
21.68
19.9
17.88
16.01
14.08
12.21
10.45
7.88
5.23
2.75
0.01
-2.65
-5.22
-7.75
-10.19
-12.25
-14.17
-16.04
-17.96
-19.87
-21.74
-23.59
-25.45
-27.43
-29.28
-31.2
-33.04
-34.93
-36.79
-38.71
-40.54
-42.44
-44.39
-46.17
-48.16
-50.07
-51.93
-53.83
-55.66
-57.62
-59.54
-61.34
-63.3
-65.18
-67.07
-69
-70.81
-72.74
-74.65
-75.57
-75.55
-75.56
-75.56
-75.56
-75.47
-75.56
-75.56
-75.47
-75.54
-75.54
-75.32
-73.71
-71.78
-69.79
-67.82
-65.99
-64.13
-62.21
-60.37
-58.49
-56.54
-54.71
-52.82
-50.88
-49.05
-47.2
-45.32
-43.39
-41.43
-39.67
-37.74
-35.8
-33.98
-32.14
-30.29
-28.41
-26.4
-24.55
-22.69
-20.85
-18.89
-17.02
-15.17
-13.21
-11.23
-9.18
-6.51
-3.95
-1.38
1.29
3.9
6.47
9.27
11.24
13.14
15.08
16.91
18.8
20.71
22.57
24.62
26.35
28.23
30.19
31.89
33.83
35.71
37.62
39.6
41.39
43.3
45.27
46.98
48.96
50.84
52.75
54.79
56.49
58.42
60.42
62.18
64.06
