154
66
89
168.77
165.37
156.38
166.98
176.06
146.92
155.62
167.45
144.65
152.6
161.96
155.62
157.42
158.84
161.4
149.66
151.37
146.07
138.12
146.26
164.9
138.31
151.84
162.91
151.93
154.21
176.91
163.1
163.67
170.38
171.04
157.52
165.75
171.14
146.26
172.27
180.88
148.34
158.18
165.46
153.92
145.6
156.85
153.07
143.89
152.12
154.58
153.35
153.64
163.19
140.58
149.57
155.62
151.75
156.29
157.42
158.56
142.85
147.49
153.07
142.95
145.6
149.95
134.53
143.14
158.56
140.87
129.61
148.06
145.6
143.89
971.97
958.63
958.63
1.04
-2.69
0.17
0.35
-0.17
1.65
3.03
0.35
1.47
-2.77
-158.26
-172.04
-165.28
-175.33
-173.69
-180.62
-181.05
-189.63
-172.39
-175.51
-186.08
-189.81
-169.61
-187.64
-185.04
-175.68
-190.07
-179.58
-178.63
-170.83
-164.15
-189.03
-166.32
-183.31
-183.13
-155.92
-173.34
-173.25
-168.4
-178.45
-188.94
-173.95
-191.19
-190.59
-181.57
-185.99
-178.89
-195.01
-180.01
-191.45
-188.33
-161.64
-182.7
-167.62
-159.65
-165.8
-172.47
-151.41
-145.43
-148.73
-160.43
-143.79
-151.85
-165.8
-159.56
-173.34
-161.12
-169.35
-171.52
-174.47
-187.12
-167.71
-169.44
-188.77
-164.41
-163.2
-181.31
-154.01
-152.54
-148.73
63.25
61.37
59.45
57.6
55.92
53.78
51.91
50.02
48.08
46.21
44.32
42.44
40.68
38.68
36.79
34.88
33.03
31.15
29.28
27.44
25.71
23.68
21.78
19.97
18.02
16.08
14.26
12.3
10.53
7.99
5.4
2.91
0.19
-2.43
-5.06
-7.61
-10.07
-12.16
-14.04
-15.95
-17.85
-19.75
-21.62
-23.53
-25.31
-27.35
-29.18
-31.02
-32.93
-34.82
-36.64
-38.58
-40.41
-42.34
-44.27
-46.07
-48.03
-49.93
-51.83
-53.7
-55.54
-57.49
-59.38
-61.35
-63.18
-65.04
-66.94
-68.8
-70.67
-72.63
-74.49
-75.68
-75.71
-75.75
-75.75
-75.73
-75.64
-75.76
-75.75
-75.66
-75.78
-75.76
-75.44
-73.92
-71.96
-70.04
-68.09
-66.12
-64.29
-62.41
-60.5
-58.62
-56.67
-54.91
-52.94
-51.03
-49.19
-47.32
-45.39
-43.48
-41.56
-39.74
-37.8
-35.84
-34.08
-32.2
-30.35
-28.47
-26.46
-24.62
-22.76
-20.8
-18.98
-17.09
-15.24
-13.27
-11.29
-9.25
-6.63
-3.91
-1.41
1.22
3.81
6.42
9.2
11.17
13.09
15.08
16.85
18.74
20.64
22.55
24.57
26.32
28.22
30.04
31.88
33.79
35.63
37.52
39.55
41.33
43.25
45.08
46.95
48.91
50.78
52.68
54.79
56.46
58.36
60.38
62.14
64.06
