126
51
76
132.92
141.24
146.73
148.25
141.43
149.76
159.31
145.41
145.03
148.34
159.22
138.03
131.97
143.61
147.58
127.62
149.57
140.68
144.65
153.07
151.75
140.68
161.3
162.06
165.18
155.15
150.04
157.8
140.68
135.1
133.2
144.27
158.37
142.57
138.03
142.57
148.15
140.11
171.61
158.18
161.96
159.5
165.56
173.6
156.85
157.04
164.33
159.5
156.95
170.48
161.58
151.65
168.68
148.25
164.14
163.48
139.45
152.79
150.99
719.66
979.35
975.47
-2.6
-4.33
-1.99
-2.6
-2.77
-2.08
-2.6
-144.22
-147.25
-160.34
-153.23
-145.69
-159.99
-158.87
-154.01
-156.53
-161.73
-163.55
-148.81
-165.11
-163.46
-149.16
-160.77
-163.89
-148.47
-151.85
-155.4
-159.91
-160.77
-143.09
-153.75
-147.51
-144.83
-156.96
-154.53
-140.32
-143.96
-149.42
-157.91
-150.89
-118.74
-154.01
-150.89
-151.93
-144.74
-145.26
-20.63
-136.25
-130.09
-141.45
-138.5
-66.56
-139.63
-133.21
-130.18
-147.43
-153.84
-152.37
-152.28
-150.03
-150.2
-135.38
-139.19
-140.41
71.64
69.14
66.58
64.09
61.5
59.1
56.46
53.87
51.67
49.12
46.48
43.93
41.38
38.87
36.41
33.91
31.39
29.06
26.39
23.9
21.36
18.81
16.3
13.86
11.31
8.26
4.77
1.31
-2.36
-5.82
-9.25
-11.98
-14.49
-17.09
-19.41
-21.98
-24.53
-27.04
-29.54
-32.15
-34.61
-37.19
-39.73
-42.03
-44.58
-47.08
-49.76
-52.35
-54.79
-57.26
-59.91
-62.41
-64.83
-67.45
-69.86
-72.44
-75
-77.53
-80.09
-82.35
-82.49
-82.49
-82.51
-82.52
-82.5
-82.49
-82.47
-80.94
-78.02
-75.38
-72.87
-70.33
-67.85
-65.51
-63.04
-60.48
-57.86
-55.28
-52.81
-50.24
-47.73
-45.17
-42.65
-40.14
-37.71
-35.1
-32.64
-30.03
-27.48
-24.96
-22.56
-19.92
-17.48
-15.13
-12.57
-9.98
-6.54
-2.81
0.7
4.23
7.65
10.87
13.35
15.69
18.19
20.78
23.37
25.95
28.39
31.05
33.45
35.97
38.36
40.97
43.43
46
48.45
51.13
53.63
56.21
58.45
61.11
63.56
66.12
68.71
71.29
