126
51
76
135.19
139.26
144.27
145.69
144.74
154.58
149.38
154.68
152.03
136.7
148.53
169.06
132.45
139.26
133.11
140.3
143.42
136.23
151.18
155.81
140.2
157.89
166.6
167.73
157.52
140.96
170.19
155.53
137.55
142.1
137.08
145.97
141.91
129.42
140.01
149
146.92
162.53
159.41
148.81
161.96
155.62
171.61
159.41
151.37
163.48
157.04
154.02
170.86
168.59
153.64
172.94
215.6
158.94
171.23
157.61
152.88
183.53
158.94
928.92
921.64
917.1
-1.91
-2.6
-0.09
-2.34
-1.99
-0.78
-1.3
-0.43
-159.99
-155.05
-152.97
-156.35
-164.76
-161.21
-158
-147.69
-160.95
-166.32
-159.73
-151.5
-168.57
-123.68
-153.93
-164.5
-164.93
-157.57
-148.9
-156.87
-172.04
-144.65
-153.15
-120.38
-149.77
-155.75
-163.55
-145.78
-150.03
-154.53
-159.47
-162.42
-151.76
-153.23
-158.17
-153.15
-161.47
-151.07
-149.85
-151.41
-141.53
-138.24
-144.83
-137.81
-142.83
-142.23
-138.76
-157.91
-154.36
-153.32
-115.7
-157.05
-160.08
-150.29
-133.39
-145.95
69.41
66.97
64.34
61.92
59.59
57.04
54.41
51.83
49.32
46.7
44.28
41.7
39.21
36.93
34.47
31.91
29.23
26.75
24.2
21.74
19.1
16.59
14.12
11.51
8.61
5.13
1.78
-1.92
-5.42
-8.9
-11.44
-14.02
-16.66
-19.23
-21.71
-24.29
-26.74
-29.26
-31.6
-34.16
-36.82
-39.2
-41.87
-44.37
-46.89
-49.39
-52.03
-54.54
-57.03
-59.52
-62.14
-64.63
-67.13
-69.63
-71.9
-74.47
-77.1
-79.61
-82.13
-83.24
-83.26
-83.23
-83.25
-83.24
-83.26
-83.25
-83.24
-83.03
-80.03
-77.47
-75.05
-72.43
-69.83
-67.45
-64.84
-62.35
-59.85
-57.24
-54.71
-52.25
-49.73
-47.19
-44.59
-42.36
-39.72
-37.32
-34.67
-32.17
-29.61
-27.1
-24.53
-22.02
-19.47
-17.21
-14.63
-12.1
-9.22
-5.8
-2.19
1.29
4.92
8.34
11.32
13.75
16.32
18.79
21.4
23.87
26.41
28.92
31.31
33.78
36.33
38.8
41.37
43.87
46.45
48.97
51.52
54.08
56.4
58.88
61.46
63.94
66.58
69.13
