126
51
76
137.27
192.24
152.31
147.11
143.42
158.94
163.19
146.92
152.03
141.81
150.52
143.8
138.78
138.03
140.87
127.34
150.42
139.07
138.97
154.02
149.66
150.8
163.95
164.23
162.81
147.3
159.22
165.94
143.23
141.81
133.68
137.55
150.04
137.84
137.93
139.64
144.93
153.54
170.67
158.75
172.37
162.91
172.84
170.29
155.06
167.26
171.8
154.96
172.84
179.28
160.26
160.64
175.78
152.69
176.53
169.44
149.95
166.13
174.45
805.27
866.48
860.43
-80.95
-82.51
-80
-81.99
-81.3
-80.43
10.75
-247.18
-232.45
-249.26
-233.32
-246.84
-242.07
-241.55
-239.9
-239.56
-247.1
-247.18
-232.62
-248.74
-252.12
-231.76
-247.18
-250.39
-235.92
-236.61
-236.35
-245.8
-240.42
-223.78
-238.69
-233.23
-233.75
-242.85
-238.17
-222.83
-230.11
-234.53
-243.46
-234.36
-222.4
-242.16
-241.03
-238.78
-236.96
-226.04
-230.89
-217.28
-214.94
-220.66
-230.72
-201.59
-222.05
-222.05
-228.12
-233.92
-227.25
-239.47
-238.78
-229.33
-235.4
-220.57
-225.95
-228.9
69.55
66.95
64.36
61.95
59.33
56.77
54.24
51.74
49.21
46.64
44.18
41.6
39.13
36.65
34.14
31.58
29.38
26.74
24.21
21.62
19.16
16.58
14.04
11.45
8.6
4.98
1.64
-1.65
-5.22
-8.83
-11.61
-14.19
-16.72
-19.34
-21.73
-24.36
-26.86
-29.35
-31.8
-34.38
-36.89
-39.48
-41.97
-44.54
-47.03
-49.63
-51.88
-54.45
-56.98
-59.55
-62.13
-64.63
-67.17
-69.72
-72.22
-74.78
-77.35
-79.54
-82.18
-84.09
-84.18
-84.18
-84.18
-84.17
-84.16
-84.18
-84.21
-83.06
-79.76
-77.24
-74.59
-72.15
-69.82
-67.37
-64.74
-62.23
-59.64
-57.1
-54.53
-52.05
-49.49
-47
-44.47
-42.12
-39.63
-37.12
-34.43
-31.94
-29.32
-26.89
-24.38
-21.85
-19.28
-16.81
-14.22
-11.75
-8.87
-5.28
-1.74
1.41
4.96
8.54
11.46
13.96
16.49
19.05
21.54
24.12
26.66
29.23
31.5
34.08
36.59
39.03
41.63
44.18
46.65
49.25
51.73
54.3
56.87
59.42
61.82
64.4
66.89
69.23
