126
51
76
131.03
134.05
138.78
139.92
140.96
151.18
146.83
208.51
148.72
148.53
161.3
129.8
129.04
139.26
126.68
137.18
134.34
130.36
150.89
147.39
133.87
155.81
159.79
163.67
154.3
227.15
159.41
155.15
132.26
139.54
131.31
142.19
139.54
133.77
135.95
142.38
134.15
161.77
153.83
144.18
151.84
148.06
164.42
150.8
149
161.3
154.87
146.83
163.95
158.08
143.23
164.8
156.19
147.39
163.76
146.64
148.53
145.88
150.61
945
939.52
930.44
0.95
0.61
1.39
-2.08
1.73
-0.43
1.82
1.39
-152.02
-150.2
-154.62
-128.7
-159.04
-154.53
-160.34
-146.73
-152.97
-165.89
-154.01
-141.01
-167.27
-152.37
-150.98
-159.39
-158.43
-146.65
-151.33
-119.17
-161.64
-143.87
-143.44
-151.24
-139.02
-146.56
-161.29
-143.7
-145.87
-145.35
-147.95
-160.6
-146.82
-147.95
-140.06
-150.29
-156.87
-144.91
-146.56
-146.56
-137.81
-134.77
-142.14
-128.62
-142.14
-135.38
-128.18
-153.06
-152.71
-148.21
-155.83
-152.37
-157.22
-129.92
-131.74
-139.63
69.63
67.07
64.58
62.03
59.48
56.94
54.41
51.88
49.39
46.77
44.31
41.77
39.26
36.72
34.52
31.94
29.37
26.83
24.35
21.71
19.19
16.69
14.11
11.6
8.72
5.54
2.11
-1.58
-5.12
-8.69
-11.57
-14.08
-16.57
-19.23
-21.64
-24.18
-26.74
-29.23
-31.75
-34.21
-36.76
-39.26
-41.85
-44.5
-46.66
-49.25
-51.89
-54.4
-56.84
-59.49
-62.03
-64.51
-67.11
-69.38
-71.9
-74.55
-77.01
-79.61
-82.04
-83.03
-83.06
-83.05
-83.03
-83.05
-83.04
-83.01
-83.04
-82.83
-80.55
-77.81
-75.3
-72.63
-70.08
-67.58
-64.96
-62.47
-59.91
-57.43
-55.08
-52.58
-49.97
-47.46
-44.93
-42.3
-39.7
-37.27
-34.65
-32.18
-29.7
-27.12
-24.62
-22.11
-19.58
-17.32
-14.64
-12.13
-9.55
-5.97
-2.37
1.14
4.73
8.14
11.03
13.49
16.12
18.7
21.18
23.77
26.3
28.69
31.37
33.77
36.37
38.83
41.36
43.85
46.44
48.89
51.46
54
56.27
58.8
61.44
63.99
66.54
69.07
