124
52
72
136.54
126.31
130.48
132.45
136.98
135.02
141.9
143.04
137.97
140.7
135.47
143.27
132.14
128.36
131.62
124.27
125.48
123.59
128.82
133.28
132.6
124.8
133.81
137.74
134.79
140.7
129.12
144.41
132.52
133.81
144.48
121.32
126.54
126.62
123.74
126.02
126.54
129.5
137.44
139.03
128.21
152.88
133.66
150.23
157.87
160.82
162.94
165.06
156.06
180.81
167.11
151.74
166.5
163.78
157.27
180.13
163.4
731.02
706.74
703.02
-2.91
-1.46
-0.34
-2.08
-1.74
-2.78
-1.59
-0.55
-166.34
-166.41
-167.1
-166.68
-164.05
-151.02
-151.36
-151.15
-148.03
-144.15
-146.09
-147.34
-139.5
-133.82
-126.47
-136.87
-130.49
-136.52
-132.09
-130.56
-134.72
-137.35
-141.38
-140.82
-139.09
-141.45
-143.11
-130.01
-138.81
-139.37
-127.37
-131.18
-134.02
-139.37
-128.06
-125.02
-135.97
-130.63
-126.12
-132.02
-131.05
-132.98
-142.14
-137.63
-149.35
-159.75
-155.45
-161.48
-144.22
-148.66
-145.26
-133.68
-129.03
-120.65
-118.98
-121.34
64.49
62.18
59.46
56.92
54.4
51.76
49.39
47.04
44.26
41.68
39.23
36.78
34.29
31.7
29.3
26.76
24.34
21.68
19.28
16.75
14.23
11.59
8.98
5.29
1.95
-1.69
-4.97
-8.54
-11.48
-14.17
-16.55
-19.1
-21.61
-24.24
-26.59
-29.24
-31.64
-34.21
-36.62
-39.26
-41.71
-44.31
-46.74
-49.33
-51.75
-54.39
-56.7
-59.46
-61.8
-64.37
-66.98
-69.55
-72.09
-74.52
-76.87
-79.56
-82.15
-83.9
-83.94
-83.94
-83.91
-83.92
-83.92
-83.93
-83.89
-83.3
-80.26
-77.64
-75.17
-72.59
-69.99
-67.57
-64.98
-62.54
-59.96
-57.52
-54.97
-52.44
-49.85
-47.45
-44.92
-42.33
-39.85
-37.28
-34.77
-32.24
-30.01
-27.24
-24.97
-22.27
-19.68
-17.19
-14.63
-12.12
-9.18
-5.91
-2.34
1.12
4.5
7.95
11.09
13.65
16.18
18.63
21.18
23.65
26.22
28.66
31.17
33.55
36.13
38.56
41.21
43.59
46.24
48.7
51.35
53.77
56.33
58.78
61.42
63.81
66.5
68.87
