126
55
72
117.38
114.13
122.08
119.2
117.54
119.35
122.08
120.26
127.45
119.66
113.53
120.79
120.94
120.42
121.78
114.74
120.42
114.89
114.58
114.82
125.18
115.57
120.71
120.03
116.7
118.45
113.45
113.68
117.84
111.78
120.71
115.04
115.5
121.47
122.83
112.09
114.58
106.56
109.51
113.3
110.5
116.48
115.72
119.05
125.03
127.15
135.25
133.43
132.14
135.78
137.22
129.42
139.1
141.15
130.25
135.4
130.94
701.97
722.7
717.63
-1.87
-1.46
-1.59
-1.46
-0.42
-1.74
0.42
-0.7
-142.14
-141.17
-132.98
-142.34
-141.58
-127.37
-135.06
-132.71
-130.42
-126.89
-127.1
-121.27
-120.99
-114.34
-113.78
-115.24
-101.99
-118.01
-110.52
-114.82
-118.57
-121.06
-130.35
-118.84
-122.1
-125.57
-109.76
-97.55
-122.38
-114.34
-120.09
-112.26
-116.21
-117.46
-115.51
-113.58
-120.5
-121.41
-116.07
-114.34
-118.22
-115.03
-121.62
-97.55
-118.63
-123.9
-115.66
-114.2
-113.58
-114.54
-117.38
-119.33
-111.77
-118.84
-114.96
-115.3
-117.11
-112.6
64.8
62.23
59.66
57.11
54.67
52.29
49.69
47.15
44.53
42.04
39.46
36.65
34.51
31.98
29.48
27.02
24.49
21.94
19.33
17.09
14.43
11.89
9.14
5.6
2.13
-1.4
-4.88
-8.04
-11.22
-13.78
-16.35
-18.91
-21.36
-23.91
-26.52
-29.04
-31.53
-33.99
-36.55
-39.05
-41.43
-44.07
-46.6
-49.13
-51.73
-54.2
-56.5
-59.15
-61.65
-64.19
-66.7
-69.35
-71.68
-74.31
-76.77
-79.3
-81.87
-84.08
-84.45
-84.48
-84.46
-84.45
-84.45
-84.47
-84.38
-82.63
-79.85
-77.26
-74.79
-72.12
-69.65
-67.09
-64.67
-62.13
-59.64
-57.08
-54.77
-52.03
-49.58
-47.07
-44.52
-41.99
-39.5
-36.9
-34.3
-31.84
-29.38
-26.81
-24.29
-22.02
-19.45
-16.86
-14.29
-11.74
-8.9
-5.4
-1.96
1.69
5.06
8.65
11.39
14.07
16.55
18.86
21.35
23.98
26.53
29.06
31.48
34.11
36.6
39.14
41.54
44.12
46.64
49.23
51.79
54.37
56.81
59.39
61.63
64.32
66.79
69.33
71.92
74.41
