126
56
72
152.41
151.18
154.11
154.58
153.92
157.99
157.99
172.56
164.61
154.39
146.73
158.75
157.52
152.98
155.91
146.64
154.49
151.37
149.38
148.34
146.07
145.31
154.77
152.69
147.77
154.3
145.12
148.53
148.53
145.6
151.37
142.38
149.48
151.56
155.62
147.11
146.26
139.07
141.72
148.34
144.93
150.99
145.03
155.91
162.91
166.13
176.82
174.64
175.02
180.32
176.53
171.71
183.91
182.59
186.37
173.41
173.69
785.5
883.8
884.08
0.09
-1.82
-0.43
0
-0.95
-0.78
-0.95
2.51
-189.03
-185.91
-177.67
-186.25
-184.69
-115.96
-177.59
-159.99
-160.95
-164.24
-164.85
-154.97
-155.49
-148.12
-146.47
-145.87
-133.82
-147.08
-141.88
-138.24
-147.86
-152.02
-165.97
-148.55
-151.41
-154.97
-139.37
-134.17
-143.7
-143.7
-145.43
-146.82
-144.57
-145.78
-139.97
-140.41
-151.15
-146.39
-145.61
-145.43
-149.68
-143.7
-153.15
-143.96
-146.56
-77.31
-145.17
-148.47
-143.18
-144.57
-143.87
-135.12
-138.59
-145.61
-146.13
-142.05
-138.07
-139.97
64.74
62.3
59.69
57.18
54.58
52.03
49.49
46.95
44.41
42.1
39.46
37.02
34.51
31.93
29.44
26.97
24.42
21.89
19.34
16.78
14.28
11.56
9.07
5.6
2.01
-1.42
-4.97
-8.43
-11.34
-13.87
-16.4
-18.88
-21.47
-23.97
-26.59
-29.12
-31.62
-34.09
-36.58
-39.12
-41.67
-43.97
-46.67
-49.17
-51.77
-54.31
-56.59
-59.13
-61.72
-64.23
-66.77
-69.33
-71.85
-74.36
-76.94
-79.52
-82.07
-84.22
-84.52
-84.54
-84.52
-84.53
-84.55
-84.56
-84.5
-82.93
-80.26
-77.6
-75.12
-72.55
-70.05
-67.48
-64.94
-62.42
-59.94
-57.4
-55.07
-52.47
-49.87
-47.34
-44.85
-42.24
-39.9
-37.29
-34.74
-32.34
-29.83
-27.27
-24.76
-22.23
-19.68
-17.13
-14.6
-12.05
-9.23
-5.76
-2.67
1.06
4.47
8.08
11.11
13.68
16.14
18.67
21.24
23.81
26.34
28.78
31.28
33.73
36.26
38.89
41.11
43.77
46.26
48.85
51.35
53.92
56.43
59.01
61.55
63.86
66.5
69.02
71.61
74.11
