126
55
72
118.37
114.43
123.06
120.86
120.49
122.68
123.66
119.58
125.94
119.43
111.26
123.44
123.59
118.67
118.37
116.4
120.03
120.03
117.46
116.02
115.72
116.48
130.18
117.99
115.94
118.22
113.3
116.55
126.31
115.04
121.02
114.58
118.98
122.61
121.32
117.38
115.34
108.98
112.31
114.89
111.63
119.13
112.77
117.31
124.88
126.31
131.54
134.42
130.63
136
136.54
136.08
145.84
139.26
128.51
135.78
130.86
601.76
730.27
726.26
-2.91
-1.8
-2.7
0.55
-2.91
-2.15
0.21
-1.53
-143.38
-141.51
-137.29
-142.34
-144.08
-124.32
-134.38
-133.54
-127.37
-126.89
-127.99
-122.52
-122.38
-116.76
-114.96
-116.49
-107.75
-114.13
-112.05
-107.68
-121.06
-106.57
-129.38
-119.95
-122.94
-121.62
-111.56
-110.18
-120.78
-115.03
-115.3
-114.2
-114.62
-118.36
-114.68
-113.22
-125.15
-120.92
-90.48
-113.85
-116.62
-108.23
-122.1
-113.58
-115.45
-123.42
-116.49
-116.49
-113.85
-112.26
-114.06
-117.32
-113.5
-113.99
-118.57
-112.12
-114.47
-114.34
64.78
62.23
59.72
57.14
54.68
52.19
49.53
47.3
44.68
42.14
39.63
37.06
34.69
32.09
29.63
27.06
24.59
22.05
19.51
17.01
14.51
11.92
9.2
5.56
2.44
-1.02
-4.64
-8.06
-11.14
-13.77
-16.38
-18.88
-21.44
-23.82
-26.43
-28.94
-31.42
-34.03
-36.54
-39.05
-41.63
-43.87
-46.51
-49.02
-51.56
-54.04
-56.6
-59.21
-61.72
-64.19
-66.54
-69.14
-72
-74.09
-76.64
-79.28
-81.85
-84.05
-84.47
-84.49
-84.47
-84.49
-84.47
-84.49
-84.42
-82.99
-80.18
-77.59
-75.16
-72.38
-70
-67.41
-64.77
-62.4
-59.96
-57.38
-54.85
-52.28
-49.72
-47.24
-44.97
-42.22
-39.77
-37.22
-34.58
-32.25
-29.71
-27.2
-24.57
-22.05
-19.58
-17.26
-14.66
-11.94
-8.99
-5.91
-2.57
1.05
4.63
8.04
11.11
13.65
16.23
18.81
21.34
23.92
26.42
28.93
31.1
33.77
36.25
38.82
41.32
43.82
46.29
48.95
51.42
53.97
56.44
58.99
61.58
64.13
66.39
69.04
71.6
74.12
