127
56
72
144.78
135.25
132.98
138.95
132.45
144.55
144.78
142.14
146.38
148.34
154.62
165.14
154.54
159.77
155.91
144.94
152.5
148.72
143.04
147.13
140.39
144.02
149.55
154.02
160.6
148.42
151.82
148.57
144.86
155.15
158.48
144.02
149.25
152.27
155.23
158.18
153.41
147.35
167.94
155.22
146.14
160.6
143.8
146.07
155.68
149.32
150.61
154.85
138.5
166.43
169.76
179.14
184.82
173.39
188.3
194.32
200.34
724.29
713.47
708.02
-2.08
-1.18
0.34
-2.91
-1.11
-2.84
-3.05
-2.78
-161.97
-161.62
-156.01
-138.54
-137.29
-126.26
-128.41
-119.95
-100.4
-108.72
-116.76
-113.16
-107.75
-113.16
-121.54
-119.19
-113.5
-123.49
-132.36
-121.9
-119.95
-122.66
-134.58
-108.38
-107.19
-102.9
-117.59
-109.42
-103.24
-108.02
-116.62
-113.71
-112.88
-128.06
-102.2
-112.95
-113.58
-126.54
-123.28
-126.12
-128.14
-114.47
-138.95
-129.1
-127.93
-137.5
-132.64
-124.18
-117.53
-122.17
-117.53
-121.06
-118.01
-120.65
-119.74
-129.73
-138.88
-137.42
-158.36
64.38
61.89
59.28
57.11
54.54
51.94
49.35
46.83
44.31
41.79
39.19
36.72
34.14
31.71
29.23
26.77
24.24
21.65
19.16
16.61
14.3
11.72
8.9
5.29
1.8
-1.73
-5.08
-8.62
-11.59
-13.95
-16.71
-19.22
-21.83
-24.01
-26.62
-29.24
-31.77
-34.18
-36.71
-39.34
-41.87
-44.16
-46.72
-49.24
-51.84
-54.4
-56.94
-59.45
-61.92
-64.45
-66.89
-69.52
-72.02
-74.59
-77.07
-79.6
-82.2
-83.99
-83.99
-83.99
-83.98
-83.99
-84.01
-83.99
-84
-83.23
-80.18
-77.56
-75.21
-72.47
-70.05
-67.55
-65.02
-62.47
-59.99
-57.65
-55.03
-52.53
-49.96
-47.42
-44.98
-42.28
-39.89
-37.24
-34.75
-32.47
-30.04
-27.34
-24.83
-22.29
-19.54
-17.19
-14.66
-12.09
-9.32
-5.85
-2.44
1.17
4.54
8.19
10.89
13.57
16.07
18.59
21.16
23.65
26.3
28.76
31.2
33.56
36.21
38.81
41.3
43.87
46.04
48.65
51.28
53.86
56.35
58.87
61.38
64.02
66.52
69.06
71.32
73.9
76.48
