127
56
72
159.22
147.77
157.61
155.25
151.46
150.52
151.27
156.95
156.85
150.61
147.2
156.1
204.91
150.04
162.06
150.04
154.68
149
151.08
150.23
147.11
146.64
153.83
156.48
153.35
151.27
146.35
149.29
150.7
142.66
147.49
148.62
151.84
152.79
157.61
150.89
144.93
142
142.38
152.41
140.11
154.02
146.26
149.29
159.98
164.04
175.96
176.63
171.8
180.03
182.49
171.9
187.41
184.29
166.79
184.76
173.69
675.48
854.28
850.49
-3.21
-2.69
-4.07
-3.29
-2.69
-0.52
-1.65
-1.47
-187.99
-188.85
-180.36
-183.13
-152.71
-166.67
-176.29
-178.02
-168.05
-165.97
-171.95
-159.04
-159.3
-153.06
-151.33
-150.63
-139.8
-154.53
-145.26
-148.38
-155.75
-158.61
-171.78
-154.01
-156.44
-35.71
-147.25
-142.66
-148.03
-153.67
-160.86
-151.41
-156.27
-157.13
-147.51
-146.56
-156.53
-155.4
-154.71
-151.85
-157.83
-148.9
-164.59
-151.76
-131.22
-164.07
-155.83
-153.06
-61.02
-151.5
-154.19
-156.18
-147.77
-152.63
-149.33
-151.15
-148.29
-148.12
-153.93
64.34
61.84
59.25
56.97
54.3
51.88
49.22
46.74
44.19
41.67
39.14
36.71
34.08
31.52
29.15
26.58
24.08
21.79
19.13
16.58
13.95
11.68
8.89
5.35
1.7
-1.72
-5.26
-8.68
-11.66
-14.18
-16.74
-19.33
-21.75
-24.3
-26.93
-29.4
-31.99
-34.19
-36.82
-39.31
-42.03
-44.26
-46.8
-49.34
-51.93
-54.39
-57.02
-59.52
-62.12
-64.64
-67.22
-69.78
-72.31
-74.83
-77.03
-79.55
-82.22
-84.62
-84.91
-84.92
-84.93
-84.89
-84.91
-84.92
-84.88
-83.23
-80.52
-77.92
-75.45
-72.83
-70.34
-67.75
-65.31
-62.95
-60.46
-57.83
-55.35
-52.78
-50.17
-47.63
-45.22
-42.71
-40.2
-37.54
-35.09
-32.62
-30.05
-27.53
-25.02
-22.51
-19.89
-17.63
-15.13
-12.46
-9.84
-6.28
-2.9
0.72
4.22
7.39
10.84
13.42
15.83
18.47
20.69
23.34
25.88
28.34
30.81
33.44
35.94
38.42
41.02
43.3
45.8
48.42
50.97
53.59
56.1
58.62
60.99
63.62
66.14
68.7
71.25
73.76
76.23
