127
56
72
120.03
116.55
121.32
121.85
121.62
124.8
124.12
117.23
130.33
122.98
114.58
121.1
120.49
122.76
125.63
111.94
123.97
117.46
119.5
118.98
114.96
115.11
122.23
119.81
116.86
119.58
111.1
121.47
111.71
111.02
123.51
111.94
115.5
120.79
121.54
113.45
115.87
105.66
115.04
113.75
112.77
120.11
112.77
119.43
125.86
129.57
135.25
131.16
127.6
131.77
133.5
129.72
141.61
158.33
135.47
129.12
132.22
678.66
712.26
710.9
0.76
0.9
1.74
-1.32
-0.49
-0.62
2.63
1.66
-143.46
-136.46
-142.42
-134.93
-143.18
-125.15
-131.88
-127.79
-123.7
-128.41
-120.78
-119.54
-118.7
-115.24
-111.14
-112.95
-109.21
-114.89
-111.77
-103.79
-112.46
-87.15
-130.28
-119.46
-115.66
-118.78
-106.71
-98.74
-118.7
-110.25
-108.23
-108.72
-107.06
-117.18
-109.14
-106.57
-117.04
-115.79
-110.94
-113.58
-115.79
-104.35
-121.48
-113.3
-112.67
-123.62
-114.06
-115.79
-112.26
-111.29
-113.78
-114.62
-115.21
-115.79
-116.7
-109.55
-111.42
-109.83
-107.96
62.97
60.47
57.91
55.62
53.01
50.4
47.87
45.29
42.78
40.31
37.76
35.27
32.67
30.16
27.73
25.21
22.66
20.23
17.58
15.09
12.54
10.31
6.9
3.32
-0.17
-3.7
-7.17
-10.46
-13.16
-15.62
-18.2
-20.69
-23.3
-25.5
-28.17
-30.72
-33.23
-35.7
-38.15
-40.78
-43.32
-45.81
-48.4
-50.67
-53.26
-55.84
-58.33
-60.88
-63.42
-66.12
-68.35
-70.96
-73.51
-76
-78.57
-81.05
-83.65
-85.68
-85.82
-85.79
-85.84
-85.8
-85.81
-85.81
-85.84
-84.55
-81.77
-79.13
-76.76
-73.94
-71.71
-69.2
-66.67
-64.16
-61.61
-59.27
-56.74
-54.18
-51.56
-49.06
-46.58
-44
-41.46
-38.79
-36.43
-33.82
-31.37
-28.82
-26.25
-24
-21.29
-18.73
-16.23
-13.64
-11.31
-8.06
-4.72
-1.2
2.28
5.74
9.33
12.02
14.48
17.09
19.65
22.16
24.75
27.27
29.33
32
34.55
37.17
39.49
41.97
44.65
47.19
49.69
52.26
54.74
57.25
59.82
62.37
64.9
67.41
69.91
72.56
74.77
