126
55
72
115.19
115.42
121.93
119.66
121.78
121.54
125.34
119.43
128.58
121.93
113.53
122.68
123.66
119.81
120.86
112.77
122.91
118.06
115.57
115.57
115.11
115.19
120.42
121.1
115.94
118.3
112.24
115.57
115.57
117.76
121.32
113.07
118.82
129.72
121.02
113.98
114.13
106.34
111.86
114.21
111.78
116.78
112.31
120.79
123.37
124.73
129.65
134.26
128.66
131.08
131.99
130.7
137.22
133.81
130.25
133.28
126.7
633.7
732.16
729.14
-1.94
-1.46
-1.11
-0.62
-0.83
-1.18
-0.76
0.34
-136.1
-139.43
-134.86
-140.06
-144.29
-121.75
-134.17
-130.63
-126.82
-123.83
-130.77
-121.96
-120.86
-115.1
-113.99
-115.38
-107.13
-118.42
-112.54
-107.89
-121.2
-121.06
-131.26
-118.7
-120.16
-126.12
-114.62
-106.36
-121.96
-112.67
-115.66
-114.41
-114.06
-118.08
-113.5
-112.6
-121.96
-117.18
-113.09
-115.45
-119.67
-109.27
-121.9
-115.17
-116.9
-117.87
-115.38
-115.93
-113.5
-113.02
-115.38
-120.16
-114.26
-116.83
-118.84
-115.72
-116.62
-115.58
64.69
62.22
59.5
57.27
54.67
52.16
49.58
47.05
44.47
41.93
39.36
37.09
34.41
32.01
29.43
26.93
24.45
21.91
19.38
16.91
14.32
11.82
9.13
5.58
2.04
-1.49
-4.98
-8.4
-11.2
-13.89
-16.41
-18.87
-21.49
-23.99
-26.6
-29.14
-31.56
-34.11
-36.55
-39.2
-41.67
-43.97
-46.74
-49.29
-51.65
-54.2
-56.71
-59.21
-61.86
-64.32
-66.94
-69.44
-71.92
-74.5
-76.91
-79.49
-81.78
-84.1
-84.49
-84.46
-84.47
-84.46
-84.48
-84.46
-84.42
-82.82
-80.07
-77.48
-75.07
-72.35
-69.87
-67.63
-65.01
-62.37
-59.91
-57.41
-54.88
-52.27
-49.69
-47.39
-44.93
-42.22
-39.73
-37.13
-34.65
-32.13
-29.82
-27.2
-24.62
-22.09
-19.57
-17.02
-14.46
-12.11
-9.28
-5.79
-2.29
1.22
4.63
8.24
11.22
13.78
16.19
18.72
21.27
23.85
26.41
28.69
31.2
33.81
36.3
38.83
41.43
43.91
46.41
48.99
51.44
54.1
56.35
58.99
61.53
64.02
66.66
68.99
71.66
74.13
