124
53
73
145.01
145.46
138.42
130.63
139.03
132.14
139.41
146.67
142.82
145.69
148.57
152.27
164.01
157.8
151.98
161.21
145.84
150.16
152.5
146.82
150.01
141.98
140.47
145.92
151.98
154.39
153.49
153.26
146.14
143.87
154.54
168.47
144.7
151.29
149.78
161.43
155.3
152.05
146.07
160.14
157.5
138.12
147.21
145.24
173.7
151.14
144.33
150.23
151.44
137.82
164.16
167.64
169.91
180.96
170.59
188.9
192.16
183.54
453.34
718.39
714.15
-2.08
-0.83
-2.22
-3.46
-0.55
7.62
0.42
-0.7
-164.95
-158.85
-146.44
-131.26
-136.25
-134.17
-122.31
-114.82
-101.65
-114.26
-120.02
-113.37
-114.26
-113.43
-127.99
-117.46
-106.98
-127.44
-128.34
-124.81
-114.54
-125.15
-133.96
-103.73
-107.68
-109
-118.42
-108.23
-98.53
-109.76
-119.61
-113.3
-120.3
-121.9
-113.22
-111.5
-119.74
-125.5
-131.32
-129.38
-126.95
-127.16
-142.49
-129.52
-129.94
-138.12
-126.12
-125.57
-117.66
-122.14
-126.61
-120.5
-116.62
-120.23
-113.99
67.61
65.11
62.6
60.01
57.81
55.15
52.65
50.05
47.52
44.98
42.48
39.85
37.63
34.93
32.43
29.91
27.53
24.91
22.46
19.84
17.36
14.76
12.27
10.03
6.36
2.85
-0.64
-4.17
-7.57
-10.9
-13.46
-15.99
-18.29
-20.98
-23.47
-25.98
-28.6
-31.16
-33.58
-36.04
-38.39
-41.05
-43.6
-46.17
-48.68
-51.21
-53.72
-56.26
-58.58
-61.28
-63.67
-66.31
-68.79
-71.35
-73.94
-76.44
-78.96
-81.57
-83.79
-84
-84.01
-84
-84.01
-84.01
-84.02
-83.9
-81.95
-79.39
-76.69
-74.36
-71.68
-69.15
-66.67
-64.13
-61.56
-58.99
-56.42
-54.01
-51.45
-48.86
-46.61
-44.12
-41.46
-38.93
-36.42
-33.84
-31.35
-28.82
-26.5
-23.9
-21.26
-18.8
-16.32
-13.72
-11.14
-8.05
-4.49
-1.37
2.27
5.7
9.28
11.95
14.53
17.11
19.62
22.15
24.56
27.05
29.59
32.14
34.59
37.15
39.67
42.22
44.71
47.3
49.81
52.39
54.64
57.26
59.77
62.35
64.86
67.47
