123
52
72
145.99
133.28
133.74
147.43
140.32
145.54
147.74
145.01
151.98
149.32
157.87
168.7
157.42
158.78
162.94
147.5
156.29
154.39
147.66
150.91
143.57
143.57
154.17
156.82
158.63
156.21
149.93
147.13
142.29
146.67
155.07
138.27
144.94
145.92
148.57
148.19
142.97
136.3
153.56
145.69
131.46
140.92
133.96
138.58
144.55
143.19
146.45
141.38
134.18
185.65
158.78
157.65
193.37
157.34
183.76
181.42
170.82
730.04
736.02
732.99
0.21
0.49
-0.97
-0.7
-0.97
-1.46
-0.34
-0.42
-148.66
-152.12
-146.37
-133.96
-122.24
-127.16
-123.62
-120.5
-101.99
-107.34
-118.08
-111.5
-110.1
-114.2
-123.9
-117.74
-108.93
-123.21
-129.8
-122.79
-117.53
-113.58
-137.22
-106.08
-107.34
-111.98
-119.12
-105.53
-98.87
-110.46
-119.19
-111.5
-115.72
-128.34
-112.26
-118.08
-117.8
-124.18
-124.53
-126.06
-130.14
-121.62
-139.58
-126.82
-127.44
-134.17
-129.73
-120.78
-115.72
-121.69
-123.42
-122.66
-117.87
-121.69
-120.16
64.6
62.15
59.59
57.04
54.57
51.96
49.66
47.13
44.59
42
39.41
37
34.31
31.8
29.33
26.86
24.32
21.79
19.27
16.73
14.24
11.71
9.06
5.47
2
-1.25
-4.86
-8.23
-11.35
-13.86
-16.49
-19
-21.61
-23.98
-26.65
-29.13
-31.64
-34.14
-36.43
-38.96
-41.59
-44.39
-46.69
-49.28
-51.65
-54.17
-56.72
-59.27
-61.82
-64.29
-66.85
-69.47
-71.88
-74.41
-76.97
-79.6
-81.82
-83.99
-84.01
-83.99
-83.98
-84
-84.02
-84.01
-84
-83
-79.95
-77.31
-75
-72.29
-69.71
-67.23
-64.67
-62.08
-59.89
-57.25
-54.64
-52.16
-49.66
-47.07
-44.63
-41.99
-39.57
-36.95
-34.41
-31.93
-29.43
-26.88
-24.63
-22.1
-19.49
-16.93
-14.39
-11.76
-8.86
-5.43
-2.28
1.46
4.87
8.33
11.28
13.86
16.56
19.03
21.36
23.94
26.44
28.99
31.42
34
36.45
39.09
41.34
43.97
46.46
49.1
51.57
54.17
56.74
59.13
61.68
64.25
66.68
