123
52
72
141.38
132.45
135.93
143.8
147.43
145.99
157.04
148.49
147.28
152.5
135.86
148.42
134.57
134.87
135.17
120.34
126.09
122.46
128.82
132.37
128.28
122.3
136.3
137.52
144.33
144.26
125.78
138.95
135.55
135.47
143.04
124.5
129.65
128.74
134.79
132.6
143.57
127
136.83
137.97
137.22
150.08
148.79
166.05
179.37
182.1
181.12
180.13
168.54
180.2
178.16
168.78
169.61
164.99
173.85
189.74
174.6
724.22
711.88
710.22
-3.61
-3.26
-3.05
-0.9
-2.36
-0.21
-1.32
-2.15
-171.26
-172.09
-166.2
-152.33
-158.22
-156.63
-156.98
-157.32
-147.82
-155.52
-161.97
-147.34
-144.08
-131.26
-126.95
-129.31
-117.59
-121.69
-135
-128.14
-134.58
-134.65
-136.59
-129.03
-127.37
-139.64
-141.79
-128.41
-139.3
-133.06
-134.51
-140.41
-129.66
-130.63
-115.93
-118.42
-127.86
-124.32
-120.3
-118.29
-126.82
-121.34
-136.66
-126.4
-139.5
-142.34
-140.62
-111.01
-137.7
-136.52
-135.83
-134.38
-125.43
-123.07
-124.25
64.37
61.82
59.28
56.75
54.33
51.66
49.24
46.64
44.07
41.58
39.16
36.55
34.13
31.55
29.11
26.53
24.15
21.53
19.03
16.4
14.04
11.65
8.67
5.05
1.62
-1.61
-5.34
-8.55
-11.66
-14.32
-16.69
-19.34
-21.84
-24.33
-26.83
-29.42
-31.87
-34.37
-36.85
-39.51
-41.87
-44.47
-46.92
-49.49
-51.93
-54.62
-57.01
-59.68
-62.07
-64.68
-67.12
-69.71
-72.12
-74.73
-77.11
-79.79
-82.24
-84.05
-84.03
-84.04
-84.02
-84.04
-84.05
-84.06
-84.07
-83.39
-80.42
-77.61
-75.47
-72.54
-70.26
-67.55
-65.28
-62.47
-60.17
-57.45
-55.11
-52.35
-50.01
-47.31
-45.05
-42.33
-40.02
-37.25
-34.94
-32.31
-29.98
-27.26
-24.92
-22.25
-19.9
-17.19
-14.59
-12.04
-9.23
-5.85
-2.35
1.11
4.77
8.01
11.18
13.56
16.26
18.64
21.22
23.66
26.25
28.7
31.24
33.74
36.28
38.75
41.37
43.74
46.29
48.78
51.38
53.96
56.45
58.88
61.51
64
66.5
