123
52
72
144.02
139.78
129.65
138.66
138.8
141.3
149.02
146.38
149.86
149.18
154.17
165.9
158.86
155.07
165.74
152.27
154.17
153.18
147.21
152.96
147.28
148.42
153.34
153.41
156.44
155.98
158.33
149.32
143.72
152.13
170.06
150.46
149.7
151.9
163.86
157.73
152.66
144.55
159.46
154.54
133.43
143.57
136.38
133.13
145.16
140.39
142.21
145.84
134.26
158.26
159.16
158.41
168.78
161.43
173.02
179.98
245.74
563.31
701.82
698.48
9.29
-2.98
-2.42
-4.3
-1.66
-1.53
-2.5
-1.94
-154.14
-150.6
-139.37
-133.34
-134.86
-120.5
-120.92
-118.5
-100.82
-108.1
-116.7
-112.12
-114.47
-116.34
-126.47
-117.04
-105.18
-126.89
-129.1
-124.18
-115.38
-127.02
-135.27
-102.13
-103.24
-112.81
-118.57
-108.86
-100.88
-110.59
-120.44
-114.89
-118.15
-123.77
-112.54
-116.14
-117.32
-124.66
-118.78
-128.34
-126.89
-124.32
-141.58
-127.23
-128.27
-141.79
-129.73
-124.11
-115.17
-120.02
-127.02
-123.7
-120.86
-124.25
-113.71
65.2
62.74
60.1
57.65
55.13
52.58
50
47.46
44.9
42.4
40.1
37.6
34.85
32.32
30.07
27.52
24.9
22.42
19.84
17.39
14.86
12.29
9.67
6.26
2.79
-0.69
-3.99
-7.47
-10.84
-13.39
-15.95
-18.47
-20.86
-23.45
-26.01
-28.49
-31.17
-33.58
-36
-38.68
-41.21
-43.66
-46.23
-48.74
-51.29
-53.72
-56.08
-58.63
-61.23
-63.72
-66.33
-68.87
-71.21
-73.8
-76.43
-78.9
-81.52
-83.84
-83.98
-84
-83.97
-83.97
-83.99
-83.99
-83.97
-82.35
-79.55
-76.88
-74.46
-71.84
-69.34
-66.84
-64.29
-61.79
-59.21
-56.79
-54.37
-51.81
-49.32
-46.71
-44.23
-41.68
-39.12
-36.55
-34.03
-31.59
-29.29
-26.6
-24.13
-21.63
-19.02
-16.53
-14.14
-11.53
-8.49
-5.02
-1.48
2.06
5.43
9.02
11.75
14.36
16.7
19.18
21.74
24.35
26.84
29.4
31.84
34.43
36.99
39.48
41.94
44.44
47.02
49.55
52.09
54.42
56.93
59.56
62.09
64.57
67.17
