123
52
72
127.07
124.8
136.69
132.22
132.98
142.82
144.55
142.89
145.84
133.5
132.14
137.97
127.07
130.18
132.3
126.92
135.55
125.03
129.12
130.18
125.41
132.37
138.42
139.41
141.38
134.26
123.14
141.15
131.99
126.92
138.73
134.87
141.15
135.17
134.49
128.82
129.04
122.38
146.6
133.81
134.18
127.6
121.4
124.2
124.05
124.95
138.05
127.3
132.67
139.86
139.26
132.3
139.78
141.83
173.77
145.62
140.02
652.85
683.8
681.53
-0.7
-0.9
-1.04
-1.38
-0.9
-1.8
-1.25
-0.42
-135.69
-140.75
-144.78
-133.82
-136.31
-133.68
-128.06
-131.94
-121.06
-128.2
-122.79
-131.11
-126.12
-130.56
-129.07
-127.58
-132.98
-149.49
-148.03
-132.85
-138.74
-140.41
-141.38
-141.17
-140.82
-132.71
-131.88
-124.32
-137.08
-138.39
-126.47
-139.09
-143.94
-145.54
-146.3
-135.34
-137.56
-145.74
-145.82
-141.66
-148.17
-131.6
-145.4
-141.1
-144.5
-154.82
-150.25
-149.49
-147.2
-146.99
-138.6
-106.15
-128.82
-131.94
-128.76
64.84
62.15
59.77
57.11
54.74
52.06
49.69
47.02
44.64
41.9
39.31
36.95
34.3
31.9
29.4
26.99
24.35
21.82
19.53
16.87
14.49
11.81
8.9
5.52
2.05
-1.26
-5.02
-8.26
-11.44
-13.95
-16.54
-18.91
-21.57
-23.96
-26.57
-29.05
-31.64
-34.01
-36.54
-39.06
-41.63
-44.08
-46.64
-49.05
-51.7
-54.04
-56.68
-59.12
-61.75
-64.14
-66.84
-69.36
-71.88
-74.25
-76.9
-79.24
-81.85
-83.9
-83.98
-83.99
-84.01
-84.01
-83.99
-83.98
-83.99
-82.68
-79.81
-77.19
-74.92
-72.13
-69.68
-67.16
-64.71
-62.08
-59.61
-57.04
-54.6
-51.97
-49.54
-46.93
-44.57
-41.92
-39.43
-36.9
-34.51
-31.89
-29.5
-26.79
-24.39
-21.82
-19.42
-16.78
-14.37
-11.64
-9.04
-5.38
-2.12
1.59
4.85
8.64
11.3
14.02
16.53
19.14
21.43
24.12
26.55
29.06
31.47
34.11
36.51
39.1
41.53
44.08
46.57
49.25
51.66
54.28
56.6
59.26
61.67
64.34
66.7
