140
58
82
150.99
150.33
147.3
150.14
150.52
158.75
145.41
149.76
134.15
142.19
148.91
156.76
152.12
138.6
148.34
143.7
144.74
146.83
133.87
144.84
140.2
143.99
149.29
130.55
139.64
145.22
132.82
156
133.3
142.47
148.91
129.42
150.61
129.8
138.97
149.1
142.85
142.29
134.05
137.08
145.31
150.99
151.37
141.15
154.21
136.14
146.07
139.45
157.04
134.91
152.22
149.76
151.27
149.85
150.61
140.87
168.87
163.1
173.98
159.31
152.69
142.95
158.75
573.4
914.83
914.26
2.17
1.91
4.25
2.34
3.03
4.07
2.25
1.04
2.34
2.34
2.77
2.6
-151.41
-134.95
-118.3
-137.81
-171.26
-134.77
-148.81
-140.84
-139.8
-146.82
-141.1
-134.69
-138.5
-137.03
-153.75
-140.75
-131.91
-136.77
-137.29
-150.98
-151.76
-146.3
-140.93
-145.52
-142.49
-135.03
-134.86
-131.74
-143.09
-141.27
-126.45
-138.41
-133.65
-136.59
-146.91
-131.48
-132.69
-127.75
-138.41
-142.23
-130.78
-138.59
-133.65
-137.29
-145.26
-136.85
-145.26
-135.29
-135.47
-143.18
-131.13
-147.25
-139.11
-132
-136.16
-138.76
-144.39
-143.96
-147.34
-146.47
-141.36
-143.53
59.18
56.57
54.03
51.74
49.2
46.67
44.03
41.48
38.98
36.43
33.97
31.41
28.9
26.41
23.91
21.37
18.9
16.37
13.83
11.26
8.29
4.7
1.59
-1.96
-5.4
-9
-11.92
-14.5
-17.02
-19.54
-22.06
-24.43
-26.9
-29.5
-32.11
-34.58
-37.01
-39.6
-42.16
-44.64
-47.2
-49.84
-52.36
-54.84
-57.42
-59.95
-62.42
-64.91
-67.4
-70.02
-72.26
-74.9
-77.42
-80.03
-82.45
-85.11
-87.56
-90.14
-92.62
-95.17
-97.48
-100.04
-102.63
-104.91
-105.56
-105.56
-105.56
-105.56
-105.56
-105.56
-105.44
-103.54
-100.68
-98.02
-95.77
-93.26
-90.61
-88.13
-85.64
-83.15
-80.55
-78.02
-75.41
-73.14
-70.61
-68.05
-65.45
-62.91
-60.46
-57.89
-55.38
-52.79
-50.34
-47.67
-45.17
-42.68
-40.11
-37.67
-35.29
-32.8
-30.26
-27.73
-25.08
-22.56
-20.03
-17.52
-14.97
-12.52
-10.06
-6.35
-2.97
0.52
3.97
7.54
10.73
13.29
15.82
18.31
20.93
23.19
25.73
28.35
30.8
33.36
35.9
38.46
40.95
43.49
45.97
48.29
50.89
53.52
55.99
58.59
61.07
63.58
66.15
68.73
71.2
73.76
