151
70
90
1.61
1.32
-0.38
0
0.85
149.29
141.81
154.68
158.18
142.19
150.33
151.18
160.73
166.5
149.29
139.92
141.34
145.41
151.75
147.68
157.61
139.07
163
188.93
143.42
145.03
140.96
149.19
147.68
134.15
144.27
136.89
145.97
157.8
132.45
149.57
143.04
142.1
155.62
133.01
148.81
133.68
143.52
154.11
143.23
137.27
139.35
144.65
151.75
149.29
157.33
142.47
150.14
139.83
143.52
144.46
158.46
150.33
152.69
152.88
146.35
149.76
154.49
145.31
161.58
171.8
170.48
186.56
153.54
147.39
160.35
440.29
923.34
924.1
2.08
1.21
2.69
3.12
0.43
4.85
2.25
1.91
4.77
2.43
-1.3
2.08
-144.05
-134.86
-127.32
-157.05
-163.2
-139.8
-156.18
-141.27
-139.97
-143.09
-137.2
-135.73
-141.1
-137.03
-142.75
-136.59
-140.93
-139.8
-147.51
-150.11
-150.72
-151.15
-144.57
-141.71
-135.29
-134.69
-136.33
-131.74
-140.58
-132.52
-131.82
-136.77
-128.88
-143.61
-139.89
-127.23
-132.78
-126.97
-143.79
-137.63
-129.22
-150.03
-130.35
-142.14
-139.63
-135.21
-147.51
-132.43
-138.15
-138.15
-129.66
-154.97
-130.26
-129.92
-130.87
-140.49
-148.73
-145.52
-144.31
-141.53
-133.21
-148.03
-138.24
-128.18
-126.88
79.91
77.35
74.76
72.28
69.77
67.34
64.79
62.16
59.61
57.4
54.88
52.26
49.67
47.15
44.58
42.12
39.53
37.03
34.48
32.18
29.72
27.12
24.64
22.07
19.55
16.99
14.46
11.99
9.16
5.59
2.17
-1.39
-4.89
-8.01
-11.26
-13.81
-16.3
-18.86
-21.42
-23.97
-26.48
-29.09
-31.53
-33.9
-36.41
-39.01
-41.5
-44.17
-46.53
-49.22
-51.68
-54.27
-56.81
-59.1
-61.58
-64.18
-66.74
-69.21
-71.78
-74.31
-76.85
-79.39
-81.88
-84.54
-86.74
-89.32
-91.88
-94.36
-97.02
-99.54
-101.98
-104.57
-105.46
-105.47
-105.49
-105.48
-105.49
-105.49
-105.12
-102.62
-99.87
-97.66
-94.99
-92.51
-89.94
-87.46
-85.07
-82.42
-79.78
-77.28
-74.75
-72.46
-69.83
-67.31
-64.78
-62.24
-59.69
-57.19
-54.71
-52.17
-49.59
-46.98
-44.51
-41.97
-39.47
-37.16
-34.54
-32
-29.57
-27.01
-24.44
-21.88
-19.36
-16.76
-14.51
-11.98
-9
-5.49
-2.08
1.49
4.86
8.55
11.39
13.95
16.46
19.01
21.58
24.05
26.61
29.1
31.36
34.02
36.47
39.09
41.6
44.15
46.64
49.15
51.76
54.25
56.6
59.31
61.78
64.3
66.89
69.44
71.85
74.47
76.97
79.52
82.04
