140
58
82
156.67
143.33
151.27
149.85
153.64
159.41
143.99
145.97
132.82
142.57
147.02
149.19
154.49
139.92
154.49
143.8
144.37
141.72
134.24
142.95
140.49
137.84
144.56
136.04
141.62
142.1
128.85
152.5
131.22
142
147.39
128.66
148.62
128.95
133.58
145.03
142.76
145.69
135.66
143.89
149.48
148.81
155.91
141.53
157.33
141.62
146.26
143.61
156.29
139.16
151.75
146.73
146.73
148.15
153.92
143.14
170
165.27
172.27
162.06
151.46
145.22
160.83
540.1
880.48
879.35
2.17
3.29
2.69
2.95
0.35
4.07
1.3
4.59
3.73
2.43
2.51
2.77
-126.62
-136.51
-124.37
-152.97
-170.48
-136.51
-149.77
-139.37
-139.63
-145.69
-139.63
-139.11
-142.4
-139.28
-151.33
-139.8
-134.34
-133.73
-136.59
-152.02
-149.85
-145.87
-137.89
-144.31
-138.07
-128.36
-134.51
-128.88
-138.5
-130.26
-129.74
-129.57
-129.48
-140.06
-141.79
-133.91
-135.47
-125.24
-136.51
-134.95
-130.7
-143.53
-128.62
-133.04
-142.75
-135.12
-144.05
-132.86
-137.11
-131.13
-131.22
-152.54
-136.33
-129.66
-127.32
-141.1
-151.33
-145.35
-147.17
-142.14
-139.02
-149.07
59.49
56.98
54.38
51.9
49.25
46.75
44.23
41.72
39.19
36.66
34.08
31.58
29.08
26.85
24.18
21.68
19.13
16.6
14.06
11.54
8.6
5.1
1.91
-1.64
-5.03
-8.75
-11.68
-14.27
-16.8
-19.31
-21.81
-24.41
-26.85
-29.5
-31.91
-34.43
-36.9
-39.56
-42.01
-44.31
-46.81
-49.48
-51.93
-54.54
-57.08
-59.64
-62.23
-64.74
-66.96
-69.55
-72.13
-74.73
-77.18
-79.77
-82.22
-84.9
-87.36
-89.8
-92.36
-94.92
-97.37
-100.07
-102.52
-104.68
-105.42
-105.42
-105.42
-105.43
-105.42
-105.42
-105.19
-103.19
-100.3
-97.87
-95.29
-92.8
-90.22
-87.79
-85.33
-82.67
-80.1
-77.61
-75.08
-72.48
-70.02
-67.49
-64.9
-62.69
-60.13
-57.58
-54.97
-52.44
-49.9
-47.36
-44.82
-42.27
-40
-37.47
-34.91
-32.25
-29.81
-27.32
-24.7
-22.15
-19.68
-17.19
-14.64
-12
-9.37
-5.69
-2.38
1.27
4.41
8.03
11.07
13.65
16.19
18.76
21.26
23.71
26.31
28.84
31.12
33.6
36.17
38.73
41.31
43.86
46.3
48.87
51.48
53.96
56.52
59.08
61.52
64.06
66.6
69.13
71.44
74.09
