140
58
82
152.88
149.57
149.57
149.38
151.93
157.71
145.97
151.46
135.85
144.93
151.37
156.38
154.58
140.49
151.18
147.02
149.76
151.84
136.8
145.69
141.43
148.62
150.52
141.53
141.53
145.31
137.65
157.61
141.34
144.74
146.83
139.92
157.42
135
140.96
147.87
151.46
151.37
144.18
139.26
147.68
150.23
157.71
139.45
157.61
136.99
150.23
143.52
158.08
143.23
147.96
153.54
152.41
150.14
155.25
140.68
174.17
169.06
180.79
168.4
149.76
150.7
160.26
636.97
866.48
864.87
2.17
2.6
2.08
1.82
2.77
1.13
3.12
2.51
2.95
2.86
3.12
1.82
-141.88
-136.51
-121.34
-143.7
-178.28
-138.5
-149.51
-143.27
-140.41
-151.07
-140.67
-141.01
-139.97
-138.5
-150.11
-144.48
-135.99
-139.89
-136.33
-155.49
-152.89
-147.95
-140.23
-152.89
-145.43
-138.24
-135.73
-138.85
-140.84
-146.04
-132.43
-140.49
-134.86
-140.49
-150.55
-137.89
-136.51
-131.91
-139.89
-148.38
-131.48
-141.88
-132.52
-143.18
-149.51
-137.55
-145.17
-137.29
-135.9
-149.68
-132.17
-149.51
-138.41
-131.74
-137.72
-135.29
-141.27
-143.79
-148.9
-145.78
-142.05
-137.37
58.98
56.45
53.92
51.59
49.04
46.46
43.88
41.3
38.75
36.26
33.74
31.26
28.99
26.42
23.78
21.3
18.77
16.19
13.69
11.21
7.98
4.68
1.07
-2.42
-5.75
-9.39
-12.26
-14.43
-17.1
-19.63
-22.08
-24.76
-27.17
-29.8
-32.27
-34.76
-37.28
-39.63
-42.26
-44.8
-47.31
-49.91
-52.37
-54.87
-57.45
-60.06
-62.43
-65.07
-67.51
-70.09
-72.61
-75.19
-77.61
-80.25
-82.76
-85.06
-87.6
-90.17
-92.72
-95.23
-97.78
-100.32
-102.81
-104.98
-105.35
-105.35
-105.35
-105.35
-105.36
-105.37
-105.34
-103.83
-100.58
-98.08
-95.54
-93.02
-90.51
-88
-85.53
-83.25
-80.52
-78.03
-75.54
-72.93
-70.43
-67.95
-65.3
-62.8
-60.5
-57.99
-55.35
-52.8
-50.36
-47.78
-45.19
-42.78
-40.18
-37.72
-35.06
-32.62
-30.14
-27.57
-25.02
-22.53
-19.95
-17.5
-14.87
-12.66
-9.95
-6.38
-2.8
0.67
4.15
7.65
10.85
13.33
15.68
18.18
20.83
23.27
25.88
28.38
30.85
33.34
35.93
38.39
41.02
43.51
46.05
48.55
51.05
53.56
56.08
58.61
61.13
63.68
66.27
68.81
71.09
73.63
