143
62
82
161.11
139.92
157.23
156.76
166.22
169.25
154.68
139.73
146.54
143.61
152.69
142
145.79
128.66
144.56
149.29
125.73
125.63
126.2
134.43
134.43
122.99
129.32
126.2
134.43
142.66
119.96
133.77
119.11
119.58
130.08
108.13
128.85
114.38
125.35
136.8
124.12
123.46
135.19
140.01
151.08
142.66
154.68
144.65
153.64
144.65
149.95
148.06
162.72
151.27
158.84
157.52
155.81
159.79
161.96
153.54
163.67
176.25
175.11
193.75
152.12
145.6
159.98
386.65
925.04
920.22
-0.35
-0.43
-3.47
-0.95
-1.82
-2.69
0.09
0.61
-0.61
-1.3
-0.61
-2.6
-133.91
-139.8
-114.49
-164.67
-176.2
-149.77
-159.99
-154.71
-148.47
-156.44
-149.85
-152.63
-151.93
-143.27
-157.31
-147.86
-146.13
-145.43
-147.17
-159.99
-157.48
-152.19
-143.35
-146.39
-138.93
-129.92
-130.61
-126.8
-129.92
-122.72
-119.6
-123.76
-120.99
-135.55
-129.31
-130.78
-129.74
-116.48
-139.97
-133.65
-125.06
-137.89
-124.54
-129.66
-132.86
-130.44
-141.88
-126.8
-130.09
-131.91
-130.61
-154.97
-139.19
-136.42
-134.51
-147.69
-156.27
-149.33
-154.45
-144.57
-143.01
-153.49
-141.01
-122.2
-128.36
59.52
57
54.54
52.02
49.45
46.92
44.4
41.94
39.45
36.81
34.28
31.88
29.37
26.79
24.39
21.87
19.31
16.83
14.27
11.75
8.89
5.43
2.1
-1.41
-4.96
-8.48
-11.49
-14.06
-16.53
-19.08
-21.61
-24.21
-26.49
-29.03
-31.51
-33.99
-36.54
-39.12
-41.66
-44.24
-46.72
-49.26
-51.77
-54.29
-56.89
-59.46
-61.96
-64.43
-66.94
-69.48
-71.99
-74.56
-77.14
-79.68
-82.21
-84.78
-86.95
-89.47
-92
-94.62
-97.17
-99.72
-102.21
-104.72
-105.87
-105.9
-105.88
-105.9
-105.88
-105.92
-105.46
-103.02
-100.45
-97.94
-95.39
-92.82
-90.37
-87.86
-85.43
-82.76
-80.25
-77.75
-75.17
-72.63
-70.37
-67.85
-65.24
-62.77
-60.18
-57.62
-55.07
-52.51
-49.98
-47.46
-44.94
-42.44
-40.11
-37.59
-34.98
-32.48
-30
-27.48
-24.93
-22.32
-19.87
-17.34
-14.81
-12.28
-9.47
-5.88
-2.42
0.96
4.47
8.06
11.06
13.65
16.18
18.4
21.05
23.59
26.15
28.72
31.11
33.59
36.15
38.7
41.19
43.74
46.01
48.62
51.25
53.73
56.37
58.91
61.42
63.85
66.44
68.98
71.48
74.05
76.56
79.1
81.64
