144
62
82
156
140.68
151.84
146.16
152.98
159.03
143.52
142.85
131.12
139.35
145.41
145.03
155.25
139.16
151.46
142.95
139.92
142.38
132.54
140.87
136.14
136.51
137.93
132.35
138.6
150.52
129.51
147.02
133.11
132.35
143.52
122.99
148.06
124.03
132.54
141.24
140.68
138.88
131.31
141.91
148.91
145.22
153.64
142.76
158.18
143.52
148.53
146.35
157.04
147.02
152.41
152.41
149.38
154.96
154.68
151.37
172.18
167.07
174.73
175.87
152.41
147.68
161.87
486.83
851.35
855.13
1.47
0.17
0.61
-0.43
0.61
1.21
2.17
-1.13
0
1.65
1.99
0.52
-137.89
-137.11
-125.67
-152.37
-176.81
-143.27
-157.57
-144.65
-144.91
-150.29
-144.22
-142.83
-146.99
-142.57
-157.91
-142.66
-136.94
-141.53
-140.23
-153.75
-152.8
-142.75
-140.41
-140.84
-142.92
-129.05
-133.39
-128.88
-138.41
-140.15
-129.48
-99.24
-128.53
-138.76
-144.31
-132.17
-134.08
-126.88
-134.95
-141.01
-130.87
-143.09
-132.08
-131.82
-139.37
-134.86
-145.87
-129.48
-132.52
-145.09
-129.66
-152.11
-135.47
-130
-132.6
-139.71
-146.91
-144.91
-146.3
-140.23
-142.23
-146.82
-141.19
-122.55
-132.95
-143.35
64.83
62.26
59.72
57.25
54.66
52.17
49.6
47.12
44.53
42
39.49
36.94
34.75
32.12
29.63
27.1
24.49
21.98
19.43
16.92
14.42
11.85
9.4
5.66
2.26
-1.23
-4.7
-8.29
-11.28
-13.8
-16.39
-18.91
-21.43
-24.11
-26.55
-28.96
-31.55
-34.12
-36.35
-38.94
-41.5
-44.04
-46.61
-49.17
-51.71
-54.29
-56.81
-59.06
-61.6
-64.16
-66.74
-69.29
-71.7
-74.4
-76.79
-79.45
-81.99
-84.41
-86.95
-89.5
-92.05
-94.65
-97.08
-99.43
-100.2
-100.17
-100.16
-100.2
-100.18
-100.17
-100.01
-97.92
-95.09
-92.57
-90.01
-87.7
-85.16
-82.7
-80.13
-77.6
-74.93
-72.5
-69.94
-67.43
-64.94
-62.4
-59.82
-57.39
-54.73
-52.24
-49.76
-47.12
-44.61
-42.38
-39.77
-37.19
-34.61
-32.08
-29.58
-27.02
-24.58
-22.24
-19.7
-17.09
-14.53
-11.99
-9.35
-5.83
-2.24
1.3
4.78
8.33
11.27
13.86
16.39
18.99
21.2
23.73
26.32
28.89
31.46
33.97
36.45
38.95
41.49
44
46.31
48.85
51.46
54.04
56.63
59.18
61.57
64.13
66.67
69.22
71.73
74.26
76.87
79.38
81.92
84.22
86.75
89.33
