143
62
82
151.84
150.04
150.04
146.92
143.33
155.62
145.79
152.5
132.64
143.42
147.11
154.39
151.18
145.88
148.43
143.42
147.3
146.83
136.89
141.53
136.23
146.92
149
137.65
134.05
143.61
133.3
153.92
138.78
144.08
147.39
145.22
155.15
133.39
135.1
141.24
143.61
150.33
141.06
136.8
142.66
151.46
152.03
141.34
155.44
135.38
150.23
143.52
160.83
136.89
149.48
153.07
153.45
149.57
151.75
137.84
173.5
163.19
182.21
154.39
149.85
152.22
160.73
671.6
919.93
919.27
-2.69
0.35
0
-1.73
1.3
2.95
-0.52
0
1.04
0.52
-0.43
-0.87
-139.28
-138.85
-122.72
-148.29
-177.15
-142.31
-154.36
-145.69
-144.65
-152.28
-145.35
-139.97
-146.13
-139.97
-151.67
-57.38
-133.47
-141.36
-139.89
-152.54
-152.63
-150.2
-141.1
-145.78
-144.74
-134.51
-135.38
-135.73
-143.44
-144.31
-134.08
-140.58
-132.34
-140.06
-148.55
-135.21
-137.98
-128.62
-139.54
-141.79
-133.91
-143.27
-133.73
-138.76
-147.17
-138.67
-143.44
-135.38
-137.03
-140.84
-131.91
-151.5
-136.59
-131.48
-139.11
-136.51
-145.26
-143.44
-148.73
-143.96
-139.97
-130.78
-136.59
-126.1
-133.04
64.16
61.67
59.17
56.6
54.09
51.79
49.25
46.68
44.08
41.57
39
36.48
34.03
31.5
28.96
26.68
24.04
21.51
18.97
16.47
13.9
11.4
8.36
4.92
1.46
-2.08
-5.66
-9.18
-11.93
-14.47
-16.97
-19.57
-22.04
-24.38
-26.91
-29.47
-31.99
-34.59
-37.03
-39.63
-42.16
-44.71
-46.98
-49.66
-52.17
-54.76
-57.21
-59.85
-62.19
-64.88
-67.38
-69.87
-72.37
-75
-77.47
-80.01
-82.52
-85.07
-87.28
-89.85
-92.49
-95.09
-97.53
-99.73
-100.17
-100.18
-100.18
-100.19
-100.19
-100.17
-100.11
-98.2
-95.23
-92.73
-90.18
-87.69
-85.16
-82.68
-80.18
-77.58
-74.99
-72.52
-69.99
-67.68
-65.16
-62.55
-59.98
-57.48
-54.84
-52.37
-49.78
-47.54
-45.02
-42.41
-39.85
-37.37
-34.8
-32.34
-29.72
-27.25
-24.73
-22.24
-19.68
-17.06
-14.54
-12.07
-9.32
-5.87
-2.19
0.94
4.42
8.01
11.1
13.64
16.25
18.76
21.24
23.84
26.39
28.62
31.21
33.81
36.28
38.71
41.36
43.92
46.41
48.96
51.49
54.01
56.6
59.16
61.4
64.02
66.48
69.07
71.6
74.16
76.66
79.2
81.7
84.33
86.86
