140
58
83
149
155.06
155.34
149.76
144.27
155.34
144.74
154.11
134.43
142.66
146.16
158.65
150.8
149.76
145.88
143.23
145.69
140.01
131.41
140.11
128.47
143.04
146.92
135.28
133.2
140.49
130.36
146.07
205.86
137.93
133.87
131.12
144.37
120.15
131.69
137.37
136.7
147.11
141.81
142.57
142.29
146.54
152.98
142.76
154.96
131.31
148.72
139.54
157.04
139.45
148.91
151.27
150.14
149.57
154.96
140.39
174.73
162.15
178.33
153.45
145.22
150.42
155.34
731.2
836.02
834.98
3.47
2.25
1.73
2.25
3.21
2.25
5.89
3.73
4.07
4.16
2.08
1.73
1.39
-131.04
-116.05
-141.27
-173.51
-138.5
-148.38
-145.61
-141.27
-147.17
-140.75
-138.59
-140.75
-137.37
-145.09
-142.14
-135.55
-139.63
-134.86
-151.41
-148.29
-153.49
-140.49
-138.76
-139.45
-126.8
-127.66
-131.39
-128.36
-135.73
-122.81
-135.29
-121.68
-127.66
-140.67
-127.06
-126.28
-122.81
-130.7
-138.59
-120.3
-131.39
-125.24
-130.44
-146.56
-131.48
-132.6
-132.34
-132.95
-153.41
-130.09
-145.09
-139.19
-134.69
-136.85
-135.81
-137.29
-141.45
-151.76
-150.72
-142.57
-138.24
58.62
56.19
53.55
51.3
48.71
46.19
43.53
41.02
38.45
35.92
33.37
30.88
28.49
25.88
23.4
20.88
18.3
15.75
13.51
10.9
7.73
4.22
0.67
-2.85
-6.23
-9.77
-12.46
-14.79
-17.3
-20.02
-22.46
-24.94
-27.49
-30.1
-32.48
-35.16
-37.64
-40.19
-42.72
-45.24
-47.74
-50.31
-52.85
-55.13
-57.64
-60.32
-62.75
-65.34
-67.87
-70.45
-72.9
-75.43
-77.97
-80.33
-82.83
-85.56
-87.91
-90.52
-92.99
-95.69
-98.07
-100.68
-103.13
-105.14
-105.37
-105.38
-105.35
-105.38
-105.41
-105.36
-105.39
-104.38
-100.98
-98.47
-95.85
-93.37
-90.81
-88.35
-85.98
-83.49
-80.83
-78.41
-75.75
-73.32
-70.75
-68.21
-65.68
-63.11
-60.6
-58.14
-55.77
-53.13
-50.57
-48.06
-45.48
-43
-40.48
-37.96
-35.33
-33.06
-30.57
-28.01
-25.4
-22.86
-20.43
-17.9
-15.29
-12.78
-10.07
-6.71
-3.2
0.25
3.5
6.96
10.39
13
15.54
18.01
20.61
23.08
25.73
27.96
30.46
32.92
35.46
38.03
40.56
43.11
45.65
48.11
50.78
53.24
55.8
58.33
60.84
63.41
65.92
68.44
70.8
73.42
