140
58
82
153.64
134.24
145.88
150.8
154.58
166.22
146.26
159.79
136.04
137.93
152.69
137.65
144.56
124.69
144.74
135.28
123.84
125.63
122.32
128.09
130.27
119.86
129.99
128.38
131.31
141.53
123.36
138.6
124.31
122.61
133.01
109.46
129.14
113.81
124.5
133.77
126.58
118.26
127.72
131.97
144.27
135.28
150.8
132.16
144.74
139.45
137.55
141.81
152.79
141.15
146.35
148.91
151.27
144.46
149.85
146.07
157.42
163.57
165.27
182.68
147.68
138.97
155.15
370.76
826.28
824.48
3.38
4.33
4.85
5.2
5.29
6.67
5.11
6.41
5.03
4.77
6.76
5.55
-111.8
-125.41
-118.3
-147.77
-156.61
-134.77
-148.47
-135.64
-139.45
-138.59
-132.34
-133.65
-135.03
-129.48
-141.36
-131.65
-132.08
-129.4
-131.13
-135.47
-143.96
-138.15
-127.84
-128.88
-126.28
-118.74
-121.86
-116.22
-123.5
-114.66
-115.18
-120.9
-113.97
-129.48
-126.19
-125.93
-123.59
-113.54
-131.3
-113.62
-117.7
-132.52
-113.97
-126.19
-126.02
-120.64
-135.55
-117.78
-128.53
-128.27
-127.14
-145.17
-130.35
-126.62
-124.63
-137.55
-147.6
-143.7
-144.57
-137.72
-140.93
-148.29
59.43
57.18
54.66
52.03
49.42
46.97
44.35
41.83
39.29
36.79
34.26
31.95
29.52
26.84
24.32
21.8
19.33
16.72
14.3
11.72
8.86
5.27
1.89
-1.63
-5.19
-8.62
-11.61
-14.22
-16.44
-19
-21.62
-24.18
-26.69
-29.16
-31.69
-34.22
-36.8
-39.33
-41.59
-44.3
-46.7
-49.29
-51.84
-54.34
-56.88
-59.5
-61.91
-64.49
-67.07
-69.65
-72.12
-74.66
-77.12
-79.71
-82.24
-84.49
-87.09
-89.64
-92.2
-94.71
-97.22
-99.83
-102.31
-104.75
-105.7
-105.7
-105.71
-105.71
-105.7
-105.71
-105.36
-102.9
-100.27
-97.76
-95.23
-92.63
-90.13
-87.63
-85.48
-82.76
-80.23
-77.68
-75.16
-72.61
-70.09
-67.52
-65.05
-62.71
-60.09
-57.58
-55.04
-52.44
-49.96
-47.42
-44.86
-42.42
-39.9
-37.29
-34.71
-32.44
-29.96
-27.4
-24.86
-22.33
-19.81
-17.23
-14.64
-12.07
-9.34
-5.77
-2.64
0.83
4.53
7.99
11.15
13.55
16.21
18.75
21.24
23.81
26.24
28.82
31.29
33.77
36.3
38.84
41.27
43.92
46.16
48.77
51.33
53.89
56.39
58.93
61.51
64.07
66.5
69.14
71.41
74
