143
62
82
151.84
145.88
145.22
147.3
145.5
156.38
142.66
153.07
139.73
140.01
149
152.12
151.65
139.07
148.62
139.35
142.19
145.6
133.11
140.58
137.84
141.53
145.03
132.82
139.54
141.06
129.42
150.61
133.87
139.83
143.52
129.42
149.19
129.04
133.2
145.69
188.26
142.29
137.08
138.22
146.07
151.18
158.84
140.77
153.64
143.04
148.25
141.34
162.15
140.2
151.84
152.03
152.88
155.06
151.46
142.19
177.29
169.44
179.09
156.1
152.69
149.38
163.1
486.17
901.58
902.72
1.99
0.43
0.35
1.39
-0.26
2.17
-0.26
9.53
0.17
0.26
-0.61
0.09
-131.04
-137.89
-127.66
-155.66
-175.77
-141.88
-153.93
-145.17
-143.09
-148.12
-141.01
-143.01
-143.61
-142.23
-159.39
-140.84
-139.8
-141.01
-141.01
-153.49
-155.31
-147.95
-150.46
-149.77
-144.74
-130.78
-135.47
-136.68
-139.02
-133.91
-132.78
-137.11
-132.08
-141.88
-137.72
-136.25
-137.81
-126.1
-140.75
-139.8
-132.17
-113.97
-133.73
-135.99
-142.05
-135.73
-148.21
-132.26
-137.2
-141.62
-130.44
-153.49
-138.76
-133.04
-126.62
-135.99
-150.89
-145.43
-146.47
-140.93
-137.55
-147.69
-139.11
-123.24
-135.47
64.58
62.06
59.52
56.94
54.5
51.83
49.41
46.78
44.25
41.81
39.29
36.78
34.52
31.86
29.39
26.86
24.24
21.74
19.2
16.67
14.12
11.6
8.83
5.49
1.93
-1.69
-5.25
-8.66
-11.68
-14.18
-16.63
-19.23
-21.71
-24.08
-26.52
-29.09
-31.66
-34.25
-36.74
-39.26
-41.77
-44.44
-46.91
-49.22
-51.77
-54.32
-56.79
-59.33
-61.99
-64.46
-67.01
-69.56
-72.05
-74.66
-77.05
-79.75
-82.12
-84.7
-87.19
-89.8
-92.28
-94.87
-97.29
-99.43
-100.25
-100.25
-100.26
-100.24
-100.25
-100.25
-100.01
-97.7
-94.95
-92.7
-90.14
-87.54
-85.04
-82.55
-80.1
-77.47
-74.89
-72.39
-69.94
-67.34
-64.85
-62.22
-59.74
-57.2
-54.65
-52.17
-49.86
-47.27
-44.75
-42.15
-39.59
-37.06
-34.55
-32.03
-29.46
-26.96
-24.68
-22.16
-19.63
-16.98
-14.48
-11.94
-9.18
-5.58
-1.97
1.37
4.97
8.3
11.4
13.85
16.46
18.98
21.58
23.8
26.32
28.96
31.51
34.04
36.5
39.02
41.53
44.09
46.58
48.91
51.43
53.95
56.55
59.18
61.61
64.26
66.71
69.17
71.85
74.27
76.86
79.44
81.89
84.49
87.06
