144
62
82
145.5
150.23
148.72
150.99
144.74
150.04
147.58
151.93
133.2
142.76
145.5
157.04
152.5
149.29
147.11
138.41
153.35
149.1
141.81
146.64
136.33
147.39
152.69
135.76
138.31
136.8
137.65
155.44
141.15
152.22
145.69
139.35
157.8
131.97
139.45
140.96
140.2
154.21
140.11
137.65
143.23
146.54
152.88
141.91
156.19
131.31
146.35
140.3
150.89
137.08
148.25
149.85
148.06
148.25
155.81
140.87
171.23
162.72
180.22
152.98
147.2
152.5
160.64
741.79
846.33
845.39
0.26
1.47
2.08
0.69
1.3
0.61
1.13
0.26
-0.95
1.39
-0.09
0.26
-154.27
-133.3
-121.34
-144.57
-179.75
-142.75
-151.5
-148.99
-143.35
-145.61
-143.7
-143.09
-144.57
-141.71
-146.13
-143.79
-136.25
-140.32
-137.29
-153.23
-151.76
-151.24
-138.59
-146.3
-144.65
-133.21
-134.86
-138.24
-133.47
-141.62
-130.35
-143.87
-133.04
-137.55
-152.45
-135.38
-133.91
-129.48
-137.72
-147.77
-128.96
-140.49
-135.9
-143.09
-153.67
-141.62
-141.01
-137.72
-138.07
-154.71
-131.13
-150.55
-140.49
-131.04
-136.16
-134.43
-140.41
-142.83
-151.76
-150.55
-141.97
-140.58
-133.39
-132.52
-142.31
-137.37
63.89
61.69
59.14
56.49
53.93
51.4
48.88
46.35
43.85
41.3
38.78
36.49
34.04
31.33
28.93
26.27
23.81
21.2
18.68
16.23
13.67
11.1
8.19
4.46
1.13
-2.51
-6.05
-9.59
-12.2
-14.79
-16.95
-19.64
-22.08
-24.75
-27.13
-29.74
-32.23
-34.79
-37.31
-39.67
-42.31
-44.85
-47.29
-49.88
-52.38
-54.98
-57.4
-59.96
-62.53
-65.14
-67.59
-70.16
-72.7
-75.21
-77.71
-80.25
-82.45
-85.06
-87.6
-90.26
-92.73
-95.3
-97.78
-99.82
-100.06
-100.05
-100.04
-100.07
-100.04
-100.04
-100.04
-98.84
-95.53
-93.06
-90.47
-87.95
-85.42
-82.88
-80.32
-78.17
-75.43
-72.98
-70.33
-67.81
-65.21
-62.8
-60.23
-57.96
-55.4
-52.91
-50.3
-47.78
-45.17
-42.72
-40.17
-37.63
-35.11
-32.64
-29.97
-27.53
-24.96
-22.54
-19.86
-17.31
-14.85
-12.39
-10.06
-6.61
-2.9
0.69
4.12
7.67
10.87
13.37
15.92
18.42
20.8
23.27
25.98
28.5
31.04
33.57
36.04
38.48
41.03
43.53
46.07
48.61
51.18
53.59
56.3
58.52
61.08
63.69
66.19
68.76
71.34
73.78
76.36
78.95
81.47
83.72
86.35
88.86
