140
58
83
150.42
152.98
154.77
152.12
145.97
155.62
146.07
156.38
131.88
142.38
144.37
155.44
150.52
149.66
146.54
142
150.04
147.58
135.47
142.57
135.47
146.07
147.87
141.53
134.34
140.58
133.96
147.96
134.81
140.68
135.85
133.58
147.3
126.96
163.48
138.69
142.1
145.5
140.77
141.34
139.35
151.56
154.02
144.37
156.85
135
137.27
140.3
156.95
134.24
147.3
148.81
149.1
151.46
153.64
140.68
173.41
161.77
178.05
152.22
144.84
153.45
154.96
715.87
822.78
824.86
1.47
2.43
2.6
0.61
-1.04
2.17
3.73
2.43
5.03
4.68
1.47
3.21
0.78
-129.05
-115.36
-143.35
-170.31
-137.63
-145.17
-145.17
-136.16
-144.22
-142.92
-138.07
-141.36
-140.06
-145.61
-141.36
-135.38
-139.37
-132
-152.8
-149.51
-149.42
-139.89
-141.45
-141.97
-131.74
-132.52
-132.52
-131.04
-137.98
-124.72
-138.24
-125.32
-132
-145.78
-127.58
-135.12
-128.79
-135.47
-143.27
-123.5
-135.55
-131.74
-139.19
-148.73
-132.08
-139.37
-136.25
-134.77
-152.37
-132.52
-152.02
-138.15
-132.43
-134.69
-132
-138.5
-139.8
-146.82
-152.71
-142.57
-145.87
58.72
56.2
53.66
51.09
48.5
46.24
43.71
41.05
38.5
36.01
33.49
31.02
28.52
25.98
23.46
21.1
18.46
16.04
13.49
10.94
7.74
4.4
0.83
-2.76
-6.06
-9.66
-12.37
-15
-17.46
-19.94
-22.5
-25.13
-27.62
-29.92
-32.37
-34.94
-37.54
-40.09
-42.64
-45.16
-47.74
-50.03
-52.5
-55.24
-57.66
-60.26
-62.77
-65.33
-67.85
-70.45
-72.89
-75.38
-77.95
-80.45
-82.99
-85.54
-88.02
-90.51
-92.97
-95.56
-98.06
-100.63
-103.08
-105.08
-105.35
-105.35
-105.34
-105.35
-105.35
-105.35
-105.35
-104.21
-100.95
-98.44
-95.85
-93.31
-90.74
-88.28
-85.73
-83.57
-80.9
-78.39
-75.82
-73.23
-70.67
-68.23
-65.65
-63.11
-60.55
-58.3
-55.58
-53.13
-50.51
-48.07
-45.53
-42.99
-40.48
-38
-35.35
-32.86
-30.39
-27.81
-25.25
-22.74
-20.5
-17.84
-15.29
-12.78
-10.14
-6.8
-3.14
0.22
3.79
7.24
10.34
12.97
15.58
18.06
20.58
23.08
25.63
28.14
30.62
33.13
35.63
38.29
40.5
43.03
45.65
48.17
50.81
53.32
55.86
58.35
60.87
63.53
65.79
68.36
70.97
73.49
