157
68
90
160.98
161.89
167.56
168.54
160.45
161.89
154.24
158.94
176.34
162.11
160.38
154.85
145.16
155.07
154.54
138.35
140.17
144.26
149.7
148.26
153.41
157.42
161.36
163.48
171.42
165.74
154.24
168.62
169.23
175.74
172.78
151.9
136.76
143.04
135.7
134.18
147.5
159.46
159.77
158.41
158.1
140.39
143.34
150.54
156.21
159.7
177.4
172.41
156.44
142.14
135.62
128.28
131.08
142.21
139.03
127.15
129.34
134.49
120.11
137.14
143.87
136.54
151.44
162.11
150.99
175.97
179.06
183.61
164.23
838.88
835.85
833.2
-0.9
-2.5
-1.25
0.83
1.74
0.07
0.07
-1.53
0.76
-0.97
-4.5
-2.63
-1.94
1.46
-144.57
-144.84
-143.74
-133.26
-128.76
-127.3
-119.88
-117.74
-121.27
-120.71
-117.59
-121.06
-132.92
-127.23
-135.14
-127.99
-122.86
-129.8
-131.67
-132.02
-145.4
-153.44
-139.99
-137.29
-132.3
-117.25
-119.74
-129.59
-130.84
-130.14
-117.25
-127.1
-114.96
-114.2
-127.44
-123.9
-120.92
-133.06
-140.68
-132.36
-138.6
-137.56
-131.32
-133.26
-130.63
-136.46
-122.79
-127.58
-126.95
-114.13
-117.32
-121.41
-114.26
-126.19
-144.36
-140.54
-128.62
-147.62
-148.94
-151.91
-153.78
-144.01
-133.13
-140.68
-136.87
-138.95
-122.52
-133.47
-123.7
-123.83
-127.78
64.48
62.19
60.1
58.23
55.93
54
51.72
49.63
47.69
45.4
43.33
41.39
39.1
37.19
34.95
32.84
30.86
28.74
26.65
24.69
22.47
20.52
18.31
16.19
14.22
11.97
9.87
7.1
4.03
1.36
-1.72
-4.68
-7.37
-10.32
-12.45
-14.49
-16.65
-18.74
-20.88
-22.96
-24.98
-27.17
-29.28
-31.24
-33.42
-35.46
-37.57
-39.73
-41.73
-43.92
-45.99
-48.01
-50.21
-52.31
-54.37
-56.49
-58.53
-60.7
-62.77
-64.78
-67
-69.09
-71.17
-73.26
-75.31
-77.42
-79.57
-81.6
-83.79
-84.05
-84.05
-84.05
-83.95
-84.04
-84.06
-83.92
-84.05
-84.04
-84.06
-84.05
-83.95
-83.62
-81.81
-79.65
-77.56
-75.56
-73.44
-71.32
-69.21
-67.09
-65.02
-62.84
-60.81
-58.67
-56.61
-54.5
-52.37
-50.32
-48.23
-46.07
-44.07
-41.87
-39.84
-37.74
-35.57
-33.56
-31.56
-29.36
-27.34
-25.1
-23.09
-21
-18.83
-16.82
-14.73
-12.49
-10.46
-7.54
-4.79
-1.93
1.04
3.85
6.76
9.8
11.83
14.07
16.02
18.14
20.36
22.31
24.41
26.66
28.61
30.75
32.73
34.82
37.02
39.01
41.08
43.35
45.27
47.39
49.52
51.59
53.87
55.78
57.91
60.13
62.09
64.2
66.26
68.39
70.62
72.6
74.65
76.91
78.85
