156
67
89
164.61
161.66
169.83
174.83
162.42
164.01
158.78
164.91
182.32
167.34
161.58
158.63
134.11
150.16
158.41
140.7
139.71
149.02
152.73
148.11
152.42
158.33
165.59
168.7
179.98
175.51
158.41
175.21
179.45
179.14
177.25
161.74
136.91
144.86
144.55
137.74
155
160.82
160.3
167.11
163.62
152.27
152.88
156.59
161.21
162.26
173.02
173.02
160.75
151.22
139.41
128.14
142.66
147.28
146.22
140.92
142.06
139.94
126.85
143.8
145.99
139.18
157.8
170.51
160.68
178.69
181.94
188.6
183.54
839.94
825.78
823.82
1.94
-3.05
2.08
-0.55
-1.74
0.42
4.09
3.95
-1.94
0.9
0.49
-1.38
-0.7
-153.99
-144.22
-147.62
-141.93
-131.26
-130.42
-128.06
-126.82
-122.86
-121.62
-120.37
-118.7
-123.9
-127.72
-130.01
-138.67
-132.92
-121.06
-132.36
-134.1
-132.5
-148.66
-154.82
-139.64
-131.94
-132.09
-119.88
-123.07
-132.15
-128.76
-130.77
-127.1
-134.3
-113.37
-110.94
-124.11
-117.32
-126.19
-141.24
-139.64
-138.95
-138.33
-135.62
-135.55
-136.18
-136.94
-138.46
-123.9
-126.26
-120.78
-115.24
-118.22
-118.7
-106.36
-127.37
-139.99
-131.81
-130.56
-148.38
-150.18
-149.28
-151.29
-144.36
-129.24
-140.54
-134.72
-133.13
-126.89
-130.42
-120.09
-120.71
64.78
62.53
60.42
58.52
56.27
54.28
52.03
49.93
47.97
45.68
43.61
41.69
39.39
37.51
35.24
33.16
31.21
29.03
27
24.99
22.8
20.69
18.59
16.5
14.53
12.28
10.21
7.56
4.44
1.58
-1.3
-4.24
-6.95
-10.04
-12.16
-14.17
-16.39
-18.43
-20.53
-22.65
-24.66
-26.86
-28.95
-30.96
-33.09
-35.21
-37.24
-39.42
-41.43
-43.6
-45.7
-47.71
-49.91
-51.9
-54.06
-56.18
-58.21
-60.38
-62.51
-64.48
-66.63
-68.72
-70.89
-72.95
-75
-77.13
-79.23
-81.28
-83.47
-83.9
-83.98
-83.99
-83.87
-83.95
-83.98
-83.84
-83.94
-83.88
-83.98
-83.96
-83.88
-83.44
-81.53
-79.34
-77.27
-75.23
-73.13
-71
-68.88
-66.79
-64.7
-62.57
-60.5
-58.35
-56.3
-54.2
-52.05
-50.01
-47.91
-45.77
-43.73
-41.56
-39.53
-37.43
-35.27
-33.25
-31.21
-29.05
-26.99
-24.89
-22.78
-20.76
-18.5
-16.55
-14.44
-12.18
-10.14
-7.26
-4.4
-1.52
1.54
4.29
7.15
10.18
12.15
14.28
16.35
18.46
20.66
22.63
24.72
26.95
28.92
30.93
33.06
35.14
37.36
39.31
41.41
43.66
45.58
47.84
49.81
51.93
54.15
56.11
58.22
60.44
62.44
64.66
66.59
68.69
70.93
72.9
74.98
77.23
