136
54
83
146.73
157.8
159.22
157.04
163.19
155.06
141.91
160.45
140.2
153.26
147.58
157.8
147.39
154.49
151.93
138.69
150.99
144.84
141.43
147.77
129.04
143.33
144.93
142.76
145.5
133.68
142.76
156.29
147.3
158.56
135.19
138.22
140.96
140.77
156
142.66
132.82
156.19
150.99
153.07
148.53
144.74
154.11
149.57
149.48
136.33
150.7
149.66
159.22
147.49
152.6
144.84
154.21
153.54
159.12
145.97
177.29
172.09
200.37
165.27
146.07
162.63
161.58
909.34
919.18
917.76
4.33
2.77
3.55
4.77
4.25
2.34
5.37
4.16
5.72
2.6
4.68
3.38
5.29
-135.47
-128.18
-143.01
-161.12
-149.16
-140.49
-149.85
-140.84
-136.77
-144.13
-138.59
-142.05
-141.1
-137.03
-145.61
-135.64
-147.69
-132.95
-151.93
-149.42
-149.51
-146.99
-143.09
-145.43
-131.39
-133.39
-141.53
-132.08
-140.58
-120.38
-142.83
-137.89
-133.3
-143.96
-133.99
-131.82
-129.74
-131.13
-147.95
-131.65
-132
-137.37
-135.03
-148.81
-135.21
-142.14
-138.41
-132.43
-151.41
-134.51
-142.4
-136.94
-135.64
-138.33
-134.51
-145.69
-145.17
62.91
60.2
57.82
55.33
52.71
50.18
47.67
45.37
42.48
40.21
37.59
35.14
32.44
29.97
27.76
25.13
22.63
20.24
17.6
14.73
12.49
10.02
6.63
3.14
-0.42
-4.1
-7.42
-10.73
-13.26
-15.87
-18.64
-21
-23.81
-25.86
-28.34
-30.92
-33.47
-35.84
-38.46
-40.89
-43.65
-45.98
-48.48
-51.12
-53.66
-56.16
-58.67
-61.25
-63.5
-66.05
-68.52
-71.08
-73.62
-76.21
-78.81
-81.3
-83.8
-86.28
-89.01
-91.36
-93.93
-96.41
-98.97
-100.6
-100.66
-100.69
-100.67
-100.67
-100.66
-100.66
-100.65
-100.04
-96.74
-94.16
-91.6
-89.3
-86.79
-84.28
-81.75
-79.37
-76.63
-74.17
-71.58
-69.04
-66.44
-63.76
-61.42
-58.9
-56.41
-53.89
-51.42
-48.9
-46.27
-43.84
-41.27
-38.81
-36.19
-33.77
-31.11
-28.61
-26.15
-23.65
-21.07
-18.19
-16.01
-13.55
-11
-7.89
-4.22
-0.79
2.43
6
9.55
12.18
14.71
17.14
19.74
22.23
24.85
27.35
29.91
32.35
34.85
37.34
39.81
42.38
44.92
47.37
50.03
52.47
55.27
57.57
60.1
62.6
65.14
67.74
