137
55
84
159.5
147.77
159.5
177.86
157.42
164.71
152.6
143.42
154.77
141.06
154.11
147.96
162.53
146.16
161.68
156.1
143.23
154.68
153.07
143.89
147.02
132.26
144.56
142.95
149.57
149
134.72
145.69
154.68
147.2
161.58
140.2
142.76
155.25
147.87
156.48
148.25
138.31
159.12
154.58
171.42
154.21
146.16
152.22
150.89
146.45
138.5
151.84
149.19
163.29
155.62
153.35
150.52
149.85
161.02
161.87
159.69
177.67
175.49
204.16
163.95
201.51
160.64
166.13
910.76
912.74
912.55
-1.39
-2.6
-0.61
-0.26
-0.95
-2.34
-1.47
-1.21
-0.52
-0.69
-0.61
-0.43
-1.04
-145.52
-129.66
-146.04
-177.24
-153.58
-144.83
-154.53
-136.94
-142.14
-149.77
-144.48
-140.23
-151.24
-144.74
-143.09
-140.58
-147.6
-138.41
-155.05
-151.67
-154.88
-152.97
-149.94
-153.67
-139.19
-142.92
-144.57
-141.36
-147.17
-131.65
-146.65
-73.41
-138.85
-152.37
-136.94
-74.1
-138.15
-135.81
-138.93
-136.68
-138.15
-143.61
-145.26
-158.26
-144.74
-149.16
-71.24
-143.79
-157.57
-138.33
-152.97
-144.91
-140.58
-145.61
-140.23
-150.55
-150.11
64.9
62.36
59.8
57.43
54.77
52.37
49.7
47.25
44.48
42.11
39.86
37.19
34.26
32.06
28.91
26.55
24.46
22.19
19.57
17.29
14.76
12.06
9.31
5.24
2.31
-0.83
-4.62
-8.72
-11.29
-13.7
-16.16
-18.97
-21.47
-23.89
-26.75
-29.33
-31.6
-33.8
-36.35
-38.99
-41.46
-44.54
-46.59
-48.89
-51.52
-54.54
-56.62
-59.16
-61.54
-63.98
-66.71
-69.04
-72.55
-74.58
-76.86
-79.31
-81.88
-84.15
-87.25
-89.2
-91.81
-94.37
-97.11
-99.21
-100.93
-101
-101
-101.02
-101
-101.02
-101
-101.02
-100.35
-97.21
-94.46
-91.87
-88.81
-86.52
-84.28
-81.88
-79.48
-76.67
-74.37
-71.38
-69.27
-66.63
-63.94
-61.27
-59.34
-56.6
-54.08
-51.52
-49.22
-46.6
-43.95
-41.42
-38.96
-36.48
-33.61
-31.35
-29.08
-26.45
-23.95
-21.36
-18.45
-15.6
-13.72
-11.23
-8.32
-4.59
-1.06
2.08
5.76
9.27
11.99
14.35
16.89
19.55
21.85
24.63
26.98
29.71
32.41
34.92
37.16
39.67
42.11
44.9
46.98
49.7
52.21
55.01
57.32
59.7
62.43
64.8
67.45
