136
54
83
158.46
155.06
156.1
151.65
149.76
153.26
149.1
154.58
138.88
146.35
153.83
154.39
155.44
146.45
152.5
147.58
150.04
155.44
140.01
149.57
144.56
151.27
149.38
138.5
144.84
147.68
134.43
157.52
138.31
142.57
154.87
140.58
158.27
136.14
143.14
151.46
151.84
151.27
142.47
141.24
149.1
154.87
155.91
140.11
156.76
138.6
150.42
147.02
161.49
138.78
150.61
154.68
153.54
153.07
155.25
141.72
177.01
169.34
184.1
159.5
154.58
152.88
168.11
652.68
914.45
911.51
2.51
0.17
4.42
1.13
5.55
3.38
4.25
1.47
1.73
3.12
3.12
-0.26
1.47
-130.44
-123.16
-144.91
-171.26
-147.17
-148.9
-150.29
-141.27
-145.87
-143.53
-142.57
-140.49
-139.02
-144.22
-142.92
-136.07
-141.19
-134.51
-154.53
-152.02
-153.23
-145.69
-146.39
-148.64
-138.5
-137.46
-140.49
-141.62
-145.78
-130.87
-144.91
-135.29
-138.15
-152.89
-137.2
-138.67
-132.95
-139.37
-148.03
-131.82
-142.23
-136.77
-144.05
-156.79
-143.35
-144.05
-141.62
-139.02
-159.21
-136.59
-154.53
-142.05
-134.51
-146.99
-141.19
-146.04
-150.81
61.62
59.11
56.82
54.14
51.63
48.51
46.67
44.06
41.43
39.04
36.12
34.08
31.14
29.05
26.47
24.11
21.45
18.86
16.57
14
11.45
8.29
5.01
1.16
-2
-5.25
-8.98
-11.94
-14.6
-16.75
-19.34
-21.98
-24.47
-26.89
-29.85
-32.04
-34.56
-37.01
-39.43
-42.16
-44.71
-47.29
-49.56
-52.23
-54.57
-57.53
-59.82
-62.31
-64.63
-67.41
-69.85
-72.39
-75.17
-77.41
-79.91
-82.82
-84.99
-87.35
-89.97
-92.87
-95.01
-97.43
-100.01
-102.35
-102.8
-102.81
-102.81
-102.8
-102.81
-102.81
-102.76
-101.49
-98.53
-96.12
-93.25
-90.95
-88.37
-85.72
-83.54
-80.95
-78.35
-75.75
-73.38
-70.77
-68.23
-65.75
-63.29
-60.67
-57.91
-55.55
-53.17
-50.48
-48.14
-45.56
-43.22
-40.38
-38
-35.52
-33.07
-30.61
-27.79
-25.39
-23.06
-20.53
-17.86
-15.32
-12.55
-10.38
-6.79
-3.45
0.23
3.6
7.13
10.84
12.8
15.44
18.02
20.69
22.97
25.61
28.2
30.63
32.95
35.59
38.42
40.6
42.99
45.84
48.17
50.65
53.11
56.24
58.24
60.87
63.18
65.75
