136
54
83
145.79
161.87
158.08
158.27
162.63
153.45
149
160.35
141.34
152.88
147.39
156.1
147.11
151.56
152.98
137.65
148.06
149.76
149.66
149.29
134.91
143.52
152.41
136.99
145.03
137.55
139.45
157.99
144.84
154.49
147.2
137.84
155.25
145.31
150.99
144.37
137.37
154.96
142.38
151.65
161.21
145.88
152.98
148.34
156.48
136.51
149.1
148.72
157.23
147.02
150.99
150.42
158.75
152.03
162.63
149.85
178.8
172.46
191.86
159.98
147.39
164.61
165.65
866.86
907.07
906.31
-0.69
-2.17
-3.38
-3.12
-0.61
-1.91
-0.95
-2.43
-0.95
-1.21
-1.04
-1.65
-0.09
-137.46
-126.54
-149.25
-182.44
-150.98
-149.16
-150.2
-145.87
-148.99
-146.56
-142.23
-141.88
-144.48
-147.69
-148.12
-139.02
-147.51
-139.11
-158
-153.75
-152.19
-145.61
-148.03
-152.89
-139.37
-139.8
-144.31
-136.68
-145.52
-135.29
-146.13
-133.91
-140.06
-154.01
-136.33
-139.19
-133.39
-140.41
-151.5
-134.43
-142.23
-143.09
-143.79
-152.37
-145.26
-143.96
-144.57
-140.15
-158.87
-137.72
-154.62
-145.17
-140.49
-147.25
-142.05
-150.81
-147.6
62.77
60.31
57.81
55.2
52.31
50.17
47.66
45.1
42.1
40
36.79
34.87
32.28
30.05
27.79
24.83
21.93
19.65
16.67
14.49
12.63
10.02
6.39
2.97
-0.54
-3.94
-7.58
-10.87
-13.09
-15.73
-18.21
-20.85
-23.35
-26.19
-28.25
-30.81
-33.45
-36.05
-38.53
-41.03
-43.83
-46.07
-48.59
-51.02
-53.59
-56.2
-59.11
-61.51
-63.58
-66.22
-68.77
-71.27
-73.84
-76.2
-79.34
-81.56
-83.91
-86.27
-88.7
-91.44
-93.97
-96.86
-98.81
-100.86
-101.04
-101.03
-101.04
-101.06
-101.03
-101.04
-101.02
-100.27
-96.68
-94.27
-91.64
-88.83
-86.56
-84.18
-81.59
-79.21
-76.46
-74.14
-71.38
-69.13
-66.56
-63.98
-61.06
-58.98
-56.43
-54.1
-51.56
-48.78
-46.36
-44.02
-41.43
-38.87
-36.18
-33.4
-31.21
-28.69
-25.71
-23.74
-21.05
-18.68
-16.15
-13.64
-11
-8.19
-3.91
-0.59
2.55
5.76
9.67
12.16
14.69
17.61
19.86
22.24
25.08
27.27
29.86
32.2
35.3
37.31
39.9
42.23
45.23
47.55
49.99
52.37
54.85
57.49
60.04
62.96
64.9
67.53
