136
54
83
143.23
159.79
159.98
157.61
164.33
154.39
143.42
160.92
143.52
152.22
146.16
161.49
143.52
152.69
152.22
138.78
147.11
152.22
143.04
147.96
131.03
144.37
149.57
148.62
152.41
138.31
147.11
153.45
144.65
159.03
136.33
139.16
147.2
142.85
160.83
144.74
131.31
146.73
150.52
157.89
144.74
147.87
151.18
151.56
148.06
140.77
149.66
146.83
168.11
150.89
153.54
147.2
154.96
163.19
163.85
156.67
182.21
172.65
203.49
154.68
146.73
166.03
167.64
831.48
894.49
894.77
-1.73
-0.43
-0.43
0.87
0.17
-4.16
-2.6
-0.26
-0.95
-1.39
0.87
27.13
-0.78
-142.92
-141.79
-136.25
-162.25
-168.49
-144.05
-154.45
-143.87
-143.35
-145.69
-141.45
-143.53
-146.56
-143.96
-147.77
-142.4
-150.29
-140.23
-152.28
-149.77
-162.07
-156.44
-146.91
-149.85
-142.23
-141.53
-146.82
-142.66
-142.92
-137.03
-137.55
-145.61
-135.29
-150.37
-141.1
-143.18
-139.37
-130.26
-148.12
-140.32
-139.28
-151.67
-135.55
-149.51
-143.53
-148.12
-152.02
-136.16
-154.45
-142.57
-143.7
-158.52
-139.45
-140.49
-137.03
-150.89
-157.74
62.41
60.04
57.59
54.93
52.34
49.69
47.49
44.83
42.33
39.79
37.24
34.97
31.91
29.87
27.26
24.67
22.08
19.59
17.1
14.52
12.12
9.67
5.91
2.07
-1.06
-4.32
-8.06
-11.07
-13.64
-16.2
-19.34
-21.1
-23.66
-26.28
-28.75
-31.51
-33.8
-36.71
-38.82
-41.45
-43.73
-46.68
-48.9
-51.49
-54.27
-56.56
-59.04
-61.41
-64.36
-66.56
-69.16
-71.48
-74.42
-76.83
-79.26
-81.84
-84.29
-86.64
-89.19
-92.11
-94.31
-96.68
-99.51
-100.88
-100.99
-101
-101
-101.01
-101.02
-101.02
-101.03
-100.65
-97.96
-95.28
-92.92
-90.18
-87.75
-84.95
-82.64
-80.49
-77.74
-75.14
-72.61
-70.12
-67.61
-65.28
-62.57
-60.06
-57.31
-55.17
-52.6
-50
-47.53
-44.9
-42.3
-39.39
-37.26
-34.83
-32.43
-29.67
-27.27
-24.8
-22.1
-19.75
-17.11
-14.78
-12.13
-9.41
-5.88
-2.67
1.23
4.47
8.07
11.34
13.64
15.98
18.78
21.05
23.72
26.32
28.61
31.12
33.71
36.28
38.76
41.56
43.9
46.73
48.67
51.26
53.91
57.06
59.01
61.44
64.15
66.33
