137
55
84
178.42
151.46
164.23
167.83
171.9
176.34
162.25
144.08
154.39
152.5
161.77
151.75
160.26
143.23
161.58
145.6
131.03
134.53
134.43
135.66
138.22
121.76
129.89
131.03
139.73
147.2
123.84
140.58
134.62
137.93
148.72
123.65
135.85
125.63
135.57
145.79
138.41
128.57
145.69
151.75
161.49
150.42
158.08
151.08
164.8
155.34
150.23
158.84
169.82
165.56
164.99
164.33
157.42
163.38
168.21
171.33
169.82
188.26
182.49
208.32
158.37
152.41
168.02
173.13
861.85
855.04
854.66
-3.29
-2.43
-2.69
-1.65
-3.38
-2.08
-5.63
-1.39
-2.95
-1.91
-2.34
-4.25
-1.99
-154.97
-145.09
-142.75
-168.23
-180.71
-151.67
-166.32
-149.42
-150.63
-150.81
-147.34
-147.6
-153.58
-144.31
-154.19
-148.03
-152.71
-148.73
-160.51
-156.53
-162.85
-161.73
-149.77
-151.93
-141.01
-138.59
-141.97
-136.68
-134.08
-123.85
-131.65
-136.77
-128.79
-133.65
-134.17
-133.47
-134.6
-121.86
-140.67
-127.23
-126.97
-134.77
-126.97
-146.39
-137.37
-143.87
-153.58
-129.83
-149.94
-144.05
-146.13
-167.53
-142.66
-146.82
-144.31
-158.52
-163.29
64.8
62.21
59.73
57.29
54.72
52.2
49.62
47.12
44.54
42.09
39.48
36.95
34.55
32
29.57
27.01
24.49
22
19.48
16.82
14.39
11.84
9.01
5.56
2.19
-1.3
-5.07
-8.59
-11.52
-13.95
-16.44
-19
-21.51
-24.06
-26.55
-29.04
-31.57
-34.11
-36.54
-39.25
-41.54
-44.09
-46.56
-49.19
-51.72
-54.31
-56.8
-59.3
-61.84
-64.42
-66.87
-69.42
-71.99
-74.24
-76.73
-79.3
-81.79
-84.3
-86.79
-89.32
-91.89
-94.43
-96.85
-99.49
-100.78
-100.78
-100.77
-100.78
-100.78
-100.78
-100.79
-100.78
-100.48
-97.42
-94.76
-92.38
-89.82
-87.28
-84.72
-82.27
-79.98
-77.24
-74.75
-72.22
-69.79
-67.21
-64.78
-62.22
-59.72
-57.2
-54.57
-52.15
-49.55
-47.05
-44.56
-42
-39.5
-36.91
-34.44
-31.84
-29.26
-26.8
-24.41
-21.86
-19.24
-16.81
-14.26
-11.78
-8.98
-5.38
-1.75
1.71
5.1
8.66
11.53
14.02
16.46
19.1
21.55
24.16
26.68
29.2
31.69
34.2
36.65
39.17
41.73
44.24
46.73
49.31
51.73
54.29
56.91
59.4
61.89
64.44
67.04
