115
46
73
162.63
151.27
162.72
144.37
157.52
149.38
159.12
157.52
160.92
149.48
144.18
154.58
153.26
137.55
147.02
133.68
150.8
155.91
140.01
141.15
147.02
138.12
163.67
142.47
147.2
151.27
140.58
155.34
135.38
139.45
147.49
151.65
154.39
144.37
141.24
153.07
155.72
158.94
141.72
158.18
140.96
150.23
150.04
159.69
140.96
149.85
153.07
164.99
150.14
160.17
151.18
179.65
190.91
145.69
389.39
845.76
883.42
-0.69
-1.04
-1.73
-3.9
-1.99
2.86
0.87
-0.95
-2.43
-1.04
0.52
-0.52
-143.79
-161.64
-149.77
-158.09
-150.72
-152.71
-145.26
-144.91
-142.4
-140.75
-144.31
-159.56
-154.53
-139.02
-139.71
-141.36
-147.77
-149.07
-133.91
-145.09
-136.68
-135.81
-155.4
-139.45
-140.06
-135.38
-152.28
-135.38
-154.79
-136.59
-139.45
-145.61
-149.77
-149.68
-139.19
-146.39
-142.14
-135.03
-156.27
-147.17
-136.85
-142.83
-142.92
-147.43
-149.59
-160.51
50.9
47.84
45.39
41.29
39.33
37.18
35.08
32.82
28.82
28.03
25.57
23.02
20.73
18.19
15.66
12.67
10.23
7.23
3.36
-0.17
-3.14
-6.8
-10.22
-12.83
-15.43
-17.85
-20.24
-22.86
-25.4
-27.84
-30.33
-32.89
-35.53
-38.07
-40.32
-42.81
-45.47
-48.05
-50.61
-53.06
-55.65
-58.17
-60.74
-63.24
-65.61
-68.06
-71
-73.27
-76.27
-78.89
-81.64
-84.01
-88.32
-94.13
-100.01
-100.89
-101.07
-101.06
-101.06
-101.07
-101.12
-100.83
-98.86
-96.04
-93.71
-90.88
-88.52
-85.3
-83.64
-78.02
-72.7
-68.8
-65.7
-62.94
-56.62
-52.18
-48.43
-42.28
-41.74
-38.24
-33
-22.11
-17.81
-15.6
-13.26
-10.43
-7.55
-3.99
-0.56
2.99
6.42
9.96
13.08
15.4
17.96
21.81
25.87
28.73
30.3
33.23
36.11
38.92
40.47
43.42
46.2
48.59
50.61
53.12
55.49
58.81
60.64
62.84
65.44
67.75
70.38
