136
54
83
150.23
156.95
161.4
157.04
148.43
155.91
152.98
162.53
137.46
148.53
151.65
163.67
156.29
150.23
153.45
141.06
152.12
151.18
142.85
145.97
138.78
150.7
154.3
140.2
139.16
144.74
142.1
160.64
143.42
148.53
140.11
139.83
153.54
134.05
147.3
146.64
145.6
155.91
145.31
142.76
146.16
141.34
155.44
148.72
161.58
133.11
162.34
145.5
156.48
136.89
150.7
150.42
151.18
150.61
152.03
149.29
174.73
165.08
188.07
161.4
149.76
155.53
163.38
798.37
894.77
894.2
1.82
1.65
1.56
1.04
2.86
0.52
1.73
1.82
1.3
1.39
0.26
2.77
2.34
-130.09
-122.81
-142.92
-157.74
-153.32
-143.53
-156.53
-140.41
-139.19
-149.51
-129.31
-144.83
-146.91
-140.49
-150.11
-136.77
-146.47
-137.72
-154.88
-149.94
-145.95
-154.01
-142.66
-148.47
-140.58
-139.37
-147.51
-136.77
-141.97
-131.13
-149.51
-140.84
-134.95
-144.31
-136.51
-139.8
-137.72
-132.52
-150.03
-137.63
-136.59
-141.45
-138.5
-154.27
-143.44
-146.04
-150.37
-138.5
-155.92
-138.07
-141.88
-142.92
-140.67
-139.8
-138.76
-148.73
-148.9
61.14
58.84
56.2
53.62
51.31
48.5
46.1
43.58
41.12
38.47
36.1
33.6
31.27
28.75
25.95
23.46
20.62
18.58
15.95
13.38
10.89
7.99
4.3
0.19
-2.78
-6.08
-9.94
-12.26
-14.85
-17.26
-20.29
-22.44
-24.99
-27.47
-29.97
-32.65
-35.04
-37.42
-39.9
-42.54
-45.11
-48.03
-50.1
-52.74
-55.03
-57.74
-60.13
-62.75
-65.52
-67.7
-70.28
-72.9
-75.34
-77.86
-80.39
-83.27
-85.25
-87.98
-90.46
-93.06
-95.36
-98.01
-101.18
-102.58
-102.76
-102.73
-102.76
-102.75
-102.76
-102.78
-102.77
-102.16
-99.28
-95.98
-93.96
-91.56
-88.98
-86.48
-84.13
-81.59
-78.46
-76.42
-74.06
-71.38
-68.4
-66.26
-63.85
-61.36
-58.77
-56.42
-53.78
-51.11
-48.61
-46.24
-43.62
-40.94
-38.75
-36.12
-33.53
-31.06
-28.54
-26.06
-23.17
-21.06
-18.36
-16.02
-13.17
-10.5
-7.55
-4.32
-0.74
2.79
6.02
10.12
12.42
14.92
17.58
19.9
22.35
24.97
27.78
30.06
32.52
34.96
37.5
39.8
42.44
45.33
47.6
50.16
52.68
55.6
57.7
60.18
62.89
65.2
