136
54
83
151.84
158.65
159.98
153.83
149.76
154.3
153.35
159.69
137.37
154.58
144.74
159.98
151.37
152.6
152.03
143.33
149.1
151.27
139.54
144.74
130.93
145.97
152.22
139.16
135.28
137.46
139.35
151.37
140.96
150.7
147.3
136.33
150.61
133.49
154.11
142.1
143.8
156
144.84
140.87
145.69
143.52
157.23
149.19
159.79
132.07
148.25
141.06
153.83
140.77
147.96
148.25
151.84
152.12
153.16
142.29
174.36
169.44
181.45
156.67
145.31
155.25
161.4
796.95
875.66
875.38
1.21
3.12
1.04
0.61
2.43
-0.26
4.85
3.9
0.87
0.61
3.64
2.51
1.21
-131.56
-124.2
-146.47
-176.55
-141.88
-144.13
-145.52
-143.87
-140.93
-140.49
-141.97
-141.36
-145.87
-142.05
-142.92
-135.47
-140.06
-138.24
-154.1
-153.41
-153.93
-137.03
-145.09
-150.29
-134.25
-137.03
-138.93
-130.44
-142.83
-130.96
-141.01
-134.69
-137.55
-148.9
-135.12
-132.78
-134.95
-137.72
-146.65
-130.18
-140.84
-136.59
-144.31
-154.45
-145
-141.79
-139.63
-139.02
-157.65
-136.07
-152.37
-141.45
-136.51
-145.87
-141.19
-145.09
-150.81
61.22
58.78
56.14
53.85
51.1
48.48
46.1
43.72
41.05
37.97
35.91
33.58
31.05
28.48
26.1
23.47
20.51
18.42
15.92
13.45
10.63
7.67
4.32
0.12
-2.62
-6.32
-9.65
-12.65
-14.85
-17.54
-19.81
-22.49
-24.96
-27.58
-30.34
-32.6
-34.95
-37.56
-40.14
-42.59
-45.12
-48.11
-50.1
-52.75
-55.15
-57.92
-60.33
-62.63
-65.29
-67.87
-70.67
-72.78
-75.46
-77.94
-80.31
-82.96
-85.75
-88.13
-90.41
-93.5
-95.53
-98.1
-100.49
-102.57
-102.71
-102.73
-102.74
-102.72
-102.75
-102.7
-102.71
-101.49
-98.38
-95.91
-93.18
-90.86
-88.54
-85.95
-83.31
-80.89
-78.45
-75.81
-73.21
-70.68
-68.32
-65.41
-62.81
-60.86
-58.21
-55.62
-52.99
-50.69
-48.01
-45.49
-42.89
-40.62
-38.06
-35.46
-32.86
-30.21
-27.94
-25.42
-23.02
-20.12
-17.92
-15.38
-12.83
-10.36
-6.71
-3.49
0.52
3.69
7.17
10.31
13.15
15.46
18.12
20.99
22.93
25.5
28.18
30.77
33.05
35.55
38.2
40.72
43.16
45.68
48.46
50.78
53.25
56.1
58.35
61.01
63.38
65.94
