136
54
82
152.5
162.63
161.02
154.02
159.5
154.96
151.18
179.37
135.38
145.41
148.53
160.73
151.75
152.03
149.66
135.47
149.29
154.96
137.74
146.16
131.59
144.46
148.43
138.69
140.77
136.8
136.99
155.81
138.78
155.62
146.35
138.6
144.18
133.11
152.79
143.7
133.87
152.31
142.47
141.53
146.54
143.7
156.95
146.73
157.8
127.15
145.41
143.52
157.14
140.2
147.3
148.53
150.33
148.53
154.68
139.35
173.32
162.44
190.16
159.41
143.33
158.27
162.53
764.22
877.84
880.48
0.52
0.26
0.61
-1.04
2.08
2.77
-0.09
1.47
1.99
0.09
3.03
1.56
-136.42
-137.63
-122.03
-143.53
-177.07
-140.06
-150.29
-146.73
-141.88
-143.79
-141.19
-142.92
-143.53
-139.37
-152.54
-141.88
-131.13
-139.8
-135.38
-152.28
-150.46
-152.02
-141.27
-151.07
-146.73
-136.07
-138.07
-140.06
-135.73
-147.51
-130.18
-143.35
-131.82
-137.29
-149.94
-134.95
-134.86
-130.09
-137.89
-146.73
-124.46
-144.31
-132.95
-141.01
-150.63
-137.89
-139.28
-139.63
-139.54
-160.25
-135.64
-153.49
-144.83
-139.8
-144.13
-141.71
-148.55
-150.46
64.26
61.69
59.38
56.66
53.62
51.28
49.08
46.61
44.14
41.48
39.16
36.55
34.14
31.55
29.18
26.32
23.98
21.43
18.99
16.55
13.88
11.31
8.23
4.96
1.37
-2.19
-5.67
-9.12
-11.88
-14.97
-16.81
-19.49
-22.48
-24.63
-27.06
-29.47
-32.35
-34.58
-37.16
-39.56
-42.24
-44.97
-46.98
-49.73
-52.2
-54.82
-57.08
-60.2
-62.36
-64.7
-67.38
-69.84
-72.41
-74.75
-77.81
-79.95
-82.43
-84.82
-87.57
-90.35
-92.54
-95.33
-97.56
-99.52
-99.89
-99.88
-99.9
-99.88
-99.91
-99.91
-99.89
-98.29
-94.47
-92.8
-90.13
-87.64
-85.04
-82.77
-80.14
-77.13
-75.01
-72.6
-70.04
-67.38
-65.15
-62.63
-59.78
-57.45
-54.85
-52.47
-49.32
-47.29
-44.76
-42.31
-39.69
-36.99
-34.89
-31.7
-29.76
-27.26
-24.58
-22.07
-19.63
-17.07
-14.18
-12.12
-9.6
-5.95
-2.13
1.26
4.54
8.12
11.25
14.21
16.05
19
21.22
23.77
26.16
29.15
31.42
33.84
36.29
38.73
41.38
43.65
46.62
48.83
51.38
53.88
56.72
59.01
61.52
64.09
66.69
69.11
