143
62
83
146.07
160.73
161.4
156.85
159.5
153.83
138.22
159.6
146.64
153.92
146.45
158.75
147.02
157.89
151.75
137.93
147.96
149.76
142.1
146.16
131.78
139.83
149.19
137.84
147.77
134.34
138.78
150.7
143.52
159.6
135.57
140.58
146.92
155.06
154.96
142
131.69
154.21
142.95
152.31
146.54
142.38
144.18
145.79
149.48
134.62
147.77
143.42
160.17
143.52
149.29
152.88
156.1
151.56
158.56
144.37
175.11
167.54
197.53
154.87
144.74
161.87
162.72
877.27
893.73
888.15
4.33
1.47
1.47
4.25
0.87
-0.09
0.17
2.08
-0.35
-0.87
0.78
2.51
0.87
-132.52
-121.6
-143.18
-171.26
-145.26
-139.71
-155.66
-139.97
-145.52
-143.87
-139.02
-138.41
-147.34
-137.29
-144.22
-137.29
-142.92
-132.26
-153.23
-146.39
-149.77
-144.48
-142.49
-145.43
-136.85
-137.72
-138.07
-137.89
-141.36
-128.36
-143.7
-132.26
-134.51
-146.73
-134.43
-134.25
-131.65
-130.18
-147.77
-129.92
-135.47
-138.15
-140.93
-157.48
-138.15
-143.61
-141.53
-137.72
-155.4
-136.77
-153.15
-144.31
-137.11
-143.79
-138.93
-147.86
-151.33
-154.79
-160.69
-148.55
-143.7
-137.98
-141.01
-143.79
63.16
60.74
58.16
55.52
53.16
50.57
47.64
45.53
43.04
40.54
37.63
35.74
33.09
30.52
27.92
25.3
22.94
20.58
17.93
15.36
12.9
10.08
6.91
3.77
-0.09
-3.45
-7.07
-10.23
-13.27
-15.5
-18.07
-20.46
-23.17
-25.87
-27.81
-30.94
-33.1
-35.68
-38.03
-40.67
-43.16
-45.68
-48.65
-50.66
-53.29
-55.76
-58.3
-60.81
-63.31
-65.79
-68.43
-70.73
-73.3
-75.89
-78.49
-80.88
-83.5
-86.21
-88.27
-91.08
-93.66
-95.95
-98.37
-100.31
-100.38
-100.4
-100.41
-100.37
-100.4
-100.39
-100.4
-99.56
-96.61
-93.8
-91.16
-88.1
-86.24
-83.71
-81.35
-78.74
-76.16
-73.81
-70.77
-68.61
-66.11
-63.75
-60.82
-58.25
-55.93
-53.66
-50.99
-48.4
-46.05
-43.02
-40.77
-38.34
-35.84
-33.26
-30.72
-28.21
-25.47
-23.3
-20.59
-18.23
-15.61
-12.72
-10.77
-7.4
-3.73
-0.56
3.24
6.9
10.22
12.55
15.64
17.72
20.23
22.72
25.61
27.71
30.21
32.76
35.46
37.73
40.26
42.82
45.4
47.84
50.35
53.35
55.32
57.95
60.92
63.04
65.51
68.06
70.75
73.14
75.54
78.14
81.04
83.05
85.69
