135
53
81
152.12
163.85
164.42
160.45
166.13
157.8
147.3
157.33
142.19
153.16
147.58
158.94
147.87
155.06
145.97
140.3
147.49
146.07
145.5
146.35
129.51
140.3
136.89
141.53
151.46
133.68
143.14
149.66
140.49
154.77
130.84
133.58
143.42
144.56
156.19
142
128.47
154.68
149.76
154.87
146.45
145.6
156.1
152.03
150.89
141.43
155.91
150.42
170.95
151.65
156.57
148.62
164.9
159.12
165.56
167.26
181.92
178.71
212.48
164.42
150.89
164.14
266.88
897.8
879.92
-1.21
-2.95
-1.3
-2.77
-2.69
-1.99
-1.47
-0.69
-1.39
-3.81
-0.26
-1.82
-144.74
-145
-143.01
-173.6
-168.75
-146.3
-162.33
-145.26
-148.29
-150.29
-144.83
-146.13
-154.01
-144.57
-152.71
-144.57
-150.11
-143.09
-156.61
-151.93
-156.96
-159.21
-152.11
-111.46
-141.27
-144.57
-148.47
-139.63
-139.02
-133.13
-141.19
-143.7
-135.38
-145.61
-142.92
-141.97
-139.45
-128.96
-146.99
-140.32
-138.5
-151.93
-135.55
-153.75
-144.91
-150.46
-153.49
-137.2
-152.28
-144.74
-144.05
-162.33
-142.31
-143.01
-144.39
-155.23
-158.78
-156.01
62.73
60.26
57.62
55.11
52.61
50.16
47.61
45.02
42.34
40.19
37.55
35.09
32.63
30.01
27.69
24.59
22.57
20
17.45
14.74
12.51
9.89
5.49
2.96
-0.64
-3.93
-8.01
-10.85
-13.38
-15.92
-18.43
-20.94
-23.47
-26.28
-28.44
-31.05
-33.59
-36.14
-38.58
-41.04
-43.66
-46.2
-48.48
-51.15
-54
-56.27
-58.52
-61.19
-63.87
-66.23
-68.79
-71.45
-73.92
-76.27
-78.9
-81.91
-83.93
-86.45
-88.85
-91.5
-94.03
-96.56
-99.58
-100.74
-100.8
-100.78
-100.77
-100.78
-100.78
-100.33
-97.64
-94.86
-92.27
-89.53
-87.28
-84.71
-82.21
-79.91
-77.38
-74.75
-71.61
-69.71
-67.3
-64.74
-61.91
-59.55
-57.06
-54.7
-52.18
-49.52
-46.96
-44.25
-41.77
-39.59
-36.83
-34.46
-31.79
-29.24
-26.49
-24.4
-21.71
-19.25
-16.51
-14.12
-11.8
-8.86
-5.26
-1.63
1.54
5.71
8.6
11.59
14.19
16.65
19
21.63
24.44
26.74
29.02
31.77
34.62
36.68
39.26
41.78
44.31
46.72
49.32
51.93
54.39
57.01
59.31
61.79
64.5
67.08
69.49
