136
54
82
157.99
143.14
159.79
153.07
164.14
163.85
154.77
154.39
144.74
146.45
159.12
148.62
155.81
138.5
156
152.69
142.19
145.22
138.97
146.92
144.18
136.14
144.74
139.73
145.6
145.5
134.34
149.1
140.87
142.85
154.87
129.14
152.03
133.01
144.18
148.72
145.69
135.38
140.3
147.49
151.75
146.35
158.56
143.61
153.16
143.8
140.87
147.49
160.83
147.87
154.11
151.08
147.96
148.62
151.93
151.65
165.27
169.53
175.02
186.09
153.64
149.19
165.08
339.63
877.93
874.62
1.39
2.69
2.17
2.95
3.64
8.41
2.25
0.69
1.3
2.34
3.55
1.91
-134.08
-132.08
-128.7
-158.35
-168.23
-142.05
-156.53
-142.4
-140.32
-145.26
-139.8
-138.07
-144.74
-133.39
-147.77
-139.19
-146.65
-139.8
-148.9
-148.55
-155.92
-153.58
-145.43
-148.64
-140.49
-137.11
-145
-139.63
-141.19
-136.94
-146.39
-139.02
-134.08
-147.6
-143.18
-141.45
-140.32
-132.26
-146.47
-138.76
-132.43
-153.32
-132.34
-149.25
-144.39
-144.22
-155.83
-134.86
-146.3
-140.06
-136.94
-158.61
-135.81
-136.25
-135.81
-149.16
-156.35
-149.51
62.7
60.67
58.1
55.67
53.09
50.32
48.14
44.96
42.96
40.39
38.12
35.31
33.06
30.46
27.62
25.34
22.98
20.39
17.58
15.52
12.77
10.3
6.84
3.55
0
-3.94
-7.06
-10.36
-12.98
-15.78
-17.86
-20.52
-23.26
-25.55
-28.08
-30.53
-33.13
-35.65
-38.2
-40.58
-43.15
-45.78
-48.26
-51.26
-53.3
-55.88
-58.15
-60.66
-63.34
-65.89
-68.6
-71.01
-73.41
-76.02
-78.9
-80.88
-83.46
-86.07
-88.63
-91.11
-93.63
-96.59
-98.7
-101.02
-101.91
-101.92
-101.92
-101.91
-101.93
-101.93
-101.59
-99.12
-96.17
-93.9
-91.5
-88.89
-86.32
-83.53
-81.61
-78.32
-76.29
-73.75
-71.31
-68.82
-66.13
-63.85
-60.57
-58.79
-56.17
-53.59
-50.64
-48.43
-46.1
-43.52
-40.82
-38.62
-35.96
-32.92
-30.86
-28.57
-25.91
-23.31
-20.83
-18.29
-15.31
-13.27
-10.7
-7.77
-3.12
-0.45
3.05
6.42
9.77
12.68
15.14
18.05
20.03
22.64
24.96
27.71
30.15
32.72
35.53
37.64
39.99
42.65
45.34
47.86
50.17
52.72
55.36
57.7
60.31
62.94
65.65
67.85
