136
54
82
157.52
163.1
159.31
155.91
151.37
163.29
151.75
161.21
138.5
149.85
151.18
159.03
152.22
152.79
150.33
140.39
155.25
152.6
140.58
145.69
139.35
148.81
156.67
136.7
140.77
142.95
136.51
159.31
141.43
144.74
144.84
137.93
156.1
136.42
140.58
236.98
150.04
156.29
145.41
141.15
145.41
149.95
148.06
143.14
152.88
134.24
148.53
144.18
155.34
142.47
146.92
148.62
152.12
150.7
156.95
144.84
177.19
165.37
182.87
157.8
144.65
158.84
164.42
671.22
864.5
855.6
3.29
3.12
11.61
1.65
2.69
2.08
1.04
11.87
2.77
3.99
1.3
0.95
-135.21
-130.61
-121.94
-143.87
-175.51
-142.75
-146.56
-141.71
-139.89
-146.82
-143.61
-140.58
-135.81
-139.28
-152.28
-142.31
-132.08
-139.8
-138.76
-151.5
-152.54
-150.89
-144.39
-144.05
-148.21
-132.95
-137.55
-137.81
-144.13
-142.92
-128.27
-141.53
-130.35
-133.56
-148.81
-133.73
-135.29
-130.26
-137.46
-145.26
-130
-139.11
-132
-140.06
-151.15
-137.46
-149.51
-138.76
-136.33
-152.89
-131.3
-152.97
-139.11
-138.41
-142.92
-137.72
-150.63
-149.42
56.17
53.06
50.99
48.41
45.93
43.38
40.78
38.32
35.9
33.4
30.8
28.5
25.57
23.25
20.75
18.14
15.82
13.18
10.81
7.03
3.97
0.53
-2.84
-6.8
-10.24
-12.29
-15.01
-17.52
-20.15
-22.49
-25.39
-27.77
-30.02
-32.98
-35.12
-37.72
-40.04
-42.87
-45.34
-47.66
-50.39
-52.98
-55.64
-57.75
-60.82
-62.98
-65.39
-67.85
-70.68
-73.08
-75.58
-78.14
-80.47
-83.2
-85.47
-88.39
-90.59
-93.23
-95.59
-98.4
-100.95
-103.31
-105.66
-107.73
-108.2
-108.18
-108.21
-108.19
-108.2
-108.19
-108.17
-107.17
-103.69
-101.22
-98.55
-96.25
-93.56
-90.94
-88.32
-86.35
-83.5
-80.67
-78.42
-76.1
-73.38
-70.67
-68.57
-65.78
-63.33
-60.93
-58.48
-55.84
-53.02
-50.96
-48.22
-45.73
-42.85
-40.86
-38.13
-35.6
-33.07
-30.73
-28.08
-25.22
-23.02
-20.44
-17.48
-14.9
-12.66
-10.04
-7.28
-3.63
0.03
3.76
6.66
10.23
12.87
15.31
17.81
20.28
23.14
25.25
27.91
30.69
33.57
35.8
38.2
40.69
42.94
45.48
47.94
50.59
53.32
55.4
58.49
60.62
