136
54
83
150.23
162.81
160.83
161.11
159.31
153.73
150.04
165.08
139.64
151.93
146.92
161.21
156.38
152.31
150.8
135.1
145.69
145.6
139.64
142.1
133.11
143.33
148.06
142
139.83
132.64
141.15
155.72
141.62
153.45
140.87
132.45
152.41
136.23
151.27
143.23
134.62
153.73
143.61
154.87
145.6
144.84
154.21
149.57
159.98
137.93
148.06
149.76
168.11
148.72
155.34
154.58
160.35
151.46
162.63
153.64
180.79
174.64
201.32
159.5
149.48
163.57
168.11
849.55
868.09
867.33
-0.17
0.09
-0.95
1.3
-0.61
-1.99
-1.73
-0.52
-0.87
-0.78
-0.69
-0.35
-1.91
-146.73
-126.8
-147.95
-183.91
-156.7
-156.27
-152.71
-148.38
-144.65
-147.51
-146.13
-142.92
-151.76
-147.6
-143.27
-137.55
-144.91
-141.71
-155.83
-154.97
-153.49
-148.55
-146.13
-149.33
-140.58
-136.25
-142.92
-143.09
-143.01
-130.09
-144.39
-134.51
-135.73
-152.97
-136.51
-137.03
-134.86
-133.3
-152.28
-130.52
-140.93
-138.07
-140.23
-154.36
-144.31
-147.51
-139.54
-141.97
-160.08
-138.59
-155.23
-143.18
-136.85
-146.13
-141.45
-146.82
-151.59
62.81
60.23
57.9
55.32
52.63
49.76
47.75
45.24
42.6
40.05
37.7
35.09
32.86
30.28
27.66
25.02
22.14
20.02
17.55
15.01
12.48
10.09
6.44
2.6
-0.52
-4.15
-7.45
-10.88
-13.39
-15.85
-18.32
-20.9
-23.21
-25.93
-28.49
-30.87
-33.51
-35.91
-38.54
-41.08
-43.39
-46.18
-48.5
-51.22
-53.52
-56.45
-58.68
-61.04
-63.72
-66.27
-68.77
-71.11
-74.25
-76.29
-78.86
-81.23
-83.66
-86.38
-88.89
-91.85
-93.91
-96.44
-99.01
-100.9
-101.01
-101
-101.02
-101.01
-100.99
-100.98
-100.97
-99.89
-96.91
-94.25
-91.63
-89.33
-86.62
-83.67
-81.61
-79.42
-76.59
-73.98
-71.48
-69.08
-66.14
-64
-61.4
-59.05
-56.26
-53.87
-51.39
-48.95
-46.34
-43.79
-41.29
-38.37
-36.23
-33.76
-31.27
-28.29
-26.15
-23.9
-21.17
-18.66
-16.15
-13.79
-10.59
-8.16
-4.44
-1.18
2.39
6
9.67
12.6
14.66
17.17
19.6
22.08
24.79
27.37
30.08
32.35
34.88
37.24
40.28
42.34
44.95
47.32
49.81
52.41
55.11
58.06
59.99
62.52
65.11
67.66
