136
54
83
164.04
160.17
167.92
158.75
152.69
163.29
156.67
163.1
139.54
155.34
151.93
158.27
156.38
149.48
148.06
140.87
149.76
149.38
131.31
142.85
127.24
142.85
147.68
134.53
135.47
141.06
137.46
149.95
135.28
141.06
141.91
134.53
150.99
128.19
149.38
139.07
143.42
152.6
142.1
142.19
146.73
156.1
163.57
148.25
166.03
138.5
151.75
154.87
165.08
149.19
152.6
158.94
163.19
154.96
165.65
149.85
184.1
176.06
189.59
165.08
150.61
161.21
163.1
792.03
824.86
822.49
-1.65
-0.87
-1.04
-2.43
-1.04
-1.91
-3.12
-2.69
-2.69
-1.47
-1.39
-2.43
-1.56
-146.91
-130.7
-152.8
-185.39
-163.81
-154.45
-163.37
-150.63
-146.99
-150.29
-150.55
-147.34
-153.67
-147.08
-151.59
-143.01
-148.21
-144.74
-163.63
-156.53
-156.44
-150.72
-149.68
-150.72
-137.29
-137.89
-140.23
-140.58
-141.88
-122.9
-142.92
-131.22
-134.25
-149.68
-133.56
-134.6
-130.87
-133.13
-142.4
-127.84
-135.64
-135.29
-137.72
-154.88
-143.7
-143.44
-142.92
-138.93
-161.81
-140.23
-158.35
-146.56
-141.97
-149.33
-145.17
-151.24
-155.05
63.44
61.13
58.22
56.06
53.39
50.89
48.3
45.84
43.25
40.68
38.18
35.99
33.43
30.81
28.21
25.78
23.27
20.8
18.42
15.82
12.97
10.64
7.44
4.18
0.79
-3.05
-6.6
-10.75
-12.46
-15.08
-17.57
-20.24
-22.54
-25.18
-28.22
-30.24
-32.62
-35.26
-38.06
-40.33
-42.92
-45.28
-47.7
-50.44
-52.92
-55.86
-57.91
-60.39
-62.98
-65.62
-68.04
-70.61
-73.37
-75.65
-78.03
-80.69
-83.39
-85.81
-88.09
-90.7
-93.26
-95.6
-98.22
-100.54
-100.75
-100.73
-100.74
-100.75
-100.75
-100.76
-100.74
-99.72
-96.39
-94.07
-91.17
-88.96
-86.28
-83.28
-81.2
-79.05
-76.22
-73.33
-71.14
-68.85
-66.15
-63.77
-61.05
-58.78
-55.66
-53.52
-51.17
-48.64
-46.09
-43.4
-40.89
-38.1
-35.91
-33.41
-30.73
-27.99
-25.84
-23.4
-20.77
-18.2
-15.78
-13.25
-10.26
-7.44
-4.13
-0.43
3.54
6.56
10.07
12.54
15.04
17.58
20.17
22.98
25.23
27.62
30.05
32.75
35.13
37.67
40.54
42.51
45.2
47.74
50.31
52.78
55.2
58.39
60.43
62.87
65.46
68.21
