144
63
84
157.42
132.73
152.22
157.33
158.08
168.77
155.81
131.31
151.27
141.15
150.8
140.96
154.87
140.39
154.96
146.07
140.01
142.29
145.5
141.91
145.41
120.43
135.57
138.97
143.7
151.27
126.11
137.37
140.2
140.58
152.69
128.66
138.88
140.58
145.41
156.48
138.97
129.61
143.61
149.29
157.04
143.42
148.34
144.56
150.8
140.87
159.22
140.87
147.58
151.08
148.91
144.93
142.66
149.38
155.34
151.46
152.41
179.09
163.57
191.1
147.58
141.06
153.73
157.33
895.81
895.81
895.05
4.77
5.03
5.46
5.37
6.76
7.11
3.38
5.29
6.07
3.99
5.89
5.03
7.45
-122.55
-118.65
-138.07
-154.97
-142.4
-137.03
-152.28
-135.55
-128.79
-141.97
-132.34
-139.89
-140.41
-131.39
-139.89
-133.65
-143.01
-130.7
-146.47
-141.36
-145.17
-142.05
-137.63
-140.58
-133.91
-132.86
-138.5
-131.04
-136.07
-124.28
-138.41
-132
-126.62
-141.36
-132.6
-133.39
-127.32
-125.93
-142.83
-126.71
-128.27
-133.65
-134.77
-139.89
-134.25
-137.98
-136.94
-132.43
-146.99
-128.01
-137.46
-139.63
-134.43
-139.28
-136.25
-143.44
-144.39
-149.16
-156.18
-128.96
-137.2
-139.19
-136.25
-138.59
60.57
58.06
55.43
52.9
50.34
47.86
45.23
42.71
40.27
37.68
35.21
32.62
30.16
27.6
25.35
22.83
20.29
17.81
15.24
12.73
10.23
6.78
3.28
-0.16
-3.66
-7.06
-10.5
-13.2
-15.68
-18.15
-20.78
-23.33
-25.86
-28.25
-30.81
-33.26
-35.8
-38.41
-40.83
-43.39
-45.97
-48.45
-51.03
-53.5
-56.04
-58.62
-61.11
-63.59
-66.23
-68.77
-71.18
-73.75
-76.32
-78.54
-81.07
-83.77
-86.19
-88.78
-91.28
-93.8
-96.38
-98.91
-101.39
-103.72
-105.23
-105.29
-105.27
-105.28
-105.28
-105.27
-105.28
-105.27
-104.68
-101.53
-98.93
-96.31
-93.83
-91.31
-88.71
-86.26
-83.91
-81.21
-78.75
-76.12
-73.62
-71.12
-68.69
-66.13
-63.56
-61.01
-58.55
-56.05
-53.52
-50.9
-48.39
-45.86
-43.49
-40.74
-38.32
-35.72
-33.25
-30.72
-28.26
-25.74
-23.23
-20.7
-18.19
-15.6
-13.38
-10.73
-7.49
-3.9
-0.41
3.18
6.6
10.16
12.6
15.18
17.61
20.24
22.66
25.29
27.81
30.1
32.55
35.09
37.56
40.17
42.68
45.29
47.76
50.39
52.92
55.43
57.9
60.44
62.96
65.6
68.08
70.55
73.14
75.59
78.11
80.68
