39
17
23
144.56
158.37
146.26
143.14
145.31
135.85
155.44
134.24
138.22
137.93
138.31
154.02
148.06
153.16
157.99
191.76
159.69
613.23
2.08
1.3
1.47
2.17
-151.41
-165.63
-149.68
-143.79
-141.97
-151.67
-133.82
-138.15
-135.21
-126.36
-139.02
-140.75
-156.01
-134.77
-143.7
-139.8
-147.86
65.35
55.28
45.19
35.12
25.11
15.02
3.06
-10.71
-20.8
-30.9
-40.97
-51.04
-61.1
-71.22
-81.33
-91.34
-101.45
-103.27
-103.25
-103.29
-102.34
-91.63
-81.67
-71.48
-61.43
-51.33
-41.26
-31.15
-21.07
-11.04
2.6
14.73
24.82
34.85
44.92
55.05
65.15
75.24
85.3
