146
64
84
148.91
157.04
138.5
152.79
152.31
158.18
161.58
151.08
133.01
140.11
141.34
143.89
139.07
147.02
130.55
152.41
136.51
133.68
135
132.82
141.06
140.96
128.38
135.57
135.47
142.95
145.69
133.01
145.6
140.11
141.34
148.06
138.12
137.37
133.58
141.72
147.11
136.99
124.5
136.7
141.72
163.1
139.83
141.43
140.96
143.61
131.69
137.65
147.2
152.31
152.22
147.68
150.52
144.74
150.04
158.37
150.33
166.03
179.75
175.68
200.37
151.08
145.41
159.12
164.04
912.93
903.28
903.28
0.69
2.86
0.61
4.42
1.04
-0.35
0.43
3.29
5.29
1.21
1.39
1.47
2.43
-142.92
-138.07
-131.13
-150.72
-170.13
-144.31
-154.79
-142.31
-137.46
-139.71
-134.6
-133.65
-143.61
-130.09
-140.32
-132.78
-139.54
-130.78
-141.97
-140.06
-141.53
-145.09
-137.11
-137.55
-131.82
-129.74
-136.07
-132.08
-132.69
-127.23
-129.74
-134.25
-128.01
-141.45
-134.43
-137.11
-132.78
-121.77
-141.62
-133.04
-129.22
-146.73
-128.96
-144.65
-68.38
-139.97
-145.52
-125.06
-138.59
-130
-131.48
-148.64
-130.96
-133.3
-132.43
-143.53
-149.94
-145.78
-147.69
-144.91
-141.71
-152.45
-144.05
-134.69
-136.85
65.43
62.94
60.47
57.87
55.35
52.86
50.25
47.73
45.27
42.82
40.21
37.73
35.22
32.72
30.24
27.77
25.16
22.63
20.2
17.58
15.1
12.64
9.98
6.63
3.17
-0.39
-3.78
-7.35
-10.71
-13.22
-15.63
-18.29
-20.76
-23.27
-25.88
-28.32
-30.78
-33.25
-35.92
-38.34
-40.99
-43.43
-45.93
-48.41
-51.01
-53.5
-56.13
-58.59
-61.04
-63.55
-66.16
-68.62
-71.08
-73.7
-76.19
-78.63
-81.3
-83.75
-86.23
-88.82
-91.29
-93.8
-96.41
-98.83
-101.33
-102.54
-102.56
-102.56
-102.55
-102.58
-102.55
-102.58
-102.54
-102.34
-99.79
-96.95
-94.45
-91.93
-89.38
-86.89
-84.45
-81.98
-79.35
-76.87
-74.29
-71.82
-69.28
-66.73
-64.23
-61.75
-59.18
-56.65
-54.19
-51.59
-49.1
-46.64
-44
-41.53
-39.01
-36.45
-33.93
-31.47
-28.87
-26.45
-23.97
-21.33
-18.86
-16.37
-13.85
-11.28
-8.26
-4.74
-1.13
2.22
5.64
9.28
11.92
14.4
17.05
19.53
22
24.62
27.09
29.57
32.18
34.57
37.04
39.67
42.14
44.6
47.25
49.68
52.18
54.81
57.31
59.77
62.39
64.84
67.36
69.94
72.44
74.91
77.53
79.98
82.49
85.13
