126
45
82
137.18
131.59
141.34
140.49
128.28
136.8
131.22
144.08
145.69
132.82
141.43
140.77
142.66
145.97
133.68
139.83
133.96
143.8
147.58
139.16
123.18
135.66
145.97
150.52
142.1
142.1
143.52
150.7
135.76
136.8
138.22
151.93
159.98
146.73
152.12
142
151.18
158.18
154.11
157.42
177.29
173.69
199.24
148.06
142
157.14
244.17
890.51
904.23
0.78
4.94
2.69
1.65
0.43
3.64
2.43
2.86
3.64
17.85
1.13
1.13
-135.64
-137.46
-131.3
-161.99
-168.4
-145.17
-153.32
-143.01
-137.98
-139.37
-136.42
-133.47
-140.06
-130.26
-139.54
-132.86
-135.73
-129.66
-139.28
-140.75
-141.79
-145.35
-136.77
-137.03
-134.51
-129.05
-135.29
-133.04
-133.56
-128.27
-129.05
-136.16
-127.92
-140.49
-134.69
-135.29
-129.66
-122.2
-140.84
-130.7
-130.44
-144.91
-128.96
-141.45
-137.2
-141.71
-147.25
-127.58
-138.41
-132.6
-128.1
-150.46
-131.3
-134.95
-132.95
-144.83
-151.24
-146.91
-148.55
-145
-140.15
-152.54
-145.35
-133.99
-136.33
20.21
17.71
15.24
12.63
10.15
6.79
3.16
-0.18
-3.62
-7.37
-10.6
-13.07
-15.65
-18.18
-20.64
-23.13
-25.77
-28.21
-30.78
-33.27
-35.8
-38.32
-40.86
-43.29
-45.78
-48.43
-50.86
-53.37
-56.02
-58.47
-60.92
-63.53
-66.03
-68.48
-71.07
-73.57
-76.06
-78.66
-81.2
-83.6
-86.23
-88.67
-91.14
-93.8
-96.31
-98.7
-101.35
-102.44
-102.49
-102.48
-102.48
-102.46
-102.48
-102.14
-99.6
-96.96
-94.35
-91.85
-89.4
-86.82
-84.35
-82.04
-79.26
-76.76
-74.31
-71.72
-69.21
-66.76
-64.11
-61.66
-59.18
-56.58
-54.1
-51.65
-48.99
-46.52
-44.03
-41.43
-38.92
-36.5
-33.84
-31.37
-28.92
-26.36
-23.86
-21.36
-18.9
-16.26
-13.78
-11.33
-8.14
-4.66
-1.2
2.36
5.73
9.23
12.05
14.5
17.04
19.61
22.12
24.57
27.2
29.71
32.14
34.57
37.19
39.6
42.27
44.71
47.21
49.63
52.29
54.78
57.28
59.89
62.35
64.84
67.48
69.93
72.46
75.05
77.53
79.95
82.6
85.1
