145
63
82
166.88
152.22
149.66
147.11
152.31
148.81
155.91
148.81
150.42
136.51
140.96
144.27
145.6
173.13
135.19
141.43
127.72
135
132.26
120.05
129.7
125.45
127.91
132.64
124.4
133.87
136.14
125.82
144.37
131.69
131.41
136.14
123.55
136.33
118.07
125.26
134.62
137.74
138.78
134.34
138.41
145.03
152.03
150.8
135.76
170.19
135.66
149.19
143.33
162.25
139.26
150.42
155.44
157.14
153.92
153.35
151.08
178.05
172.65
186.18
161.96
152.41
149.1
159.6
563.75
927.88
925.61
-0.87
-0.26
0.69
-0.26
3.21
-0.78
1.21
-0.09
-0.17
0.26
-1.04
0.95
-121.77
-140.15
-127.84
-148.29
-181.31
-151.07
-158.69
-149.25
-145.43
-155.31
-143.35
-139.19
-144.05
-140.67
-157.48
-140.93
-135.03
-136.16
-136.68
-150.81
-154.62
-148.81
-138.41
-149.07
-140.15
-129.22
-130.44
-126.88
-135.12
-127.92
-121.42
-131.56
-126.28
-131.56
-142.92
-129.83
-128.27
-119.17
-130.96
-133.3
-120.12
-131.48
-124.8
-131.3
-139.63
-131.39
-141.79
-130.61
-129.74
-143.96
-131.39
-148.99
-145
-135.38
-141.01
-146.47
-154.27
-153.49
-156.44
-154.88
-144.83
-151.76
-142.23
-134.08
-143.44
-121.25
62.84
60.36
57.91
55.29
52.81
50.3
47.82
45.22
42.7
40.11
37.65
35.18
32.7
30.19
27.7
25.24
22.64
20.15
17.65
15.05
12.58
10.09
6.48
3.11
-0.42
-3.85
-7.37
-10.65
-13.28
-15.75
-18.2
-20.68
-23.35
-25.8
-28.33
-30.85
-33.35
-35.78
-38.45
-40.88
-43.39
-45.97
-48.5
-50.95
-53.58
-56.06
-58.57
-61.12
-63.62
-66.09
-68.74
-71.18
-73.68
-76.25
-78.76
-81.22
-83.89
-86.3
-88.82
-91.36
-93.89
-96.37
-98.88
-101.42
-103.64
-104.3
-104.34
-104.34
-104.33
-104.33
-104.34
-104.2
-102.12
-99.39
-96.92
-94.23
-91.8
-89.35
-86.76
-84.34
-81.84
-79.13
-76.71
-74.25
-71.6
-69.11
-66.68
-64.02
-61.59
-59.09
-56.53
-54
-51.51
-48.92
-46.44
-43.97
-41.36
-38.89
-36.41
-33.77
-31.3
-28.87
-26.43
-23.77
-21.27
-18.82
-16.2
-13.73
-11.24
-7.99
-4.57
-1.15
2.42
5.89
9.28
12.12
14.6
17.1
19.68
22.16
24.62
27.28
29.73
32.16
34.72
37.19
39.7
42.14
44.74
47.24
49.85
52.4
54.89
57.34
59.99
62.4
64.9
67.49
69.99
72.49
75.1
77.56
80.08
82.67
85.13
