146
64
84
143.23
150.61
135.85
152.6
150.61
155.06
158.56
148.91
134.91
141.53
137.46
143.04
138.97
144.46
129.32
145.5
133.11
127.24
136.8
136.14
135
135.95
124.22
136.23
134.62
143.33
141.24
125.45
141.34
143.23
138.12
153.07
135
133.68
147.2
141.91
149.48
142
123.55
141.43
144.18
143.52
136.89
132.64
142
146.16
134.72
134.53
142.76
145.88
164.33
145.6
154.68
139.26
146.07
158.84
155.06
160.07
178.14
171.23
201.03
149.66
144.93
157.8
163.76
901.11
900.82
898.65
0
1.99
1.3
0.35
-0.87
0.87
1.82
-0.17
1.99
-1.21
1.65
-1.04
1.04
-142.05
-137.37
-139.71
-160.86
-160.08
-144.31
-157.05
-139.02
-139.28
-141.97
-133.99
-137.03
-140.75
-133.47
-142.49
-135.03
-138.59
-131.39
-144.65
-138.07
-140.84
-147.51
-136.59
-138.67
-132.78
-133.13
-139.54
-135.9
-132.08
-124.2
-136.33
-137.37
-128.53
-137.29
-136.68
-137.63
-134.6
-124.72
-141.1
-132.95
-130.96
-137.81
-133.73
-145.43
-137.81
-138.67
-141.36
-126.45
-145.35
-133.04
-132.95
-146.39
-134.17
-135.29
-130.96
-143.44
-147.86
-148.21
-151.85
-143.96
-138.59
-145.52
-142.05
-142.05
-137.03
65.75
63.27
60.64
58.2
55.69
53.09
50.57
48.09
45.61
43.02
40.53
37.91
35.46
33.06
30.49
27.98
25.51
22.99
20.4
17.92
15.44
12.85
10.35
7.07
3.48
0.07
-3.33
-7.08
-10.37
-12.88
-15.44
-17.96
-20.42
-23.03
-25.53
-28.01
-30.57
-33.07
-35.57
-38.14
-40.64
-43.12
-45.73
-48.2
-50.65
-53.28
-55.78
-58.26
-60.71
-63.36
-65.84
-68.31
-70.92
-73.38
-75.85
-78.46
-80.94
-83.44
-86.01
-88.48
-90.92
-93.6
-96.05
-98.5
-101.11
-102.54
-102.52
-102.54
-102.52
-102.52
-102.53
-102.53
-102.52
-102.13
-99.23
-96.6
-93.97
-91.45
-89.03
-86.56
-83.94
-81.64
-79.01
-76.41
-73.92
-71.48
-68.84
-66.38
-63.84
-61.28
-58.81
-56.3
-53.72
-51.25
-48.73
-46.16
-43.62
-41.2
-38.52
-36.11
-33.57
-30.99
-28.51
-26.07
-23.46
-20.97
-18.53
-16.02
-13.38
-10.95
-7.61
-4.16
-0.68
2.66
6.32
9.76
12.31
14.89
17.41
19.86
22.47
24.96
27.45
30.05
32.51
34.89
37.53
39.97
42.49
45.07
47.57
49.99
52.65
55.18
57.63
60.26
62.71
65.2
67.85
70.32
72.79
75.43
77.91
80.32
82.93
85.45
