141
59
83
155.53
155.53
155.15
144.18
151.56
145.97
146.16
136.42
150.42
136.51
144.37
132.26
126.3
139.54
133.96
135.1
134.43
121.19
135.38
137.93
133.2
139.35
129.14
136.42
144.27
136.99
150.33
128.09
131.78
139.45
132.92
144.27
137.65
129.32
146.64
145.88
147.87
144.08
142.29
147.3
144.18
143.61
133.68
145.12
148.06
161.02
142.85
150.7
146.07
155.25
156
159.98
152.6
182.3
175.49
199.62
159.22
143.89
160.26
161.77
912.18
919.74
918.14
2.08
-0.35
0.26
0
1.04
0.35
0.52
0.52
2.08
1.65
1.39
1.04
1.91
-136.77
-129.4
-144.48
-168.57
-153.93
-147.08
-156.01
-143.01
-136.94
-146.04
-138.5
-141.01
-140.84
-134.08
-143.35
-131.56
-140.06
-127.92
-147.51
-141.88
-143.79
-143.61
-137.81
-134.08
-132.26
-129.57
-133.91
-129.05
-133.04
-120.3
-136.59
-128.79
-127.66
-139.28
-130.09
-132.52
-128.1
-126.02
-143.7
-125.41
-124.63
-132.6
-130.44
-148.29
-133.82
-138.67
-134.34
-128.53
-146.47
-131.13
-139.11
-136.94
-137.2
-141.97
-137.29
-148.03
-152.54
-151.67
-157.31
-149.77
-141.62
-144.83
-141.01
-136.16
-142.49
52.84
50.19
47.71
45.22
42.61
40.14
37.67
35.04
32.65
30.21
27.57
25.13
22.61
20.05
17.55
15.06
12.46
9.96
6.56
2.98
-0.49
-3.85
-7.58
-10.76
-13.26
-15.71
-18.37
-20.81
-23.34
-25.9
-28.41
-30.82
-33.44
-35.92
-38.39
-41.01
-43.5
-45.97
-48.61
-51.05
-53.54
-56.15
-58.67
-61.08
-63.72
-66.2
-68.67
-71.27
-73.75
-76.19
-78.83
-81.32
-83.81
-86.39
-88.89
-91.28
-94.01
-96.44
-98.9
-101.46
-103.29
-103.36
-103.35
-103.36
-103.36
-103.37
-103.38
-103.36
-102.56
-99.56
-96.99
-94.34
-91.86
-89.4
-86.79
-84.33
-81.98
-79.27
-76.81
-74.31
-71.71
-69.21
-66.77
-64.12
-61.71
-59.19
-56.6
-54.1
-51.65
-49
-46.54
-44.04
-41.48
-38.92
-36.53
-33.84
-31.38
-28.95
-26.38
-23.84
-21.38
-18.8
-16.3
-13.78
-11.22
-8.12
-4.7
-1.23
2.32
5.76
9.38
12.02
14.49
16.99
19.58
22.07
24.53
27.2
29.65
32.08
34.65
37.11
39.57
42.18
44.66
47.15
49.73
52.3
54.75
57.38
59.85
62.31
64.94
67.42
69.88
72.52
75.01
77.46
80.05
82.52
85.05
