161
68
93
147.77
145.37
145.18
147.12
142.15
139.31
140.42
138.02
134.12
137.58
139.96
138.54
141.09
142.54
141.32
142.3
144.7
140.88
141.54
138.95
133.33
133.15
135.12
131.35
133.32
135.88
134.08
133.75
138.96
140.72
141.01
144.64
144.7
141.26
142.46
142.69
142.11
144.68
146.25
145.99
147.61
148.81
148.69
147.81
147.33
145.62
143.52
141.44
140.49
141.91
141.01
140.85
142.27
144.61
141.71
142.57
143.43
142.12
140.52
139.99
140.52
140.55
143.01
141.91
140.12
141.5
139.12
137.7
138.98
138.71
178.55
246.08
382.62
517.85
652.55
787.79
-7.96
-8.1
-8.32
-8.06
-7.93
-8.09
-8.21
-8.41
-8.62
-8.92
-8.78
-8.81
-8.72
-41.39
-75.57
-107.54
-155.58
-173.15
-171.25
-167.65
-167.2
-165.56
-161.34
-160.47
-158.95
-156.37
-154.08
-152.84
-150.3
-149.21
-147.77
-143.66
-155.86
-145.63
-146.26
-148.5
-154.25
-155.73
-158.58
-160.25
-166.19
-170.2
-172.61
-175.79
-174.09
-173.86
-175.95
-174.36
-173.93
-174.86
-174
-174.5
-175.55
-174.58
-173.99
-173.74
-168.42
-160.95
-159.7
-157.04
-155.95
-160.81
-161.32
-159.61
-162.75
-164.26
-162.83
-166.99
-168.22
-168.03
-163.92
-161.2
-156.8
-152.1
-148.5
-145.86
-143.89
-156.13
-155.45
-155.48
-156.1
-155.78
-155.88
-144.22
-145.25
62.3
60.2
58.34
56.64
54.56
52.69
50.76
48.85
47.12
45.06
43.17
41.44
39.37
37.66
35.64
33.76
31.98
29.98
28.21
26.44
24.43
22.63
20.66
18.7
16.99
14.95
13.05
11.29
9.02
6.54
3.8
1.17
-1.26
-4.07
-6.62
-9.06
-11.38
-13.25
-15.22
-17.09
-18.86
-20.91
-22.77
-24.54
-26.56
-28.44
-30.34
-32.21
-33.99
-35.98
-37.83
-39.7
-41.62
-43.54
-45.44
-47.29
-49.13
-51.1
-52.99
-54.79
-56.75
-58.61
-60.57
-62.46
-64.26
-66.23
-68.14
-69.99
-71.89
-73.74
-75.16
-75.16
-75.05
-75.14
-75.16
-75.04
-75.16
-75.12
-75.13
-75.16
-75.02
-75.16
-75.17
-75.06
-75.15
-75.19
-75.15
-74.77
-73.02
-71.24
-69.28
-67.34
-65.45
-63.53
-61.71
-59.84
-57.87
-56
-54.11
-52.19
-50.32
-48.37
-46.6
-44.66
-42.71
-40.89
-38.99
-37.05
-35.2
-33.35
-31.53
-29.6
-27.61
-25.83
-23.91
-21.95
-20.18
-18.16
-16.38
-14.47
-12.44
-10.58
-8.2
-5.44
-3.03
-0.28
2.23
4.89
7.56
10.05
11.9
13.94
15.7
17.64
19.48
21.38
23.38
25.18
27.07
29.07
30.73
32.77
34.44
36.41
38.41
40.17
42.09
44.09
45.82
47.88
49.65
51.56
53.61
55.37
57.23
59.25
61
63.04
64.78
66.73
68.73
