157
68
90
138.92
153.6
123.53
137.27
147.4
122.58
137.66
144.96
133.81
138.05
137.11
140.41
143.47
149.52
152.35
139.31
145.43
140.88
132.24
144.02
146.38
136.17
143.55
146.3
141.35
144.96
144.64
152.42
152.74
149.28
156.11
141.03
153.05
136.79
142.76
146.93
143.71
147.79
144.02
142.84
150.38
144.1
150.06
155.41
153.21
156.5
152.97
158.16
154.15
149.2
160.98
150.38
142.45
156.89
157.29
142.21
145.67
150.54
140.25
143.78
144.73
138.83
144.34
148.89
140.88
134.05
145.27
138.92
130.75
140.57
139.07
119.36
750.83
745.11
740.78
-5.05
-5.56
-4.62
-6.13
-4.19
-4.13
-4.48
-3.05
-6.93
-4.7
-4.13
-139.51
-167.27
-147.2
-145.41
-155.55
-143.75
-151.02
-157.71
-162.24
-144.47
-150.65
-157.71
-144.83
-160.15
-167.49
-156.91
-157.85
-159.87
-152.1
-149
-165.69
-151.81
-143.32
-162.31
-168.56
-145.84
-160.58
-172.96
-163.82
-163.03
-160.73
-157.13
-149.51
-170.22
-180.87
-164.25
-167.34
-175.62
-169.15
-175.55
-186.77
-161.01
-166.27
-167.2
-147.2
-144.98
-144.98
-141.37
-144.18
-141.16
-146.98
-144.9
-141.59
-150.44
-140.59
-161.38
-155.83
-154.47
-148.14
-136.41
-147.42
-138.43
-131.88
-144.54
-143.1
-128.07
-132.53
-134.25
-129.44
-128.72
-131.81
63.31
61.57
59.49
57.65
55.92
53.81
51.97
50.21
48.14
46.42
44.33
42.47
40.73
38.72
36.87
35.03
33.04
31.18
29.32
27.49
25.69
23.7
21.82
20.04
18.07
16.13
14.24
12.38
10.58
8.08
5.45
2.96
0.23
-2.27
-4.98
-7.58
-10.07
-12.08
-14.03
-15.85
-17.81
-19.68
-21.54
-23.45
-25.29
-27.28
-29.15
-30.96
-32.9
-34.7
-36.63
-38.55
-40.39
-42.29
-44.23
-46.09
-48.01
-49.83
-51.81
-53.66
-55.48
-57.47
-59.36
-61.21
-63.14
-65.05
-66.93
-68.81
-70.7
-72.54
-74.47
-75.76
-75.87
-75.78
-75.92
-75.85
-75.79
-75.87
-75.89
-75.77
-75.87
-75.76
-75.88
-75.87
-75.57
-73.91
-72
-69.96
-68.02
-66.18
-64.3
-62.38
-60.47
-58.64
-56.75
-54.75
-52.94
-51
-49.15
-47.25
-45.33
-43.51
-41.61
-39.67
-37.76
-35.86
-34.06
-32.13
-30.23
-28.45
-26.54
-24.53
-22.74
-20.87
-18.93
-17.04
-15.09
-13.25
-11.34
-9.14
-6.53
-3.97
-1.37
1.26
3.97
6.46
9.05
11.3
13.12
15.1
16.93
18.78
20.65
22.59
24.45
26.44
28.23
30.19
31.92
33.82
35.8
37.59
39.43
41.51
43.29
45.13
47.01
48.93
50.97
52.73
54.65
56.7
58.41
60.32
62.22
64.1
66.13
