156
68
89
129.1
144.73
142.92
126.9
139.15
151.63
125.1
138.6
143.86
127.3
137.74
137.74
134.05
139.55
144.18
142.05
145.91
144.41
138.68
130.04
144.1
145.98
134.36
145.82
145.98
143.16
149.44
146.06
147.32
150.54
151.63
153.76
147.08
150.15
138.53
146.93
147.16
142.92
140.57
137.42
139.31
146.84
151.48
149.36
149.59
144.34
148.11
146.61
152.58
143.16
146.84
155.96
145.43
143.47
156.66
149.44
138.76
153.05
144.64
138.53
137.51
146.93
141.74
147.95
146.69
135.15
130.91
147.24
132.48
130.52
135.85
132.79
779.34
828.02
816.71
-5.7
-4.48
-6.57
-6.35
-7.43
-5.64
-5.78
-5.56
-2.68
-5.92
-168.28
-168.78
-146.41
-147.78
-159.58
-142.45
-151.67
-161.3
-151.52
-140.37
-151.23
-162.31
-143.1
-158.21
-171.8
-150.3
-156.05
-161.23
-146.63
-146.55
-167.64
-139.43
-143.96
-156.99
-159.22
-148.43
-158.79
-170.22
-157.42
-157.71
-164.68
-140.8
-152.67
-170.94
-178.49
-166.7
-172.52
-177.13
-175.25
-182.96
-189.36
-171.44
-170.29
-160.22
-138.35
-146.06
-150.37
-137.56
-144.9
-142.45
-150.51
-143.96
-138.72
-149.14
-151.88
-162.09
-157.42
-145.26
-142.1
-138.78
-140.51
-140.59
-131.38
-144.11
-139.58
-123.54
-134.9
-132.89
-128.79
-133.54
-133.61
65.19
63.31
61.43
59.49
57.65
55.75
53.84
51.97
50.23
48.14
46.23
44.37
42.52
40.58
38.68
36.84
35.06
33.09
31.13
29.44
27.51
25.61
23.72
21.79
20.08
18.03
16.13
14.27
12.36
10.46
8.08
5.47
2.92
0.19
-2.4
-5.02
-7.63
-10.13
-12.08
-14.03
-15.79
-17.81
-19.68
-21.61
-23.45
-25.36
-27.25
-29.18
-30.94
-32.92
-34.77
-36.56
-38.57
-40.45
-42.3
-44.23
-46.09
-48
-49.92
-51.8
-53.65
-55.57
-57.49
-59.35
-61.24
-63.14
-65.06
-66.93
-68.84
-70.73
-72.57
-74.49
-75.83
-75.91
-75.92
-75.89
-75.93
-75.97
-75.89
-75.92
-75.8
-75.93
-75.84
-75.33
-73.73
-71.92
-70.02
-68.06
-66.1
-64.31
-62.36
-60.5
-58.62
-56.74
-54.78
-52.93
-51.06
-49.15
-47.25
-45.41
-43.44
-41.56
-39.72
-37.79
-35.83
-34.04
-32.12
-30.33
-28.42
-26.51
-24.6
-22.74
-20.77
-18.95
-17.06
-15.07
-13.28
-11.32
-9.17
-6.54
-3.86
-1.38
1.21
3.84
6.46
9.08
11.17
13.11
15.13
16.92
18.79
20.66
22.57
24.46
26.35
28.23
30.21
31.9
33.82
35.65
37.61
39.43
41.34
43.29
45.26
47.04
48.96
51
52.72
54.67
56.49
58.46
60.47
62.21
64.08
65.97
