161
68
93
146.59
144.4
144.39
146.5
142.77
139.98
141.71
140.03
136.57
139.23
142.1
140.75
142.7
144.54
142.95
144.06
146.25
142.59
143.27
141.32
136.49
136.68
139.55
136.48
140.28
142.98
141.71
141.27
146.3
147.52
148.12
151.82
152.45
149.74
150.75
150.54
150.16
151.77
152.12
150.03
150.38
150.28
149.28
147.53
148.34
148.45
148.14
147.63
148.4
149.65
148.78
147.6
148.16
148.3
144.2
144.82
145.55
144.95
143.52
143.78
144.44
144.59
147.29
145.76
144.07
145.67
143.24
140.53
142.37
142
171.61
238.14
373.16
507.5
640.68
774.95
-5.59
-5.37
-5.43
-5.4
-5.54
-5.74
-5.9
-6.23
-5.95
-6.03
-6.06
-6.15
-6.19
-38.02
-73.06
-106.09
-153.92
-171.18
-170.85
-166.83
-166.27
-165.54
-161.51
-160.7
-158.74
-155.38
-152.53
-152.7
-149.02
-147.88
-146.41
-143.13
-154.37
-144.82
-146.17
-147.63
-152.75
-154.11
-156.42
-157.41
-161.02
-165.04
-168.71
-173.2
-172.68
-173.21
-176.01
-174.24
-173.74
-174.55
-172.93
-173.35
-173.79
-173.93
-173.31
-172.11
-167.93
-161.78
-158.72
-154.96
-153.16
-157.33
-157.76
-157.24
-160.61
-162.46
-161.88
-166.54
-167
-167
-163.46
-161.13
-156.47
-151.47
-147.78
-144.1
-154.55
-154.3
-153.57
-153.49
-154.25
-153.91
-153.82
-154.27
-154.33
62.41
60.36
58.52
56.8
54.73
52.96
50.96
48.98
47.28
45.24
43.32
41.58
39.55
37.69
35.79
33.91
32.14
30.17
28.35
26.6
24.55
22.68
20.9
18.87
17.14
15.09
13.22
11.45
9.22
6.61
4
1.34
-1.07
-3.86
-6.37
-8.88
-11.24
-13.02
-15.06
-16.97
-18.76
-20.79
-22.6
-24.4
-26.4
-28.2
-30.19
-32.05
-33.86
-35.82
-37.68
-39.55
-41.47
-43.34
-45.3
-47.18
-48.98
-50.93
-52.82
-54.66
-56.61
-58.53
-60.41
-62.28
-64.1
-66.07
-67.94
-69.83
-71.79
-73.62
-74.99
-75.03
-74.92
-75.01
-75.03
-74.92
-75.01
-74.92
-75.06
-75.03
-74.95
-75.02
-75.02
-74.93
-75.03
-75.02
-74.92
-74.65
-72.9
-71.04
-69.11
-67.18
-65.29
-63.44
-61.53
-59.63
-57.7
-55.85
-53.91
-52.02
-50.19
-48.27
-46.41
-44.49
-42.56
-40.75
-38.86
-36.86
-35.08
-33.18
-31.31
-29.46
-27.53
-25.66
-23.75
-21.82
-20
-18.08
-16.21
-14.34
-12.27
-10.46
-7.96
-5.41
-2.82
-0.18
2.43
5.01
7.8
10.19
12.07
14.1
15.84
17.76
19.61
21.52
23.51
25.3
27.24
29.2
30.9
32.9
34.67
36.57
38.55
40.34
42.22
44.28
46
47.88
49.81
51.7
53.75
55.5
57.39
59.37
61.15
63.06
65.1
66.81
68.91
