161
68
93
137.66
136.4
133.12
137.37
139.43
136.73
139.76
143.47
140.1
138.17
140.07
137.69
135.8
139.34
138.38
139.42
139.71
138.18
136.24
136.95
135.82
135.78
137.84
138.88
139.45
141.08
143.21
144.05
145.91
147.55
147.72
149.87
148.87
147.93
147.54
146.54
145.28
142.54
141.81
141.23
140.14
140.56
142.08
142.22
142.4
142.59
141.7
141.01
139.62
139.98
141.07
139.12
138.2
139.46
139.22
134.44
136.42
135.29
132.38
132.29
134.09
133.67
136.07
138.29
137.73
137.63
139.09
136.35
134.29
135.01
132.8
259.89
387.4
512.96
636.97
764.26
-5.97
-5.91
-5.75
-5.78
-5.55
-5.83
-5.8
-6.36
-6.63
-6.45
-6.04
-5.83
-5.54
-33.91
-66.9
-95.44
-124.36
-155.5
-154.3
-150.35
-152.79
-153.45
-148.8
-150.22
-151.74
-148.13
-148.5
-153.62
-152.21
-150.6
-153.59
-150.29
-148.6
-149.91
-147.56
-144.52
-145.86
-148.38
-145.08
-149.21
-155.43
-156.3
-156.71
-161.08
-159.13
-157.19
-159.64
-160.77
-161.93
-164.71
-168.85
-172.19
-174.33
-178.91
-179.11
-178.01
-173.94
-166.56
-157.55
-153.12
-148.33
-146.87
-145.11
-146.87
-147.4
-145.47
-145.9
-148.77
-152.02
-154.96
-157.27
-156.92
-152.97
-148.15
-144.5
-142.05
-141.83
-142
-139.48
-139.3
-138.54
-136.34
-134.95
-136.56
-134.45
62.12
60.34
58.31
56.62
54.57
52.65
50.93
48.82
46.92
45.18
43.18
41.25
39.52
37.49
35.78
33.71
31.88
30.11
28.2
26.29
24.38
22.5
20.76
18.72
16.84
15.05
13.06
11.14
9.01
6.33
3.91
1.16
-1.4
-3.93
-6.62
-9.17
-11.35
-13.35
-15.15
-17.13
-18.99
-20.85
-22.79
-24.67
-26.59
-28.48
-30.28
-32.23
-34.15
-35.88
-37.89
-39.81
-41.65
-43.56
-45.37
-47.32
-49.21
-51.05
-53.06
-54.9
-56.84
-58.65
-60.5
-62.49
-64.34
-66.18
-68.16
-70.05
-71.94
-73.8
-75.57
-75.76
-75.79
-75.69
-75.83
-75.69
-75.85
-75.79
-75.75
-75.78
-75.8
-75.7
-75.8
-75.81
-75.8
-75.79
-75.7
-74.99
-73.12
-71.21
-69.31
-67.37
-65.4
-63.63
-61.66
-59.79
-57.91
-55.97
-54.17
-52.25
-50.37
-48.45
-46.47
-44.74
-42.78
-40.87
-39.05
-37
-35.24
-33.37
-31.45
-29.63
-27.72
-25.76
-23.92
-22.06
-20.07
-18.23
-16.32
-14.5
-12.54
-10.55
-8.24
-5.61
-3.06
-0.41
2.32
4.75
7.35
10.16
11.88
13.9
15.67
17.6
19.56
21.36
23.23
25.23
27.03
28.92
30.73
32.62
34.6
36.36
38.29
40.28
42.08
43.97
45.98
47.71
49.76
51.53
53.46
55.46
57.21
59.11
60.98
62.89
64.92
66.64
68.56
