157
68
90
136.56
144.49
126.74
132.24
146.38
145.36
131.3
147
150.15
127.69
139.62
136.56
134.83
144.64
145.67
130.12
143.32
133.18
131.7
142.45
138.83
143.47
138.29
143.55
140.72
139.94
143.32
146.45
150.46
152.42
149.75
147
158.39
139.23
146.54
142.53
144.34
140.96
136.01
140.49
140.88
137.03
147.16
143.16
147.47
147.95
143.62
149.67
147.08
141.98
157.92
152.03
147.08
151.08
152.19
144.1
133.11
146.45
140.1
134.68
137.19
139.23
141.03
146.14
137.42
129.96
135.31
138.44
129.41
128
137.27
119.45
790.09
784.21
781.3
-6.07
-8.51
-10.09
-7.21
-8.08
-8.94
-8.23
-8.08
-8.15
-7.72
-9.01
-171.59
-166.99
-143.1
-146.84
-155.55
-139.37
-152.1
-159.79
-152.89
-139.86
-153.61
-159.22
-140.23
-159.5
-170.29
-151.67
-161.01
-165.91
-144.9
-149.14
-166.7
-140.15
-148
-161.16
-154.47
-144.18
-163.39
-170.22
-163.03
-156.48
-165.4
-143.9
-156.2
-171.59
-176.19
-166.91
-171.88
-173.74
-179.43
-182.74
-189.65
-173.53
-175.69
-159.07
-142.31
-145.47
-147.2
-144.18
-143.18
-142.88
-151.73
-143.75
-135.62
-147.35
-157.63
-163.46
-163.03
-143.25
-141.66
-140.01
-141.88
-143.39
-135.33
-142.88
-142.17
-129.8
-141.52
-137.27
-128.79
-145.33
-136.63
64.02
62.14
60.17
58.5
56.47
54.56
52.83
50.75
48.86
46.96
45.05
43.35
41.27
39.41
37.68
35.62
33.75
32
30.01
28.36
26.3
24.42
22.63
20.61
18.75
16.98
14.95
13.17
11.16
9
6.58
3.75
1.21
-1.46
-4.05
-6.47
-9.15
-11.37
-13.21
-15.23
-17.09
-18.97
-20.9
-22.67
-24.64
-26.58
-28.37
-30.36
-32.21
-33.97
-35.95
-37.73
-39.76
-41.62
-43.46
-45.45
-47.31
-49.09
-51.11
-52.94
-54.86
-56.8
-58.59
-60.56
-62.46
-64.34
-66.22
-68.05
-70.05
-71.86
-73.72
-75.63
-75.8
-75.79
-75.84
-75.73
-75.8
-75.8
-75.72
-75.8
-75.81
-75.73
-75.8
-75.68
-75.02
-73.12
-71.21
-69.27
-67.37
-65.47
-63.57
-61.69
-59.79
-57.97
-55.92
-54.13
-52.23
-50.34
-48.44
-46.51
-44.7
-42.78
-40.82
-39.01
-37.09
-35.15
-33.33
-31.41
-29.62
-27.7
-25.75
-23.89
-22.03
-20.05
-18.23
-16.29
-14.49
-12.56
-10.53
-8.22
-5.57
-3
-0.41
2.35
4.79
7.45
10.13
11.9
13.8
15.7
17.63
19.57
21.37
23.3
25.25
27.08
28.92
30.74
32.63
34.65
36.37
38.28
40.28
42.08
43.98
45.96
47.75
49.77
51.56
53.47
55.52
57.25
59.11
61
62.9
64.79
66.7
