156
68
89
131.61
147.4
143.62
122.74
136.95
148.97
123.53
141.59
149.75
123.45
142.21
140.17
133.11
134.83
147
143.47
145.27
140.41
138.05
133.5
143.16
144.88
128.78
144.96
148.26
141.27
150.3
148.42
147.56
148.65
151.17
154.78
147.16
145.52
141.43
145.75
147.32
141.27
140.17
141.9
140.57
145.04
149.99
150.3
155.87
145.2
153.76
151.33
156.89
144.18
146.06
160.27
148.65
143
157.76
147.86
137.97
151.63
145.82
138.83
141.03
149.83
144.18
147.95
145.59
137.42
133.89
145.43
132.32
130.75
137.81
132.48
665.95
787.59
784.91
-4.62
-3.05
-8.15
-3.19
-8.01
-3.98
-3.4
-5.78
-6.13
-5.85
-164.18
-168.35
-144.98
-143.47
-160.8
-141.81
-151.38
-157.92
-153.1
-140.01
-151.38
-157.92
-144.61
-157.99
-167.64
-147.85
-159.72
-161.09
-143.39
-147.92
-166.7
-142.17
-143.25
-161.3
-158.21
-148.35
-163.46
-172.31
-162.6
-157.63
-165.98
-147.57
-153.46
-174.97
-178.13
-168.07
-169.15
-175.62
-174.9
-178.71
-183.39
-165.98
-165.54
-160.3
-138.72
-141.88
-148.93
-136.05
-146.77
-138.14
-147.42
-143.75
-138.86
-149.22
-154.11
-163.03
-159.29
-143.75
-141.95
-136.49
-138.93
-141.31
-131.09
-144.61
-140.15
-124.91
-135.91
-131.95
-125.4
-134.04
-136.7
65.23
63.36
61.45
59.55
57.7
55.95
53.89
52.01
50.27
48.19
46.3
44.42
42.52
40.79
38.76
36.89
35.12
33.08
31.24
29.39
27.54
25.66
23.68
21.86
19.97
18.07
16.21
14.28
12.41
10.64
8.12
5.49
3.07
0.27
-2.36
-4.94
-7.53
-10.04
-12.1
-13.99
-15.8
-17.74
-19.64
-21.56
-23.42
-25.22
-27.22
-29.12
-30.94
-32.87
-34.74
-36.56
-38.5
-40.42
-42.26
-44.2
-46.07
-47.95
-49.89
-51.75
-53.62
-55.44
-57.48
-59.33
-61.15
-63.13
-64.99
-66.9
-68.8
-70.64
-72.54
-74.42
-75.8
-75.91
-75.91
-75.88
-75.88
-75.89
-75.88
-75.9
-75.91
-75.91
-75.85
-75.57
-73.8
-71.99
-69.93
-67.99
-66.11
-64.22
-62.31
-60.44
-58.57
-56.63
-54.76
-52.88
-50.94
-49.06
-47.21
-45.33
-43.4
-41.48
-39.68
-37.73
-35.78
-34
-32.09
-30.28
-28.41
-26.47
-24.6
-22.7
-20.82
-18.88
-16.99
-15.16
-13.16
-11.23
-9.16
-6.48
-3.81
-1.29
1.36
3.91
6.51
9.25
11.21
13.18
15.15
16.98
18.79
20.73
22.61
24.61
26.39
28.28
30.1
31.98
33.88
35.72
37.62
39.47
41.44
43.33
45.17
47.08
48.97
50.9
52.79
54.83
56.56
58.48
60.36
62.27
64.15
66.01
