161
69
92
119.56
134.29
130.14
128.7
132.75
129.46
127.76
131.44
130.97
128.29
130.95
131.36
129.68
131.51
133.41
132.78
132.71
132.63
129.82
128.82
129.76
128.64
129.84
133.16
132.64
134.69
137.03
138.53
139.84
143.08
144.98
146.18
147.91
147.12
146.27
144.8
143.56
140.39
138.34
136.06
134.13
133.61
134.63
135.89
136.04
135.59
135.33
133.6
130.97
129.72
130.38
128.18
126.16
128.24
128.54
125.32
126.09
128.43
126.56
126.09
128.38
128.8
129.91
132.53
133.07
131.61
133.73
131.45
129.02
129.82
131.07
188
322.15
455.54
586.73
718.02
-5.92
-6.08
-6.42
-6.39
-6.25
-6.58
-6.72
-6.76
-6.76
-6.89
-6.69
-6.29
-39.7
-71.51
-99.69
-128.11
-157.96
-151.56
-147.41
-148.25
-149.2
-145.43
-146.09
-147.75
-144.49
-143.31
-147.1
-145.45
-143.36
-145.81
-143.41
-139.1
-141.56
-138.81
-135.43
-137.76
-141.17
-138.14
-141.86
-148.54
-150.73
-151.43
-156.11
-156.29
-153.21
-155.82
-160.44
-161.43
-165.5
-171.64
-172.29
-173.69
-179.19
-179.99
-179.16
-177.52
-169.86
-160.34
-153.94
-146.91
-143.2
-141.85
-143
-143.27
-142.44
-141.15
-142.84
-145.13
-147.2
-149.96
-149.92
-147.78
-143.62
-140.67
-136.54
-136.66
-137.38
-135.02
-134.39
-134.88
-132.24
-130.27
-131.49
-129.6
-128.07
63.57
61.54
59.6
57.88
55.85
53.97
52.05
50.17
48.39
46.34
44.47
42.73
40.69
38.8
36.94
35.03
33.16
31.26
29.41
27.71
25.73
23.81
21.92
20.02
18.08
16.28
14.34
12.57
10.58
8.22
5.61
2.94
0.52
-2.29
-4.85
-7.29
-10.09
-11.99
-13.95
-15.84
-17.59
-19.58
-21.49
-23.26
-25.34
-27.12
-29.07
-30.96
-32.8
-34.69
-36.52
-38.44
-40.35
-42.2
-44.19
-46.02
-47.91
-49.81
-51.7
-53.51
-55.45
-57.36
-59.31
-61.14
-63.02
-64.89
-66.83
-68.69
-70.61
-72.51
-74.37
-75.82
-75.71
-75.84
-75.83
-75.74
-75.81
-75.84
-75.81
-75.82
-75.81
-75.85
-75.84
-75.73
-75.84
-75.85
-75.46
-73.7
-71.76
-69.9
-67.95
-66.02
-64.17
-62.28
-60.4
-58.53
-56.56
-54.72
-52.88
-50.88
-49.04
-47.18
-45.28
-43.37
-41.46
-39.65
-37.69
-35.76
-33.98
-32.08
-30.21
-28.3
-26.44
-24.5
-22.67
-20.77
-18.83
-16.96
-15.08
-13.18
-11.23
-9.05
-6.43
-3.71
-1.27
1.36
3.97
6.58
9.36
11.29
13.2
15.22
16.99
18.86
20.77
22.66
24.68
26.45
28.32
30.31
32.01
33.93
35.77
37.7
39.51
41.47
43.37
45.38
47.12
49.02
50.94
52.89
54.87
56.62
58.5
60.54
62.32
64.21
66.08
67.99
69.99
