160
68
92
135.26
131.05
130.73
135.56
133.25
130.11
133.67
133.97
131.11
133.46
135.12
134.72
135.89
139.28
138.49
138.93
138.88
135.9
134.92
135.65
134.89
135.03
135.58
137.62
138.18
140.25
141.05
143.15
145.06
146.15
145.36
146.53
143.4
141.47
141.09
139.6
139.88
138.36
137.27
138.83
139.27
140.84
142.46
144.84
145.37
145.88
146.78
146.25
144.98
147.13
146.75
146.25
146.85
147.88
147.71
143.64
144.64
140.87
136.81
136.78
136.17
136.14
137.77
139.35
136.84
137.66
137.63
133.44
131.08
130.56
127.99
265.12
403.31
539.85
675.88
-7.89
-8.11
-7.93
-8.22
-7.97
-8.02
-7.87
-7.79
-7.37
-7.63
-7.87
-7.5
-21.17
-53.28
-81.82
-109.76
-139.64
-154.55
-151.24
-152.7
-156.21
-154.06
-154.26
-155.82
-153.48
-151.44
-155.79
-158.17
-157.19
-160.53
-160.7
-157.79
-158.67
-159.26
-156.85
-156.94
-159.31
-158.45
-156.27
-159.01
-162.41
-161.42
-164.58
-165.44
-161.19
-161.24
-164.82
-165.6
-167.23
-170.61
-173.25
-177.05
-178.49
-179.72
-180.76
-179.36
-172.01
-162.7
-157.97
-152.58
-147.77
-146.27
-148.62
-148.12
-147.73
-148.68
-147.77
-151.64
-152.27
-155.58
-156.04
-155.75
-153.3
-150.58
-145.15
-143.48
-144.14
-140.13
-138.5
-138.68
-138.21
-135.55
-134.27
-135.05
-132.39
61.5
59.53
57.88
55.85
53.91
52.03
50.14
48.37
46.34
44.45
42.71
40.69
38.78
36.91
35.03
33.26
31.25
29.43
27.69
25.65
23.78
21.86
20.01
18.22
16.21
14.31
12.57
10.52
8.18
5.57
2.94
0.46
-2.32
-4.92
-7.34
-10.11
-11.99
-13.96
-15.85
-17.63
-19.6
-21.49
-23.31
-25.28
-27.11
-29.09
-31
-32.75
-34.68
-36.56
-38.39
-40.37
-42.25
-44.16
-46.02
-47.89
-49.86
-51.77
-53.52
-55.49
-57.41
-59.28
-61.15
-63.04
-64.96
-66.88
-68.67
-70.65
-72.51
-74.38
-75.88
-75.74
-75.91
-75.84
-75.75
-75.85
-75.75
-75.85
-75.87
-75.76
-75.9
-75.84
-75.77
-75.87
-75.86
-75.43
-73.7
-71.81
-69.96
-68.02
-66.12
-64.26
-62.43
-60.51
-58.66
-56.73
-54.87
-52.99
-51.06
-49.19
-47.35
-45.43
-43.54
-41.62
-39.82
-37.88
-35.94
-34.16
-32.19
-30.4
-28.53
-26.56
-24.71
-22.86
-20.86
-19.08
-17.16
-15.29
-13.39
-11.36
-9.36
-6.74
-3.99
-1.57
1.12
3.66
6.27
9.08
11.07
13
14.98
16.79
18.66
20.56
22.45
24.46
26.22
28.13
30.08
31.78
33.68
35.55
37.49
39.44
41.25
43.13
45.15
46.89
48.79
50.74
52.61
54.69
56.41
58.29
60.31
62.1
64.08
65.87
67.75
69.81
