159
68
91
133.84
131.35
130.01
134.39
134.44
131.44
134.34
136.58
133.73
133.02
134.87
134.15
134.05
137.69
137.79
138.85
139.32
137.02
135.33
136.52
135.65
136.07
138.63
138.97
139.17
139.9
140.89
141.45
143.17
144.55
145.03
147.36
146.3
145.26
144.23
144.21
141.49
141.08
140.01
139.76
138.76
140.1
141.8
143.17
143.52
145.08
144.74
143.98
142.45
143.82
144.68
142.88
143.94
146.01
144.69
141.57
143.33
141.66
138.42
138.03
138.85
137.68
138.52
139.85
137.04
136.26
136.11
132.91
131.51
133.17
129.88
267
404.88
541.03
675.94
-7.45
-7.85
-7.86
-8.02
-8.03
-7.84
-7.48
-7.48
-7.59
-7.52
-7.79
-8.36
-39.77
-71.57
-99.75
-128.22
-157.97
-154.15
-151.76
-155.03
-154.99
-152.4
-153.96
-154.76
-151.35
-153.54
-158.16
-157.71
-157.77
-161.53
-158.55
-155.45
-158.87
-155.72
-152.37
-155.8
-156.3
-152.71
-157.38
-161.81
-161.47
-162.14
-165.33
-161.42
-158.8
-161.9
-165.12
-165.56
-171.18
-174.49
-175.43
-176.85
-180.33
-179.82
-180.09
-175.94
-167.89
-159.92
-155.46
-148.94
-146.44
-146.68
-148.16
-147.62
-147.08
-146.62
-149.97
-151.72
-155.21
-156.85
-156.67
-153.34
-149.88
-144.88
-142.39
-142.52
-141.91
-138.97
-138.72
-138.53
-134.46
-135.12
-136.73
-134.83
62.05
60.14
58.3
56.62
54.54
52.63
50.74
48.85
46.95
45
43.14
41.42
39.36
37.51
35.61
33.77
31.83
29.98
28.18
26.41
24.39
22.5
20.57
18.72
16.84
14.89
13.06
11.25
9.01
6.35
3.86
1.15
-1.46
-4.09
-6.65
-9.09
-11.4
-13.32
-15.24
-17.13
-18.97
-20.88
-22.8
-24.59
-26.61
-28.5
-30.37
-32.25
-34.09
-35.95
-37.87
-39.71
-41.64
-43.53
-45.46
-47.32
-49.19
-51.1
-53.06
-54.83
-56.79
-58.67
-60.59
-62.51
-64.36
-66.25
-68.13
-70.02
-71.94
-73.81
-75.68
-75.83
-75.87
-75.84
-75.86
-75.74
-75.87
-75.87
-75.84
-75.83
-75.87
-75.85
-75.84
-75.74
-75.85
-75.02
-73.1
-71.24
-69.3
-67.37
-65.49
-63.6
-61.72
-59.82
-57.93
-56.02
-54.15
-52.25
-50.38
-48.4
-46.59
-44.66
-42.8
-40.94
-39.03
-37.11
-35.26
-33.31
-31.51
-29.61
-27.77
-25.87
-23.92
-22.04
-20.15
-18.17
-16.38
-14.52
-12.56
-10.64
-8.25
-5.63
-3.11
-0.32
2.21
4.75
7.34
10.02
11.87
13.8
15.67
17.71
19.46
21.35
23.28
25.13
27.02
28.9
30.73
32.74
34.51
36.34
38.26
40.12
42.01
43.95
45.82
47.86
49.59
51.53
53.4
55.3
57.22
59.08
60.98
63.06
64.76
66.65
68.58
