161
69
93
119.39
138.79
134.72
133.81
137.7
134.48
133.27
137.37
136.43
134.32
136.5
136.49
135.33
138.13
139.45
139.56
139.27
138.46
134.68
133.74
134.17
133.34
134.34
136.4
136.91
138.16
139.93
141.8
143.79
145.9
146.92
147.08
147.42
145.52
143.73
143.08
141.72
139.09
137.76
137.36
136.42
137.59
138.73
140.62
140.51
140.59
139.96
139.24
137.49
136.44
137.07
135.77
133.73
134.86
135.74
132.4
131.95
133.33
130.47
128.83
130.66
130.73
131.59
134.19
135.29
133.17
134.89
132.12
129.47
129.46
130.84
190.68
325.88
460.32
592.74
724.68
-6.08
-5.78
-5.97
-6.32
-6.29
-6.7
-6.62
-6.67
-6.4
-6.68
-6.35
-6.62
-29.83
-62.73
-90.69
-118.99
-148.38
-152.37
-147.5
-148.98
-149.76
-146.59
-147.73
-150.06
-146.84
-146.32
-150.27
-149.57
-147.52
-150.45
-148.65
-145.25
-147.14
-145.04
-141.44
-143.37
-146.05
-142.93
-146.3
-152.21
-154.65
-155.5
-159.67
-159.22
-156.57
-157.67
-161.68
-162.68
-166.07
-171.1
-172.21
-173.35
-178.1
-178.08
-177.25
-175.39
-167.6
-158.82
-153.72
-148.4
-145.57
-144.71
-146.04
-146.11
-144.62
-144.25
-147.03
-149.62
-152.26
-156.13
-155.93
-152.91
-149.22
-146.98
-142.06
-142.11
-143.47
-140.13
-138.7
-139.03
-135.83
-132.75
-134.51
-133.41
-132.18
63.37
61.49
59.57
57.91
55.84
53.94
52.04
50.15
48.23
46.34
44.44
42.68
40.69
38.78
37.06
34.99
33.12
31.24
29.38
27.7
25.66
23.76
21.99
19.99
18.07
16.22
14.34
12.55
10.52
8.16
5.55
2.92
0.3
-2.31
-4.91
-7.44
-10.11
-12.01
-13.97
-15.87
-17.71
-19.59
-21.51
-23.29
-25.31
-27.21
-29.01
-31.02
-32.84
-34.7
-36.56
-38.41
-40.4
-42.23
-44.17
-46.06
-47.94
-49.86
-51.73
-53.56
-55.49
-57.45
-59.31
-61.2
-63.12
-64.98
-66.86
-68.76
-70.66
-72.54
-74.39
-75.83
-75.8
-75.85
-75.81
-75.74
-75.84
-75.84
-75.71
-75.84
-75.8
-75.83
-75.84
-75.73
-75.84
-75.83
-75.49
-73.72
-71.83
-69.94
-67.96
-66.06
-64.25
-62.33
-60.45
-58.53
-56.67
-54.75
-52.86
-50.99
-49.03
-47.15
-45.31
-43.37
-41.52
-39.65
-37.72
-35.85
-33.99
-32.15
-30.25
-28.35
-26.47
-24.51
-22.7
-20.7
-18.9
-17
-14.99
-13.22
-11.27
-9.09
-6.48
-3.73
-1.27
1.32
3.94
6.5
9.19
11.27
13.18
15.06
16.95
18.83
20.73
22.61
24.54
26.4
28.32
30.25
32.02
33.89
35.67
37.66
39.46
41.42
43.34
45.34
47.11
48.98
51.04
52.82
54.72
56.62
58.47
60.51
62.28
64.16
66.06
67.94
69.77
