157
68
90
143.16
151.72
125.17
138.92
151.95
124.31
136.4
144.64
136.4
141.12
137.51
142.61
138.83
144.57
153.13
138.83
140.88
140.33
131.54
144.49
144.34
134.68
145.04
145.04
140.25
145.75
143.71
151.48
150.46
145.59
156.35
142.14
157.53
142.05
145.12
148.97
140.72
149.44
141.66
140.57
151.87
150.93
150.3
157.84
150.22
153.44
152.58
155.96
145.12
148.26
156.27
147.47
144.18
159.64
152.81
143.55
148.58
149.75
137.11
139.23
146.45
140.88
149.13
150.3
138.53
132.95
141.12
138.05
127.92
138.68
143
120.7
775.25
771.96
769.13
-3.19
-4.62
-4.99
-8.15
-5.35
-4.99
-6.71
-4.34
-5.7
-5.13
-8.44
-140.29
-169.15
-145.62
-142.1
-151.3
-146.7
-151.16
-158.64
-165.26
-139.15
-148.21
-161.95
-145.62
-160.08
-165.83
-153.97
-158.57
-162.09
-150.65
-150.3
-164.61
-149.94
-141.09
-162.09
-165.98
-145.84
-154.75
-172.17
-168.21
-160.36
-163.1
-154.9
-154.4
-169.21
-180.43
-163.32
-166.34
-180.15
-167.34
-176.91
-186.34
-165.91
-168.93
-168.86
-144.11
-145.04
-147.63
-142.74
-144.25
-141.02
-151.73
-142.45
-140.37
-147.78
-146.41
-165.4
-156.48
-156.55
-146.49
-139.37
-144.54
-142.53
-137.27
-142.6
-146.12
-125.19
-131.52
-133.9
-127.99
-129.8
-130.95
63.28
61.39
59.49
57.65
55.92
53.81
51.94
50.19
48.13
46.22
44.32
42.46
40.75
38.66
36.8
35.05
33.03
31.14
29.3
27.47
25.73
23.69
21.82
20.01
18.01
16.12
14.38
12.32
10.57
8.02
5.44
2.91
0.2
-2.48
-5.03
-7.57
-10.09
-12.11
-14.05
-15.85
-17.84
-19.71
-21.6
-23.49
-25.29
-27.28
-29.17
-31
-32.93
-34.81
-36.65
-38.58
-40.39
-42.32
-44.26
-46.07
-48.01
-49.9
-51.75
-53.7
-55.47
-57.53
-59.42
-61.24
-63.19
-65.02
-66.94
-68.84
-70.77
-72.6
-74.51
-75.79
-75.88
-75.9
-75.91
-75.87
-75.81
-75.91
-75.87
-75.81
-75.88
-75.89
-75.92
-75.9
-75.55
-73.93
-72
-69.99
-68.05
-66.18
-64.29
-62.41
-60.49
-58.64
-56.74
-54.79
-52.98
-51.07
-49.09
-47.28
-45.38
-43.52
-41.61
-39.68
-37.8
-35.91
-33.99
-32.16
-30.25
-28.45
-26.54
-24.54
-22.77
-20.88
-18.96
-17.09
-15.12
-13.28
-11.34
-9.08
-6.6
-3.96
-1.44
1.21
3.93
6.45
9
11.29
13.13
14.98
16.89
18.76
20.76
22.54
24.44
26.44
28.23
30.06
31.88
33.79
35.78
37.55
39.39
41.47
43.25
45.08
47.17
48.91
50.97
52.7
54.61
56.66
58.36
60.27
62.34
64.06
66.1
