156
68
89
132.63
147.24
144.73
128.63
138.53
154.62
123.13
140.64
144.1
124.31
143.16
141.59
134.13
141.74
148.65
143.08
146.93
144.25
135.77
137.03
142.76
148.58
130.98
144.49
148.34
137.9
149.28
147.47
147.86
145.67
145.67
152.19
146.45
146.69
144.49
141.03
145.98
140.01
140.1
141.59
142.14
147.24
148.42
152.97
154.78
148.65
147.4
150.85
152.19
142.21
145.2
157.68
143.47
154.31
155.64
145.2
137.74
147.4
142.21
133.97
141.27
144.02
145.52
145.59
145.75
131.46
129.41
146.69
131.38
131.54
140.8
133.5
734.82
795.04
786.72
-7.21
-9.23
-8.44
-7.93
-8.01
-9.45
-8.94
-9.66
-7.64
-8.94
-173.6
-168.21
-148.43
-148.43
-162.17
-141.37
-151.67
-159.58
-150.37
-140.08
-152.89
-160.44
-146.77
-162.67
-172.45
-149.51
-157.13
-160.95
-142.82
-144.76
-168.93
-139.86
-144.61
-161.44
-158.14
-149.57
-161.95
-177.13
-161.95
-160.22
-165.33
-148.64
-157.06
-169.72
-179.43
-167.05
-171.66
-179.07
-177.56
-183.96
-190.22
-172.38
-169.21
-162.95
-143.68
-144.98
-149.65
-145.26
-150.44
-141.16
-151.08
-148.35
-139.58
-153.39
-157.28
-165.62
-166.62
-150.51
-142.6
-141.09
-147.06
-144.69
-133.32
-149.36
-145.69
-133.61
-139.8
-138.72
-132.6
-138.5
-137.27
65.43
63.4
61.48
59.56
57.72
55.81
53.91
52.04
50.24
48.23
46.34
44.44
42.59
40.65
38.78
36.88
35.17
33.12
31.23
29.32
27.57
25.63
23.78
21.89
20.11
18.1
16.22
14.31
12.4
10.54
8.16
5.52
3.07
0.2
-2.31
-4.91
-7.47
-10.12
-12.03
-13.95
-15.75
-17.72
-19.61
-21.51
-23.39
-25.29
-27.2
-29.1
-30.91
-32.83
-34.7
-36.55
-38.45
-40.41
-42.23
-44.19
-46
-47.93
-49.83
-51.78
-53.57
-55.49
-57.44
-59.3
-61.12
-63.09
-64.99
-66.85
-68.77
-70.6
-72.51
-74.44
-75.67
-75.83
-75.8
-75.79
-75.81
-75.83
-75.8
-75.8
-75.71
-75.8
-75.8
-75.48
-73.78
-71.98
-69.95
-67.97
-66.05
-64.22
-62.27
-60.42
-58.55
-56.63
-54.76
-52.88
-50.93
-49.07
-47.21
-45.34
-43.47
-41.54
-39.66
-37.66
-35.78
-33.98
-32.09
-30.27
-28.39
-26.48
-24.51
-22.67
-20.71
-18.88
-16.99
-15.11
-13.19
-11.28
-9.11
-6.42
-3.79
-1.34
1.33
3.86
6.51
9.2
11.29
13.18
15.19
16.99
18.86
20.71
22.64
24.53
26.41
28.3
30.28
31.95
33.9
35.73
37.67
39.5
41.44
43.37
45.36
47.08
49.01
50.91
52.81
54.73
56.59
58.52
60.49
62.27
64.12
66.04
