146
62
85
226.2
193.94
185.14
186.18
167.36
169.91
171.14
185.24
173.5
183.34
190.44
183.34
190.25
190.25
179.46
189.21
184.57
187.32
195.83
198.57
202.93
191.95
191.86
196.87
187.22
208.79
205.67
195.55
193.37
193.47
201.03
225.16
205.34
210.02
212.29
211.35
225.54
224.5
204.73
226.39
216.64
203
215.41
200.66
192.99
188.36
162.25
160.35
177.57
167.92
158.65
168.21
190.25
170
174.07
193.09
190.06
195.36
198.29
198.48
201.41
202.55
189.59
189.49
185.42
163.76
160.07
482.2
912.18
907.16
-0.26
1.99
1.04
3.29
5.03
3.99
-0.61
-0.09
0.52
1.99
-227.51
-217.54
-236.7
-244.5
-243.54
-232.97
-247.46
-245.62
-206.53
-222.31
-226.82
-198.39
-187.03
-209.57
-215.29
-193.71
-216.93
-210.26
-215.03
-229.76
-234.36
-247.44
-248.14
-254.81
-251.8
-252.73
-256.35
-251.04
-250.17
-256.61
-251.95
-239.82
-253.68
-251.67
-251.88
-254.2
-246.55
-247.12
-240.42
-253.4
-253.31
-248.24
-251.23
-246.23
-240.34
-251.8
-252.06
-247.05
-250.91
-248.2
-246.49
-243.98
-246.88
-233.84
-235.48
-236.18
-216.5
-202.98
-218.49
-223.26
-207.75
-214.25
-246.23
-244.58
-243.37
-254.48
56.13
54.37
52.3
50.43
48.51
46.62
44.85
42.91
40.96
39.22
37.19
35.3
33.43
31.53
29.83
27.89
25.96
24.23
22.2
20.29
18.39
16.51
14.77
12.73
10.84
8.8
5.93
3.32
0.76
-1.89
-4.37
-7.04
-9.67
-11.61
-13.65
-15.57
-17.41
-19.29
-21.23
-23.12
-25.03
-26.79
-28.8
-30.69
-32.52
-34.4
-36.28
-38.17
-40.1
-41.9
-43.84
-45.73
-47.6
-49.54
-51.45
-53.26
-55.18
-57.03
-59
-60.93
-62.72
-64.63
-66.54
-68.48
-70.33
-72.12
-74.08
-75.75
-75.78
-75.78
-75.78
-75.78
-75.8
-75.69
-75.77
-75.78
-75.79
-75.74
-75.14
-73.3
-71.5
-69.38
-67.5
-65.65
-63.72
-61.81
-59.91
-58.07
-56.14
-54.2
-52.37
-50.49
-48.59
-46.71
-44.84
-42.92
-41.06
-39.12
-37.22
-35.4
-33.5
-31.64
-29.8
-27.88
-25.98
-23.98
-22.19
-20.29
-18.42
-16.56
-14.65
-12.68
-10.8
-8.29
-5.8
-3.28
-0.62
2
4.73
7.19
9.8
11.83
13.68
15.56
17.42
19.28
21.32
23.1
24.97
27
28.76
30.57
32.45
34.37
36.34
38.12
39.98
42.02
43.8
45.63
47.56
49.44
51.47
53.26
55.15
57.15
