154
66
89
239.25
239.68
234.45
236.06
240.03
237.48
238.61
238.54
240.86
233.43
237.41
236.1
234.78
236.1
234
223.74
235.57
230.74
211.82
215.23
216.17
217.78
206.14
222.23
239.25
216.08
239.54
225.82
214.09
239.82
241.15
212.39
226.86
231.97
214.09
240.11
237.55
234.07
234.81
233.27
237.84
233.48
236.15
236.51
222.42
220.9
233.29
211.16
208.32
214.94
215.32
199.8
215.79
206.33
202.08
214.75
208.41
211.63
212.77
220.62
202.55
202.83
227.05
207.56
208.51
209.45
214.75
192.43
198.1
198.01
178.9
634.51
912.08
899.59
2.34
5.46
6.5
9.1
5.11
6.33
5.98
9.27
8.23
1.56
-170.57
-205.23
-203.24
-200.55
-205.15
-207.05
-207.92
-216.93
-203.5
-193.36
-202.03
-198.47
-191.63
-205.93
-199.86
-184.43
-195.44
-187.55
-215.89
-206.1
-202.98
-225.43
-206.36
-216.15
-224.04
-204.97
-220.72
-230.46
-211.3
-235.05
-223.78
-214.94
-217.97
-233.06
-221.61
-217.37
-206.19
-210
-193.97
-209.48
-219.19
-197.61
-208.79
-197.17
-209.05
-209.05
-217.54
-211.13
-184.61
-202.11
-231.32
-190.93
-202.2
-216.41
-198.3
-215.63
-209.57
-229.59
-228.46
-231.67
-222.52
-225.78
-220.46
-226.42
-220.92
-223.54
-227.26
-220.49
-233.75
-221.33
63.28
61.55
59.45
57.65
55.96
53.87
52.12
50.07
48.17
46.44
44.41
42.56
40.78
38.76
36.99
34.99
33.13
31.37
29.37
27.58
25.79
23.76
21.86
19.97
18.1
16.36
14.35
12.4
10.67
8.19
5.56
2.94
0.37
-2.1
-4.87
-7.41
-9.95
-12.02
-13.93
-15.84
-17.7
-19.48
-21.48
-23.37
-25.2
-27.18
-28.96
-30.96
-32.81
-34.59
-36.58
-38.45
-40.29
-42.24
-44.03
-46
-47.92
-49.75
-51.69
-53.56
-55.44
-57.37
-59.18
-61.15
-63.07
-64.83
-66.81
-68.7
-70.57
-72.46
-74.33
-75.71
-75.68
-75.6
-75.71
-75.72
-75.6
-75.71
-75.7
-75.71
-75.72
-75.59
-75.38
-73.67
-71.75
-69.7
-67.73
-65.91
-63.99
-62.05
-60.23
-58.36
-56.38
-54.54
-52.57
-50.79
-48.87
-46.92
-45.12
-43.21
-41.24
-39.46
-37.52
-35.64
-33.78
-31.84
-30.07
-28.2
-26.22
-24.34
-22.45
-20.61
-18.69
-16.8
-14.9
-13
-10.97
-8.86
-6.18
-3.65
-1.04
1.73
4.19
6.79
9.59
11.47
13.49
15.25
17.14
19.13
20.93
22.82
24.83
26.59
28.62
30.28
32.17
34.19
35.92
37.84
39.8
41.62
43.63
45.35
47.27
49.29
51.08
52.97
55.02
56.72
58.62
60.53
62.4
64.42
