154
66
89
191.95
181.74
189.02
195.45
193.84
181.17
186.84
183.25
162.81
184.57
174.17
166.6
173.6
171.33
165.08
167.45
175.3
163.67
160.54
173.41
169.91
169.91
172.09
165.08
162.53
178.23
166.5
155.15
170.1
176.15
170
164.71
180.6
167.92
167.36
185.24
182.02
160.45
168.4
177.29
186.56
172.75
193.84
189.68
192.71
208.79
190.44
178.8
192.61
175.96
160.07
171.52
172.37
160.73
175.3
175.78
160.83
162.06
163.29
163.29
162.53
169.34
185.8
164.04
163.1
160.83
156.29
154.3
154.49
156.48
151.37
947.09
917.95
916.34
6.59
10.66
5.98
6.59
3.73
8.15
6.67
2.43
7.97
3.12
-194.14
-196.39
-186.69
-193.27
-214.42
-200.9
-203.93
-228.2
-221.18
-217.89
-206.97
-208.61
-202.37
-226.38
-215.81
-223.09
-223.61
-221.09
-229.59
-224.04
-222.57
-226.05
-223.04
-227.68
-228.52
-222.89
-225.12
-232.88
-228.72
-221.52
-229.94
-205.32
-206.62
-209.22
-217.02
-202.2
-191.28
-202.98
-197.52
-192.84
-191.28
-189.63
-198.21
-194.49
-191.54
-201.94
-209.22
-209.74
-206.88
-209.65
-217.71
-207.83
-199.17
-214.94
-215.11
-209.48
-194.57
-215.46
-220.75
-206.62
-230.72
-215.46
-213.38
-221.46
-219.79
-216.33
-229.16
-214.77
-212.86
-214.77
63.27
61.41
59.65
57.65
55.78
53.86
51.96
50.26
48.2
46.31
44.41
42.52
40.65
38.75
36.9
35.14
33.16
31.24
29.41
27.57
25.7
23.8
21.91
20.13
18.1
16.23
14.36
12.46
10.59
8.19
5.57
3.12
0.41
-2.28
-4.87
-7.44
-10.08
-12.02
-13.92
-15.71
-17.67
-19.58
-21.49
-23.34
-25.28
-27.13
-29.06
-30.84
-32.77
-34.65
-36.53
-38.45
-40.38
-42.19
-44.12
-45.9
-47.9
-49.78
-51.64
-53.56
-55.45
-57.36
-59.21
-61.08
-63.04
-64.9
-66.83
-68.71
-70.6
-72.45
-74.36
-75.44
-75.53
-75.54
-75.54
-75.55
-75.51
-75.54
-75.54
-75.45
-75.55
-75.54
-75.22
-73.61
-71.76
-69.67
-67.78
-65.86
-63.99
-62.09
-60.22
-58.32
-56.44
-54.52
-52.61
-50.69
-48.88
-46.97
-45.12
-43.19
-41.29
-39.48
-37.5
-35.53
-33.75
-31.88
-30.03
-28.18
-26.23
-24.32
-22.46
-20.56
-18.66
-16.75
-14.9
-12.94
-11.05
-8.77
-6.21
-3.49
-1
1.68
4.24
6.83
9.47
11.45
13.39
15.38
17.16
19.04
20.92
22.83
24.71
26.62
28.49
30.43
32.17
34.09
35.94
37.87
39.7
41.62
43.52
45.53
47.28
49.2
51.08
52.97
54.88
56.75
58.64
60.68
62.45
64.31
