156
67
90
200.56
192.71
178.05
185.42
206.05
183.44
178.61
187.41
191.1
180.03
188.55
200.37
186.94
192.8
199.9
184.01
176.44
193.18
187.6
182.02
199.99
193.66
189.78
197.44
187.03
177.95
187.32
188.36
191.2
188.83
201.6
203.12
194.98
203.49
213.14
201.7
208.89
217.78
192.99
214.47
213.9
189.87
182.21
194.03
211.72
184.76
206.05
199.8
169.53
177.29
184.48
168.11
175.11
177.95
164.23
169.25
186.94
166.98
173.88
188.93
183.53
179.09
199.99
185.05
178.05
186.09
201.6
174.64
174.64
179.09
161.68
178.71
923.81
908.58
907.45
0.26
4.07
1.39
3.47
5.81
0.09
4.51
2.69
3.38
1.56
5.63
-188.59
-185.91
-180.97
-189.37
-190.85
-189.72
-197.78
-215.37
-206.1
-188.77
-176.2
-192.15
-176.55
-179.23
-190.85
-190.24
-193.79
-193.97
-200.38
-202.46
-195.53
-230.11
-211.56
-218.37
-218
-220.31
-218.17
-221.94
-206.62
-216.68
-220.45
-225.26
-232.88
-219.45
-218.45
-216.89
-213.73
-216.7
-211.65
-230.11
-227.34
-198.47
-206.01
-218.15
-184.95
-203.76
-216.5
-197.69
-200.99
-211.73
-205.84
-201.25
-208.7
-211.73
-208.18
-216.76
-233.06
-217.63
-218.49
-217.07
-223.18
-205.93
-206.53
-217.45
-191.28
-202.37
-211.39
-186.77
-181.57
-184
63.72
61.86
59.93
58.08
56.37
54.32
52.42
50.7
48.62
46.74
45.04
42.99
41.25
39.2
37.38
35.56
33.57
31.68
29.97
28.02
26.27
24.22
22.32
20.58
18.58
16.67
14.91
12.9
11.02
8.83
6.18
3.7
0.98
-1.62
-4.13
-6.84
-9.44
-11.51
-13.49
-15.4
-17.25
-19.16
-20.93
-22.93
-24.76
-26.71
-28.62
-30.42
-32.36
-34.23
-36.01
-37.99
-39.83
-41.77
-43.67
-45.5
-47.42
-49.32
-51.16
-53.12
-54.92
-56.91
-58.8
-60.69
-62.62
-64.46
-66.29
-68.31
-70.12
-72.02
-73.92
-75.67
-75.91
-75.94
-75.94
-75.91
-75.81
-75.91
-75.92
-75.8
-75.91
-75.91
-75.91
-75.85
-75.28
-73.34
-71.45
-69.39
-67.47
-65.6
-63.65
-61.82
-59.89
-58.08
-56.13
-54.18
-52.4
-50.51
-48.56
-46.71
-44.79
-42.94
-41.06
-39.07
-37.23
-35.37
-33.4
-31.64
-29.73
-27.89
-25.98
-23.98
-22.18
-20.3
-18.29
-16.55
-14.67
-12.69
-10.77
-8.33
-5.8
-3.24
-0.49
2.04
4.6
7.19
9.81
11.75
13.67
15.54
17.56
19.3
21.29
23.11
25
26.96
28.77
30.58
32.57
34.35
36.34
38.14
39.97
42.04
43.77
45.64
47.53
49.46
51.49
53.28
55.15
57.18
58.91
60.81
62.77
64.59
