154
66
89
197.25
198.48
196.68
203.12
198.86
195.74
178.52
184.67
171.52
184.1
177.95
177.19
179.94
179.75
182.97
183.44
195.55
183.82
180.03
183.25
181.17
191.95
196.12
208.13
197.72
194.41
201.41
187.22
204.91
209.55
189.21
184.67
200.09
190.34
181.07
208.89
203.12
192.9
181.74
183.91
184.01
184.48
187.98
189.02
181.26
197.72
194.98
179.18
195.74
187.03
183.15
176.63
179.65
182.87
173.32
174.45
169.82
178.9
170.1
173.88
170.57
180.98
184.48
162.53
183.91
184.1
162.81
174.45
186.37
180.32
170.57
810.95
919.37
914.83
-0.17
5.11
6.76
2.08
1.04
-2.08
4.25
2.43
3.03
0.87
-189.46
-192.23
-210.87
-197.35
-195.61
-186.77
-199.34
-193.62
-175.33
-182.18
-185.3
-181.66
-172.3
-191.11
-191.45
-182.87
-185.73
-190.67
-201.94
-198.13
-199.77
-204.8
-201.25
-206.53
-203.85
-187.64
-201.77
-182.79
-169.79
-190.5
-186.34
-184.87
-197.43
-228.03
-215.2
-217.89
-210.87
-205.15
-205.93
-216.93
-218.41
-219.53
-215.46
-192.06
-199.08
-207.23
-210.78
-202.11
-187.99
-183.22
-188.16
-170.74
-176.29
-179.93
-180.19
-181.49
-171.09
-188.16
-185.47
-191.63
-198.99
-194.66
-212.34
-214.42
-217.63
-228.29
-225.26
-209.39
-221.01
-212.86
63.18
61.32
59.36
57.54
55.79
53.72
51.81
50.1
48.03
46.14
44.24
42.34
40.6
38.58
36.68
34.97
32.94
31.19
29.2
27.39
25.59
23.58
21.68
19.92
17.91
16.16
14.13
12.22
10.49
7.92
5.24
2.83
0.07
-2.43
-5.17
-7.7
-10.21
-12.22
-14.16
-15.95
-17.95
-19.79
-21.7
-23.57
-25.41
-27.38
-29.27
-31.07
-32.99
-34.87
-36.77
-38.68
-40.5
-42.44
-44.37
-46.14
-48.13
-49.97
-51.91
-53.78
-55.78
-57.58
-59.46
-61.29
-63.26
-65.08
-67.02
-68.92
-70.79
-72.7
-74.58
-75.42
-75.54
-75.53
-75.54
-75.54
-75.44
-75.54
-75.54
-75.42
-75.54
-75.51
-75.24
-73.67
-71.8
-69.83
-67.82
-65.89
-64.06
-62.1
-60.28
-58.43
-56.39
-54.61
-52.69
-50.76
-48.91
-46.97
-45.18
-43.24
-41.3
-39.49
-37.55
-35.6
-33.8
-31.83
-30.08
-28.2
-26.19
-24.42
-22.53
-20.55
-18.72
-16.84
-14.98
-13.05
-11.05
-8.91
-6.21
-3.54
-1.11
1.56
4.12
6.75
9.51
11.42
13.3
15.35
17.1
18.96
20.91
22.76
24.66
26.55
28.42
30.37
32.11
34.17
35.89
37.8
39.79
41.55
43.48
45.46
47.2
49.25
51.02
52.94
54.97
56.69
58.62
60.63
62.4
64.28
