154
66
89
197.06
207.37
191.01
189.02
205.48
218.73
191.2
199.05
196.3
173.32
179.65
203.4
169.44
179.28
188.07
171.99
172.94
171.61
163.19
165.94
176.72
182.02
175.02
183.34
187.88
174.36
197.53
199.24
187.41
186.75
179.56
171.71
167.07
178.9
166.13
185.71
190.44
176.82
168.49
180.69
189.78
174.64
183.34
185.8
179.18
187.22
184.95
180.79
187.7
185.9
186.37
168.11
183.63
172.94
177.19
178.23
169.34
153.83
161.3
161.77
155.34
159.31
183.34
159.22
171.8
158.37
158.75
157.14
167.73
144.56
145.6
487.59
939.33
927.41
-0.35
3.64
2.25
0.95
1.56
2.17
5.11
8.49
0.95
3.64
-170.91
-180.79
-191.63
-194.66
-183.74
-183.22
-200.21
-207.23
-192.49
-187.73
-186.86
-192.58
-186.08
-204.45
-193.1
-190.24
-210.17
-203.76
-206.71
-208.18
-206.97
-219.01
-215.81
-230.37
-219.79
-201.25
-229.24
-210.95
-188.59
-208.27
-205.75
-188.59
-197.95
-205.67
-210.17
-205.67
-194.4
-189.03
-183.91
-203.15
-204.97
-186.6
-212.25
-209.65
-194.23
-203.93
-214.94
-189.98
-180.45
-197.43
-195.44
-182.01
-191.37
-181.66
-179.23
-198.99
-206.45
-184.26
-205.23
-222.66
-222.57
-213.73
-226.12
-211.45
-227.16
-213.95
-215.68
-208.01
-221.44
-227.08
63.23
61.5
59.42
57.6
55.88
53.81
51.9
50.06
48.14
46.38
44.37
42.49
40.72
38.7
36.82
34.93
33.08
31.33
29.34
27.51
25.75
23.74
21.84
19.94
18.06
16.29
14.29
12.41
10.6
8.11
5.48
3
0.28
-2.22
-4.96
-7.53
-10.06
-12.06
-13.99
-15.78
-17.76
-19.53
-21.54
-23.42
-25.24
-27.22
-29.15
-30.92
-32.84
-34.65
-36.61
-38.49
-40.36
-42.26
-44.22
-46.07
-47.96
-49.76
-51.72
-53.62
-55.45
-57.4
-59.28
-61.25
-63.1
-64.9
-66.84
-68.76
-70.61
-72.55
-74.42
-75.64
-75.65
-75.51
-75.63
-75.61
-75.52
-75.64
-75.62
-75.62
-75.64
-75.57
-75.34
-73.67
-71.82
-69.75
-67.83
-65.94
-64.02
-62.08
-60.28
-58.41
-56.44
-54.6
-52.71
-50.82
-48.93
-46.98
-45.17
-43.23
-41.36
-39.49
-37.57
-35.7
-33.8
-31.86
-30.11
-28.24
-26.24
-24.39
-22.55
-20.53
-18.74
-16.75
-14.97
-13.04
-11.03
-8.93
-6.24
-3.61
-1.1
1.7
4.14
6.71
9.51
11.46
13.31
15.27
17.1
19.08
20.9
22.75
24.78
26.55
28.44
30.25
32.1
34.14
35.88
37.8
39.77
41.55
43.45
45.29
47.21
49.27
51.02
52.92
54.95
56.67
58.61
60.47
62.36
64.4
