154
66
89
198.29
204.91
165.18
196.87
202.36
173.5
165.56
192.52
169.06
170
187.32
191.01
163
194.41
195.55
158.27
183.53
197.63
150.99
196.12
203.49
166.79
196.12
204.72
204.25
172.09
205.67
214.66
168.96
203.21
213.05
160.17
188.07
192.33
170.29
197.16
207.09
176.06
184.1
192.05
191.1
164.23
195.83
201.22
176.91
196.12
200.18
165.94
192.99
201.51
166.88
183.06
180.88
188.26
182.78
187.88
194.22
172.27
182.87
178.42
165.84
192.8
196.12
158.37
191.48
194.79
183.44
179.18
186.09
177.29
169.91
880.96
788.62
772.63
1.99
5.2
2.51
2.34
0.95
2.43
5.03
4.42
1.13
-0.78
-211.73
-218.49
-215.03
-209.74
-218.23
-200.12
-202.63
-204.89
-204.19
-201.68
-200.55
-211.56
-196.48
-200.29
-224.39
-188.16
-196.31
-206.36
-201.59
-206.19
-209.05
-225.08
-217.02
-224.65
-228.46
-205.58
-208.96
-220.75
-186.08
-194.05
-208.7
-194.83
-211.13
-220.83
-235.14
-222.05
-215.55
-224.4
-230.28
-222.15
-230.49
-233.92
-224.73
-227.05
-220.66
-227.08
-234.53
-207.14
-192.23
-187.38
-210.43
-183.05
-184.52
-213.99
-186.95
-189.11
-215.89
-208.01
-203.76
-202.81
-222.67
-218.75
-229.5
-227.96
-224.84
-226.68
-226.85
-229.68
-220.83
-235.31
63.2
61.29
59.37
57.58
55.68
53.79
51.89
50.15
48.06
46.17
44.31
42.44
40.55
38.66
36.79
35
33.06
31.18
29.28
27.47
25.58
23.69
21.78
20.05
18.05
16.14
14.26
12.33
10.45
8.06
5.43
2.89
0.2
-2.41
-5.02
-7.58
-10.17
-12.13
-14.02
-15.82
-17.81
-19.71
-21.57
-23.45
-25.4
-27.26
-29.13
-31
-32.87
-34.75
-36.65
-38.54
-40.46
-42.3
-44.24
-46.03
-47.99
-49.9
-51.79
-53.69
-55.55
-57.48
-59.36
-61.21
-63.11
-64.99
-66.91
-68.8
-70.7
-72.57
-74.46
-75.51
-75.6
-75.61
-75.51
-75.63
-75.58
-75.6
-75.61
-75.52
-75.61
-75.64
-75.29
-73.66
-71.89
-69.83
-67.88
-65.95
-64.14
-62.24
-60.4
-58.51
-56.6
-54.72
-52.84
-50.94
-49.08
-47.19
-45.34
-43.39
-41.54
-39.66
-37.75
-35.8
-33.99
-32.13
-30.3
-28.42
-26.48
-24.6
-22.72
-20.77
-18.93
-17.03
-15.09
-13.27
-11.37
-9.19
-6.6
-3.87
-1.36
1.24
4.02
6.43
9.07
11.19
13.11
15.09
16.87
18.79
20.66
22.56
24.49
26.34
28.21
30.18
31.88
33.75
35.66
37.56
39.42
41.34
43.26
45.22
46.98
48.95
50.78
52.71
54.6
56.44
58.38
60.44
62.18
64.05
