156
67
90
198.67
185.05
174.73
186.84
216.93
196.49
193.75
210.87
193.56
191.57
201.51
214.18
182.3
185.42
175.21
167.73
182.68
178.52
153.92
172.09
166.6
161.49
170.95
180.88
166.88
169.15
190.53
174.36
180.6
196.68
193.56
174.73
190.06
202.17
177.86
185.8
197.44
179.18
173.79
181.45
187.6
170.95
190.06
195.17
179.46
194.89
191.2
184.38
195.36
194.79
189.4
192.99
207.28
194.51
190.72
206.99
215.23
189.68
189.02
194.32
168.3
179.65
199.52
193.09
176.72
186.94
173.5
160.07
177.38
165.37
166.31
173.98
891.65
874.24
861.28
6.85
7.8
8.67
5.72
3.55
5.89
9.01
7.8
6.33
7.02
9.71
-205.32
-186.51
-198.56
-194.14
-197.26
-207.31
-216.24
-219.19
-218.58
-199.17
-214.94
-213.47
-213.21
-207.23
-215.98
-211.13
-213.21
-210
-203.41
-201.68
-191.28
-210.43
-187.64
-201.42
-195.7
-174.55
-181.92
-190.24
-167.1
-172.39
-187.29
-177.15
-178.45
-195.18
-194.83
-188.16
-178.37
-182.35
-171.43
-174.47
-179.49
-156.87
-159.82
-160.43
-161.29
-165.89
-172.13
-163.03
-167.36
-167.36
-171.52
-174.03
-177.59
-187.64
-191.45
-195.96
-209.39
-214.68
-212.34
-224.3
-202.04
-214.59
-208.27
-210.61
-206.88
-210.87
-212.77
-183.39
-185.21
-195.79
63.22
61.52
59.42
57.61
55.88
53.82
51.93
50.2
48.12
46.37
44.36
42.48
40.72
38.71
36.83
35.09
33.09
31.2
29.36
27.53
25.76
23.76
21.84
20.08
18.06
16.33
14.31
12.36
10.65
8.12
5.49
3.02
0.3
-2.18
-4.94
-7.49
-10.02
-12.02
-14.01
-15.77
-17.74
-19.52
-21.54
-23.43
-25.23
-27.21
-29.11
-30.91
-32.86
-34.63
-36.61
-38.49
-40.34
-42.27
-44.17
-45.97
-47.92
-49.81
-51.73
-53.62
-55.49
-57.42
-59.28
-61.11
-63.09
-64.9
-66.88
-68.75
-70.6
-72.51
-74.42
-75.64
-75.79
-75.66
-75.78
-75.75
-75.64
-75.76
-75.76
-75.67
-75.78
-75.67
-75.78
-75.75
-75.44
-73.89
-71.97
-69.93
-68.02
-66.12
-64.2
-62.33
-60.4
-58.58
-56.64
-54.71
-52.86
-50.94
-49.11
-47.17
-45.28
-43.44
-41.52
-39.6
-37.73
-35.86
-33.97
-32.12
-30.18
-28.41
-26.49
-24.49
-22.67
-20.73
-18.89
-17
-15.04
-13.23
-11.28
-9
-6.49
-3.84
-1.3
1.34
4.06
6.5
9.14
11.37
13.17
15.15
16.92
18.81
20.82
22.61
24.49
26.52
28.27
30.22
31.94
33.83
35.84
37.62
39.46
41.51
43.33
45.26
47.03
48.97
51.01
52.78
54.64
56.69
58.44
60.32
62.2
64.12
