154
66
89
200.18
192.99
178.05
188.74
201.03
185.99
186.28
184.29
169.53
183.25
178.42
180.51
158.46
177.95
182.87
161.21
174.17
180.22
167.26
177.67
184.19
170.86
174.26
177.19
174.26
181.26
195.83
187.6
175.78
194.13
184.29
173.03
178.71
180.22
167.83
186.56
175.4
165.37
171.33
177.67
174.92
166.03
178.71
172.46
175.3
182.49
180.88
169.44
183.44
174.92
158.84
170.29
194.79
172.27
174.07
178.99
179.65
164.04
180.6
169.34
157.52
176.25
177.48
159.88
172.94
177.1
156.48
159.31
177.1
160.64
168.21
911.8
902.15
890.8
6.93
8.23
7.89
9.1
8.32
0.17
5.29
6.07
6.24
4.42
-170.57
-180.97
-192.58
-198.04
-185.3
-188.16
-205.84
-200.03
-177.41
-195.27
-203.07
-187.73
-195.35
-210.78
-189.98
-184.78
-198.21
-180.1
-200.38
-201.94
-180.79
-196.22
-202.03
-213.73
-189.72
-194.49
-216.15
-188.51
-194.05
-198.91
-188.77
-170.39
-206.27
-190.59
-204.89
-212.34
-186.69
-203.67
-191.37
-208.09
-200.64
-199.43
-201.33
-194.75
-180.36
-198.04
-193.19
-179.49
-189.55
-188.59
-184.26
-184.52
-194.05
-193.19
-195.53
-203.07
-195.7
-194.49
-207.49
-208.44
-212.69
-211.73
-211.82
-226.99
-218.15
-222.14
-219.1
-198.91
-201.25
-193.1
63.24
61.34
59.43
57.59
55.73
53.8
51.94
50.23
48.15
46.24
44.37
42.49
40.56
38.72
36.84
35.09
33.11
31.21
29.33
27.57
25.62
23.74
21.83
20.12
18.08
16.19
14.31
12.4
10.53
8.14
5.49
2.97
0.28
-2.34
-4.95
-7.48
-10.09
-12.04
-14
-15.78
-17.77
-19.61
-21.54
-23.39
-25.35
-27.2
-29.1
-30.93
-32.83
-34.71
-36.58
-38.5
-40.39
-42.22
-44.14
-45.97
-47.96
-49.84
-51.66
-53.6
-55.49
-57.38
-59.27
-61.14
-63.04
-64.94
-66.8
-68.76
-70.66
-72.53
-74.41
-75.41
-75.52
-75.51
-75.46
-75.51
-75.54
-75.49
-75.54
-75.42
-75.51
-75.51
-75.18
-73.68
-71.84
-69.78
-67.83
-65.9
-64.05
-62.12
-60.29
-58.4
-56.46
-54.61
-52.68
-50.76
-48.92
-47.05
-45.22
-43.23
-41.34
-39.5
-37.57
-35.6
-33.79
-31.94
-30.11
-28.18
-26.28
-24.4
-22.52
-20.54
-18.73
-16.83
-14.93
-13.02
-11.11
-8.85
-6.23
-3.58
-1.09
1.59
4.15
6.75
9.39
11.45
13.33
15.32
17.11
18.98
20.84
22.79
24.66
26.55
28.43
30.4
32.1
34.04
35.89
37.77
39.63
41.57
43.46
45.46
47.22
49.15
51.04
52.94
54.78
56.67
58.64
60.66
62.37
64.27
