154
66
89
220.77
221.15
226.29
226.39
221.98
225.16
207.09
220.71
213.43
202.36
204.35
231.69
203.02
205.39
212.29
205.76
203.12
204.06
181.83
189.87
197.82
178.33
188.93
200.28
195.36
180.51
198.01
194.22
181.55
191.1
194.7
184.86
189.21
191.67
178.9
196.4
224.21
206.14
219.39
222.51
222.6
216.36
232.82
233.67
228.66
226.58
233.11
225.82
228.28
226.48
215.13
213.9
232.82
212.2
218.35
217.02
222.32
213.81
228.56
212.01
209.17
218.81
221.01
214.94
229.23
220.3
208.89
202.17
214.47
193.28
190.25
583.52
954.65
952.38
2.6
0.17
2.86
2.95
5.03
1.39
2.6
-2.51
5.37
2.51
-174.99
-193.27
-195.44
-210.52
-212.51
-231.24
-228.81
-226.38
-229.94
-215.89
-231.41
-205.49
-198.21
-210.52
-211.21
-221.35
-218.23
-229.16
-221.88
-226.56
-221.96
-217.92
-226.73
-217.49
-230.54
-204.37
-225.86
-214.78
-196.39
-202.72
-214.25
-191.11
-190.93
-206.53
-198.39
-191.19
-180.45
-175.51
-153.23
-174.9
-189.81
-167.97
-176.72
-181.23
-171.52
-172.73
-191.89
-179.32
-170.05
-194.92
-184.61
-188.42
-194.92
-197.09
-199.17
-207.23
-214.59
-204.63
-205.58
-220.92
-215.3
-212.34
-213.12
-228.81
-220.66
-226.64
-219.24
-222.31
-214.94
-214.24
63.26
61.38
59.47
57.65
55.93
53.84
51.95
50.21
48.11
46.39
44.34
42.46
40.69
38.68
36.82
35.09
33.07
31.17
29.32
27.48
25.7
23.71
21.78
20.05
18.01
16.26
14.26
12.36
10.6
8.03
5.43
2.98
0.22
-2.43
-5.02
-7.55
-10.06
-12.09
-14.03
-15.83
-17.81
-19.54
-21.58
-23.46
-25.28
-27.27
-29.17
-30.96
-32.9
-34.71
-36.64
-38.55
-40.39
-42.3
-44.23
-46.03
-47.98
-49.85
-51.78
-53.67
-55.5
-57.45
-59.33
-61.23
-63.12
-64.94
-66.91
-68.8
-70.63
-72.61
-74.46
-75.51
-75.6
-75.52
-75.58
-75.61
-75.52
-75.6
-75.61
-75.53
-75.63
-75.6
-75.33
-73.83
-71.97
-69.99
-68.02
-66.11
-64.26
-62.31
-60.47
-58.59
-56.64
-54.81
-52.9
-50.98
-49.13
-47.18
-45.37
-43.47
-41.5
-39.72
-37.79
-35.84
-34.02
-32.1
-30.34
-28.43
-26.44
-24.59
-22.73
-20.76
-18.93
-16.96
-15.19
-13.24
-11.24
-9.13
-6.56
-3.85
-1.37
1.44
3.85
6.47
9.24
11.16
13.17
15.11
16.9
18.89
20.67
22.56
24.57
26.32
28.2
30.17
31.89
33.91
35.68
37.57
39.59
41.36
43.26
45.23
47.01
48.95
50.81
52.71
54.77
56.47
58.37
60.41
62.17
64.05
