154
66
89
215.32
219.67
220.71
223.08
225.92
206.9
197.06
177.1
161.96
176.53
168.68
172.27
166.31
166.13
170
191.1
192.99
189.68
172.27
186.47
179.46
167.92
183.53
191.38
183.82
189.11
195.36
204.25
197.16
189.49
187.13
195.36
198.86
198.29
166.5
194.13
187.98
178.99
187.6
198.2
201.79
206.9
200.28
203.59
208.98
209.08
204.72
211.63
217.68
218.82
191.86
210.02
213.62
191.95
173.32
177.01
194.98
198.29
201.98
186.65
185.8
191.01
198.29
190.82
208.51
207.66
199.14
199.99
217.21
222.13
194.51
794.49
885.59
868.66
6.41
6.33
5.46
6.24
2.95
11.61
5.89
6.93
7.02
2.51
-184.87
-207.23
-205.23
-191.37
-181.31
-184.87
-182.96
-186.69
-182.01
-170.22
-182.09
-194.57
-181.83
-187.21
-187.03
-196.05
-191.28
-189.11
-213.99
-203.67
-201.42
-210.95
-192.41
-203.85
-185.82
-170.22
-169.27
-181.05
-170.65
-162.16
-175.85
-175.68
-167.01
-181.49
-191.89
-189.63
-191.97
-190.07
-184
-179.58
-182.53
-172.99
-178.37
-175.59
-180.97
-176.72
-174.81
-177.07
-166.15
-170.05
-170.22
-169.27
-173.34
-179.58
-167.97
-167.1
-164.93
-163.2
-180.62
-177.85
-182.79
-182.09
-182.53
-193.19
-193.36
-193.36
-207.83
-189.81
-185.47
-176.37
63.14
61.25
59.35
57.44
55.73
53.68
51.76
50
47.97
46.07
44.21
42.33
40.55
38.51
36.65
34.92
32.93
31.03
29.17
27.33
25.58
23.51
21.64
19.88
17.88
16.11
14.11
12.2
10.46
7.83
5.2
2.78
0.02
-2.67
-5.21
-7.79
-10.26
-12.29
-14.18
-16
-17.96
-19.85
-21.76
-23.61
-25.49
-27.42
-29.3
-31.09
-33.04
-34.88
-36.82
-38.71
-40.55
-42.49
-44.39
-46.17
-48.15
-50
-51.94
-53.83
-55.66
-57.62
-59.53
-61.34
-63.3
-65.2
-67.11
-68.97
-70.83
-72.73
-74.64
-75.49
-75.62
-75.63
-75.64
-75.61
-75.55
-75.62
-75.63
-75.54
-75.58
-75.63
-75.34
-73.73
-71.87
-69.84
-67.85
-65.95
-64.09
-62.19
-60.31
-58.47
-56.5
-54.64
-52.74
-50.81
-48.94
-47
-45.32
-43.32
-41.33
-39.56
-37.6
-35.68
-33.84
-31.93
-30.15
-28.26
-26.24
-24.42
-22.54
-20.59
-18.76
-16.77
-15.01
-13.08
-11.07
-8.91
-6.3
-3.64
-1.18
1.47
4.03
6.69
9.46
11.36
13.29
15.28
17.05
18.97
20.84
22.74
24.76
26.5
28.41
30.34
32.08
33.98
35.86
37.78
39.75
41.51
43.43
45.4
47.18
49.11
50.99
52.91
54.91
56.65
58.54
60.59
62.34
64.26
