154
66
89
208.7
215.32
218.16
193.84
193.91
194.41
202.93
201.41
172.75
186.84
197.53
169.72
176.53
182.97
190.16
178.14
180.98
187.7
167.83
166.13
194.79
173.41
194.32
192.05
186.47
181.26
176.15
182.4
174.07
193.28
183.15
164.42
179.84
175.49
190.53
194.6
186.84
173.32
182.78
170.95
185.52
185.05
197.72
206.9
197.06
194.98
185.24
195.17
181.74
192.43
171.52
173.5
160.92
168.02
173.32
162.34
166.22
161.58
166.31
156.29
157.8
169.82
167.26
159.41
168.11
167.26
161.68
165.08
163.38
151.56
165.46
922.3
883.32
873.48
9.19
3.81
7.37
7.45
2.25
10.49
2.77
7.37
5.46
5.11
-181.23
-165.19
-172.3
-166.15
-163.89
-166.23
-171.43
-166.15
-165.19
-162.51
-160.69
-165.63
-155.92
-163.29
-169.44
-163.46
-172.73
-165.71
-181.05
-175.77
-180.36
-183.13
-184.95
-199.25
-181.57
-176.11
-201.33
-184.17
-152.97
-177.5
-170.48
-162.33
-184.26
-176.2
-174.55
-176.98
-169.96
-174.03
-168.92
-179.06
-179.41
-168.4
-177.15
-172.56
-171.52
-180.88
-194.23
-161.29
-163.29
-172.47
-177.93
-170.65
-170.91
-179.75
-166.23
-174.03
-179.06
-170.31
-185.13
-177.93
-187.29
-176.55
-188.16
-194.92
-197.26
-212.43
-219.1
-184.26
-209.22
-209.74
63.12
61.22
59.29
57.45
55.58
53.66
51.78
50.02
47.94
46.06
44.17
42.29
40.38
38.51
36.61
34.9
32.87
30.99
29.15
27.32
25.42
23.51
21.62
19.86
17.85
15.97
14.09
12.18
10.3
7.8
5.16
2.73
0
-2.66
-5.14
-7.77
-10.36
-12.26
-14.19
-16.01
-18.02
-19.86
-21.69
-23.63
-25.57
-27.44
-29.29
-31.13
-33.07
-34.95
-36.74
-38.72
-40.65
-42.49
-44.42
-46.2
-48.17
-50.07
-51.96
-53.86
-55.75
-57.62
-59.55
-61.39
-63.3
-65.23
-67.07
-68.96
-70.89
-72.73
-74.64
-75.55
-75.66
-75.67
-75.66
-75.64
-75.68
-75.65
-75.64
-75.58
-75.65
-75.65
-75.38
-73.74
-71.91
-69.8
-67.88
-65.95
-64.07
-62.17
-60.31
-58.46
-56.52
-54.64
-52.74
-50.82
-48.98
-47.08
-45.19
-43.32
-41.39
-39.55
-37.63
-35.68
-33.88
-31.97
-30.15
-28.31
-26.36
-24.46
-22.58
-20.61
-18.76
-16.93
-14.93
-13.07
-11.18
-8.97
-6.31
-3.65
-1.15
1.47
4.22
6.66
9.29
11.39
13.27
15.26
17.03
18.91
20.89
22.73
24.61
26.48
28.4
30.32
32.04
33.96
35.97
37.75
39.56
41.52
43.4
45.39
47.15
49.09
50.98
52.87
54.77
56.61
58.56
60.6
62.29
64.21
