154
66
89
204.44
216.55
210.87
219.48
222.79
206.52
189.4
196.3
168.87
164.8
181.83
187.98
168.02
177.01
212.1
185.99
188.83
194.22
167.73
174.83
197.16
178.42
185.9
196.02
200.66
180.69
194.51
204.16
193.94
201.98
200.66
174.73
175.02
182.87
176.72
191.95
199.43
187.79
186.84
183.44
204.72
183.91
191.57
200.28
186.09
184.29
195.83
176.82
175.96
185.99
161.21
163.67
185.9
182.59
170.76
171.23
196.12
168.11
178.61
175.21
166.41
175.68
190.72
182.21
185.14
191.2
172.46
175.96
184.48
177.19
161.4
636.78
923.06
909.53
2.6
0.95
2.17
4.59
5.55
-0.61
2.34
3.64
5.55
2.51
-191.45
-216.41
-223.09
-213.21
-203.93
-217.45
-210.43
-226.21
-214.85
-191.97
-208.27
-210.35
-179.06
-208.44
-211.3
-223.44
-207.4
-215.29
-232.97
-218.06
-229.94
-233.89
-222.4
-239.99
-230.14
-217.02
-229.76
-233.32
-213.12
-215.37
-223.44
-222.83
-211.82
-225.78
-234.17
-221.7
-221.79
-231.03
-210.61
-231.58
-230.29
-230.01
-227.42
-228.03
-234.88
-221.18
-230.46
-237.82
-206.71
-211.73
-220.31
-194.4
-208.87
-214.77
-208.09
-217.11
-205.84
-233.92
-218.32
-237.48
-236.01
-229.24
-230.02
-235.77
-232.2
-233.65
-236.51
-233.61
-234.41
-230.68
63.27
61.42
59.48
57.66
55.94
53.84
51.96
50.24
48.15
46.43
44.41
42.5
40.78
38.75
36.9
35.13
33.13
31.37
29.4
27.54
25.67
23.78
21.9
20.12
18.09
16.25
14.35
12.43
10.67
8.2
5.56
3.08
0.34
-2.26
-4.93
-7.45
-9.98
-12.02
-13.95
-15.72
-17.71
-19.58
-21.48
-23.34
-25.19
-27.2
-29.07
-30.87
-32.79
-34.58
-36.54
-38.46
-40.26
-42.19
-44.14
-45.93
-47.9
-49.81
-51.68
-53.56
-55.42
-57.37
-59.26
-61.09
-63.05
-64.92
-66.83
-68.7
-70.53
-72.49
-74.39
-75.37
-75.48
-75.47
-75.41
-75.51
-75.36
-75.48
-75.5
-75.37
-75.48
-75.4
-75.2
-73.63
-71.76
-69.74
-67.78
-65.89
-64.03
-62.06
-60.23
-58.34
-56.38
-54.54
-52.69
-50.74
-48.88
-46.96
-45.16
-43.19
-41.26
-39.48
-37.54
-35.57
-33.78
-31.91
-29.98
-28.18
-26.18
-24.34
-22.47
-20.5
-18.65
-16.79
-14.83
-12.97
-11.01
-8.83
-6.16
-3.48
-1.01
1.59
4.22
6.79
9.55
11.48
13.38
15.37
17.16
19.14
20.89
22.82
24.83
26.59
28.46
30.42
32.14
34.05
35.92
37.85
39.82
41.63
43.52
45.49
47.24
49.19
51.07
52.92
55.01
56.71
58.64
60.65
62.41
64.34
