154
66
89
222.04
220.62
235.85
221.69
222.19
232.25
233.67
234.15
216.55
229.32
217.78
196.4
198.01
198.95
216.17
211.72
219.58
216.74
199.05
205.01
196.78
187.41
194.13
195.07
194.79
207.18
204.82
220.14
215.6
211.06
212.39
233.11
222.94
224.27
213.71
214.66
217.02
199.52
209.45
198.39
206.14
224.78
204.06
201.51
218.63
204.91
211.06
223.17
215.32
227.52
224.02
233.2
224.48
229.32
221.94
221.66
234.9
226.86
208.89
210.59
220.14
215.79
214.94
213.33
222.51
219.77
193.84
212.77
226.67
215.89
198.2
948.32
909.24
902.53
9.79
5.72
6.5
5.37
5.89
5.03
3.81
4.68
6.93
7.19
-205.93
-217.11
-213.99
-216.93
-204.54
-205.84
-223.87
-215.2
-210.35
-210
-210
-220.49
-224.82
-226.99
-216.09
-216.5
-226.12
-230.54
-214.53
-216.13
-209.65
-205.32
-207.66
-209.91
-195.35
-187.9
-203.93
-198.91
-198.3
-209.22
-205.49
-201.16
-212.6
-214.42
-219.88
-230.37
-232.54
-216.83
-222.48
-223.78
-198.3
-197.78
-202.11
-194.57
-178.54
-176.37
-181.49
-188.68
-188.07
-190.93
-189.2
-191.97
-201.25
-211.82
-198.56
-187.9
-186.69
-176.03
-196.91
-201.77
-220.57
-221.61
-210.26
-215.55
-219.01
-226.9
-212.51
-198.56
-201.16
-186.43
63.21
61.33
59.45
57.63
55.74
53.83
51.9
50.21
48.17
46.24
44.38
42.5
40.58
38.7
36.85
35.11
33.09
31.2
29.5
27.53
25.61
23.75
21.83
20.08
18.06
16.22
14.41
12.4
10.53
8.13
5.44
3.06
0.3
-2.34
-4.8
-7.53
-10.13
-12.06
-13.99
-15.77
-17.78
-19.58
-21.56
-23.37
-25.3
-27.18
-29.1
-30.88
-32.82
-34.7
-36.59
-38.51
-40.39
-42.26
-44.19
-45.97
-47.95
-49.85
-51.75
-53.59
-55.5
-57.43
-59.3
-61.12
-63.14
-64.95
-66.87
-68.73
-70.66
-72.53
-74.41
-75.65
-75.66
-75.64
-75.65
-75.65
-75.66
-75.67
-75.68
-75.57
-75.64
-75.63
-75.35
-73.67
-71.85
-69.75
-67.82
-65.89
-64.02
-62.14
-60.26
-58.4
-56.47
-54.58
-52.69
-50.77
-48.92
-47.01
-45.18
-43.25
-41.36
-39.51
-37.57
-35.63
-33.77
-31.91
-30.1
-28.21
-26.26
-24.38
-22.52
-20.52
-18.71
-16.83
-14.88
-13.01
-11.11
-8.88
-6.23
-3.58
-1.1
1.57
4.29
6.74
9.4
11.41
13.33
15.34
17.12
19
21.02
22.74
24.66
26.55
28.45
30.38
32.12
34.05
36.02
37.78
39.65
41.58
43.45
45.45
47.22
49.15
51.2
52.92
54.8
56.69
58.62
60.65
62.39
64.28
