154
66
89
225
225.59
215.41
235.28
232.82
209.36
215.04
224.17
222.89
207.94
227.71
221
205.29
219.29
225.92
217.68
225.16
231.31
222.98
232.63
212.48
186.09
217.31
223.74
204.06
200.94
215.13
209.64
198.86
223.93
229.7
225.54
225.75
229.04
218.54
233.67
225.78
221
234.05
236.61
223.93
215.7
227.71
223.27
207.37
201.89
198.01
206.81
204.06
213.9
216.64
217.4
237.36
212.29
192.8
217.21
215.32
197.25
213.14
218.54
194.51
201.32
211.91
218.91
216.27
225.07
203.78
206.05
211.63
190.72
168.77
502.82
923.53
915.68
7.11
3.64
4.07
9.53
9.01
9.62
8.84
6.24
-2.6
8.41
-152.54
-178.97
-171.09
-191.28
-193.53
-187.73
-180.27
-191.63
-183.13
-160.86
-175.59
-178.11
-167.97
-180.36
-172.47
-178.54
-178.63
-187.21
-180.1
-193.01
-191.19
-168.31
-174.47
-196.13
-193.97
-173.34
-179.41
-187.47
-177.76
-198.39
-182.7
-196.91
-194.75
-211.99
-204.89
-199.86
-221.09
-209.65
-184.95
-199.51
-195.27
-170.31
-180.71
-182.09
-185.13
-187.99
-191.89
-180.88
-181.66
-195.01
-183.57
-183.31
-199.34
-189.81
-167.01
-179.49
-184.09
-173.08
-180.36
-190.07
-203.41
-189.98
-192.93
-190.24
-177.07
-188.07
-191.28
-185.47
-197.35
-202.81
63.26
61.56
59.44
57.64
55.89
53.83
51.98
50.26
48.17
46.3
44.37
42.5
40.78
38.74
36.88
35.11
33.12
31.36
29.4
27.54
25.76
23.76
21.88
20.12
18.09
16.35
14.34
12.43
10.66
8.19
5.53
3.06
0.29
-2.17
-4.91
-7.47
-10.02
-12.03
-13.92
-15.74
-17.72
-19.47
-21.49
-23.4
-25.19
-27.2
-29.06
-30.89
-32.79
-34.67
-36.55
-38.47
-40.3
-42.21
-44.16
-45.93
-47.9
-49.75
-51.66
-53.57
-55.43
-57.37
-59.28
-61.08
-63.05
-64.87
-66.85
-68.72
-70.56
-72.5
-74.39
-75.49
-75.58
-75.47
-75.59
-75.58
-75.48
-75.58
-75.61
-75.51
-75.61
-75.5
-75.34
-73.65
-71.75
-69.76
-67.78
-65.88
-64.02
-62.05
-60.22
-58.37
-56.38
-54.55
-52.66
-50.71
-48.88
-47
-45.15
-43.21
-41.26
-39.5
-37.5
-35.6
-33.79
-31.88
-30.07
-28.2
-26.18
-24.34
-22.5
-20.49
-18.7
-16.8
-14.92
-13.01
-10.98
-8.83
-6.23
-3.52
-1.07
1.62
4.19
6.8
9.56
11.46
13.34
15.36
17.14
19.14
20.91
22.83
24.82
26.6
28.47
30.39
32.13
34.2
35.94
37.83
39.8
41.62
43.5
45.49
47.22
49.31
51.06
52.98
55
56.74
58.64
60.67
62.42
64.46
