154
66
89
205.76
204.13
219.29
214.09
208.13
202.64
213.24
201.89
179.94
183.25
182.21
162.44
157.42
182.21
182.97
165.65
175.68
178.42
172.65
182.11
178.05
169.72
177.19
195.17
188.07
192.14
212.48
190.25
198.86
219.86
209.64
188.26
193.37
178.52
184.67
215.32
203.42
203.4
204.53
202.26
191.95
205.01
218.16
205.29
205.39
208.79
207.37
184.19
188.36
192.24
177.57
185.9
174.36
175.78
195.45
192.61
181.92
194.22
200.56
197.34
196.4
195.74
207.75
189.59
211.54
201.32
186.65
180.03
196.49
177.67
192.24
928.07
887.77
873.86
8.84
7.8
5.63
10.49
10.31
5.2
-0.61
10.4
7.97
8.67
-150.37
-176.2
-183.13
-171.26
-175.85
-176.81
-187.47
-197
-184.87
-187.47
-189.89
-178.37
-169.7
-163.98
-172.21
-162.16
-163.98
-165.02
-158.17
-163.55
-169.44
-170.13
-167.71
-183.57
-195.27
-196.39
-209.31
-198.13
-185.21
-187.38
-188.51
-176.29
-184
-210.26
-209.91
-185.3
-178.37
-176.37
-164.76
-183.74
-176.37
-184.35
-180.27
-184.78
-179.84
-176.98
-196.83
-160.34
-147.77
-163.03
-163.89
-153.32
-165.89
-154.01
-149.33
-165.89
-162.25
-152.89
-146.3
-157.65
-161.99
-171.26
-183.22
-181.49
-192.41
-193.71
-195.18
-200.55
-205.58
-213.47
63.18
61.27
59.36
57.49
55.78
53.73
51.81
50.06
48
46.27
44.24
42.34
40.61
38.61
36.69
34.79
32.93
31.16
29.25
27.39
25.64
23.56
21.68
19.79
17.91
16.17
14.16
12.24
10.51
7.95
5.28
2.81
0.07
-2.42
-5.12
-7.74
-10.16
-12.21
-14.14
-15.95
-17.92
-19.7
-21.69
-23.6
-25.4
-27.36
-29.27
-31.06
-32.99
-34.89
-36.75
-38.66
-40.5
-42.44
-44.31
-46.2
-48.11
-49.93
-51.89
-53.79
-55.59
-57.57
-59.47
-61.37
-63.24
-65.09
-67.06
-68.95
-70.75
-72.66
-74.56
-75.26
-75.37
-75.38
-75.34
-75.35
-75.26
-75.36
-75.35
-75.24
-75.41
-75.27
-75.14
-73.72
-71.8
-69.76
-67.81
-65.94
-64.03
-62.09
-60.28
-58.35
-56.42
-54.61
-52.67
-50.75
-48.9
-46.95
-45.14
-43.22
-41.29
-39.47
-37.63
-35.6
-33.82
-31.93
-30.07
-28.21
-26.22
-24.38
-22.5
-20.53
-18.71
-16.73
-14.95
-13.02
-11.03
-8.88
-6.2
-3.6
-1.09
1.57
4.17
6.8
9.51
11.42
13.32
15.21
17.07
19.1
20.89
22.82
24.82
26.55
28.47
30.39
32.14
34.2
35.9
37.84
39.78
41.59
43.46
45.44
47.23
49.13
51.02
52.96
54.97
56.69
58.63
60.6
62.36
64.43
