154
66
89
185.24
187.88
175.4
185.52
192.61
165.46
172.56
189.11
173.41
179.18
185.99
200.09
191.1
197.72
194.98
182.78
183.63
188.45
177.67
176.34
182.3
160.92
183.82
184.86
175.87
180.69
200.56
180.32
194.22
200.75
196.02
179.46
187.79
189.02
185.52
201.03
207.47
192.61
189.11
185.24
174.26
179.18
186.94
173.32
175.78
185.42
192.8
161.4
175.78
178.61
170.48
181.17
182.78
180.98
190.72
181.64
186.28
186.09
188.83
178.61
177.19
192.71
190.53
169.34
187.13
190.82
167.07
166.41
167.07
167.26
186.84
881.52
924.57
910
6.85
2.51
0
-1.04
1.73
1.39
4.51
3.47
1.65
2.86
-203.5
-200.03
-209.65
-203.67
-211.3
-213.38
-221.18
-224.22
-206.36
-217.54
-209.57
-210.87
-219.19
-221.96
-201.59
-212.25
-217.63
-197.17
-199.86
-196.39
-187.29
-194.23
-200.64
-203.85
-197.61
-195.18
-204.28
-203.15
-204.97
-217.54
-220.14
-211.73
-215.26
-216.8
-218.06
-219.25
-217.8
-224.04
-217.54
-215.67
-218.94
-221.61
-220.4
-199.25
-197.09
-196.13
-198.3
-192.41
-195.79
-189.89
-206.97
-193.36
-205.93
-216.15
-207.4
-217.54
-216.93
-207.57
-227.42
-231.41
-208.35
-197.95
-207.4
-199.86
-179.23
-190.24
-182.96
-175.59
-188.42
-189.11
63.35
61.47
59.52
57.71
55.79
53.89
52.01
50.27
48.2
46.28
44.41
42.55
40.63
38.74
36.88
35.14
33.1
31.22
29.37
27.57
25.64
23.74
21.88
20.1
18.09
16.2
14.31
12.43
10.56
8.1
5.5
2.99
0.35
-2.35
-4.91
-7.46
-10.12
-12.03
-13.95
-15.78
-17.75
-19.58
-21.52
-23.41
-25.34
-27.2
-29.1
-30.93
-32.83
-34.71
-36.58
-38.47
-40.41
-42.24
-44.16
-45.97
-47.95
-49.85
-51.72
-53.62
-55.5
-57.41
-59.31
-61.11
-63.08
-64.92
-66.85
-68.75
-70.66
-72.5
-74.35
-75.69
-75.77
-75.79
-75.7
-75.79
-75.78
-75.78
-75.79
-75.68
-75.78
-75.79
-75.43
-73.64
-71.82
-69.76
-67.82
-65.9
-64.03
-62.12
-60.23
-58.4
-56.45
-54.57
-52.67
-50.74
-48.92
-47.03
-45.09
-43.24
-41.35
-39.49
-37.55
-35.61
-33.79
-31.87
-30.1
-28.2
-26.28
-24.36
-22.49
-20.55
-18.72
-16.82
-14.96
-13.01
-11.12
-8.89
-6.19
-3.55
-1
1.57
4.14
6.74
9.38
11.45
13.35
15.36
17.11
18.98
20.9
22.78
24.68
26.55
28.45
30.39
32.08
34.01
35.91
37.8
39.65
41.61
43.45
45.46
47.22
49.17
51.2
52.95
54.84
56.69
58.6
60.66
62.39
64.29
