154
66
89
226.39
217.31
212.19
228.47
219.86
210.31
209.45
204.91
204.35
196.59
197.34
195.55
194.41
187.7
188.17
181.26
187.03
196.49
201.98
203.02
196.59
191.2
198.95
204.82
200.28
198.29
189.4
201.98
197.34
188.93
198.1
203.12
206.24
213.9
207.47
205.48
209.55
187.13
206.14
208.51
202.17
196.49
190.53
198.57
196.87
194.6
189.21
203.02
198.57
200.28
199.71
212.48
224.78
191.57
189.21
208.79
199.14
179.84
189.3
204.25
194.6
197.25
195.17
194.32
201.13
220.9
197.91
197.91
204.06
188.93
187.32
996.09
938
935.07
5.72
3.55
-1.39
7.28
1.13
4.16
5.55
2.17
5.2
4.42
-209.05
-227.77
-226.56
-233.32
-230.54
-229.16
-223.44
-222.92
-220.57
-218.06
-208.18
-226.47
-212.77
-219.71
-229.07
-225.34
-222.57
-237.65
-227.85
-238.86
-225.34
-206.71
-208.7
-216.41
-218.58
-217.02
-197.26
-214.94
-211.39
-226.12
-217.89
-222.4
-228.72
-223.87
-224.13
-219.97
-229.68
-231.24
-218.06
-212.69
-206.27
-204.11
-207.75
-202.46
-206.1
-214.77
-213.21
-207.23
-212.17
-215.2
-215.2
-225.6
-217.45
-205.58
-214.77
-197
-196.13
-215.63
-230.11
-218.23
-227.68
-226.61
-231.32
-227.54
-228.39
-227.78
-232.25
-232.98
-231.92
-237.04
63.14
61.25
59.42
57.48
55.77
53.7
51.83
49.93
48.06
46.16
44.28
42.38
40.65
38.62
36.75
34.86
32.99
31.12
29.27
27.44
25.66
23.64
21.75
19.85
18
16.09
14.17
12.33
10.57
7.96
5.39
2.74
0.18
-2.47
-5.04
-7.59
-10.12
-12.15
-14.08
-15.96
-17.85
-19.72
-21.66
-23.51
-25.34
-27.31
-29.2
-31.09
-32.94
-34.82
-36.67
-38.63
-40.4
-42.36
-44.29
-46.14
-48.03
-49.93
-51.82
-53.68
-55.53
-57.51
-59.42
-61.28
-63.2
-65.04
-66.94
-68.83
-70.73
-72.61
-74.5
-75.61
-75.6
-75.62
-75.59
-75.6
-75.47
-75.61
-75.58
-75.49
-75.61
-75.57
-75.34
-73.77
-71.88
-69.89
-67.95
-66.03
-64.16
-62.31
-60.43
-58.56
-56.62
-54.78
-52.89
-50.97
-49.15
-47.24
-45.4
-43.49
-41.52
-39.75
-37.78
-35.94
-34.05
-32.16
-30.35
-28.45
-26.45
-24.66
-22.74
-20.88
-18.98
-17.08
-15.21
-13.3
-11.28
-9.24
-6.59
-4.05
-1.46
1.21
3.8
6.38
9.18
11.17
13.1
14.97
16.87
18.74
20.63
22.52
24.52
26.3
28.15
29.98
31.84
33.79
35.65
37.53
39.53
41.27
43.21
45.08
46.93
48.87
50.75
52.65
54.71
56.42
58.34
60.15
62.09
64.03
