154
66
89
203.49
207.47
210.87
187.55
213.62
214.09
219.2
209.55
198.48
210.97
173.79
166.6
189.3
177.67
167.64
171.61
181.83
157.14
156.85
168.77
164.99
164.9
177.57
171.23
159.03
171.14
182.11
164.61
166.31
177.19
171.42
165.65
180.13
177.57
156.1
184.57
181.92
164.9
181.55
182.49
166.6
173.32
178.05
172.46
165.46
171.71
168.68
171.52
179.65
151.08
142.76
181.64
181.74
133.11
158.65
157.04
142.1
147.68
151.56
151.08
155.25
165.94
162.81
159.41
172.75
171.52
166.31
174.55
177.19
164.71
178.42
892.5
900.45
883.7
2.25
-0.87
0.17
4.51
3.03
4.33
1.99
6.41
3.29
6.59
-151.33
-194.4
-199.43
-188.94
-184.61
-183.65
-184.43
-185.65
-184.95
-180.71
-171.09
-160.6
-180.53
-193.62
-190.15
-196.83
-222.92
-219.71
-225.86
-224.74
-224.74
-204.71
-204.54
-226.38
-198.47
-191.45
-209.74
-209.65
-195.09
-202.46
-203.41
-201.77
-194.4
-204.63
-191.8
-174.29
-183.48
-185.39
-174.29
-188.59
-197.09
-177.41
-174.12
-178.8
-183.83
-177.24
-179.49
-182.79
-172.3
-180.01
-190.93
-184.17
-190.41
-206.19
-208.09
-207.23
-214.51
-226.21
-229.24
-214.43
-214.69
-213.89
-220.71
-218.78
-215.79
-219.63
-219.63
-216.25
-216.01
-217.92
63.04
61.42
59.31
57.45
55.69
53.66
51.73
49.85
47.97
46.21
44.17
42.27
40.56
38.5
36.63
34.76
32.88
31.12
29.17
27.3
25.5
23.52
21.62
19.73
17.85
16.09
14.08
12.13
10.41
7.81
5.1
2.52
-0.03
-2.51
-5.25
-7.8
-10.28
-12.27
-14.2
-16.12
-18
-19.76
-21.8
-23.66
-25.47
-27.44
-29.34
-31.12
-33.06
-34.88
-36.81
-38.72
-40.58
-42.52
-44.42
-46.22
-48.19
-50
-51.96
-53.83
-55.66
-57.62
-59.5
-61.4
-63.31
-65.17
-67.1
-68.98
-70.87
-72.76
-74.61
-75.47
-75.49
-75.39
-75.48
-75.51
-75.41
-75.49
-75.5
-75.5
-75.5
-75.39
-75.24
-73.75
-71.9
-69.82
-67.88
-66.02
-64.16
-62.25
-60.38
-58.51
-56.6
-54.75
-52.85
-50.98
-49.11
-47.15
-45.36
-43.48
-41.5
-39.7
-37.75
-35.97
-34.01
-32.06
-30.31
-28.42
-26.42
-24.62
-22.73
-20.84
-18.95
-16.97
-15.18
-13.27
-11.23
-9.2
-6.53
-3.87
-1.39
1.38
3.84
6.44
9.19
11.18
13.14
15.1
16.88
18.89
20.65
22.53
24.57
26.34
28.2
30.03
31.88
33.92
35.67
37.55
39.55
41.29
43.26
45.06
46.97
49.03
50.78
52.71
54.74
56.44
58.39
60.25
62.13
64.2
