154
66
89
200.85
207.96
202.83
218.25
200.28
194.22
219.29
188.07
186.37
216.27
208.04
185.24
215.41
216.64
208.79
205.01
217.97
193.09
189.87
197.25
193.28
168.49
184.19
174.26
162.44
171.9
184.86
183.53
179.18
192.99
181.45
190.53
207.09
207.47
193.94
215.04
218.73
210.31
212.48
210.4
202.64
199.14
216.55
203.02
192.52
199.62
195.07
179.18
203.31
183.44
178.23
203.31
201.6
194.79
211.63
215.41
213.52
196.3
227.71
190.06
184.48
211.35
188.64
179.56
187.03
185.99
180.03
177.29
201.03
188.17
183.15
1014.92
945.29
943.96
7.97
5.89
2.86
8.41
3.47
5.37
7.63
3.73
1.99
8.06
-201.85
-204.97
-193.1
-200.12
-196.83
-203.5
-205.75
-210.09
-206.97
-214.25
-217.19
-204.54
-216.33
-214.71
-215.03
-205.23
-218.75
-207.31
-194.05
-204.63
-202.98
-181.92
-191.11
-209.91
-193.36
-192.75
-217.63
-211.47
-197.78
-222.74
-214.77
-228.29
-215.47
-214.37
-217.28
-209.74
-229.07
-200.55
-188.68
-205.75
-189.98
-166.75
-182.96
-180.71
-181.66
-179.67
-186.51
-190.76
-195.27
-202.46
-210.52
-209.39
-228.64
-220.23
-199.17
-226.12
-229.59
-211.04
-230.8
-219.36
-218.75
-211.3
-226.04
-203.67
-208.53
-214.68
-204.8
-200.81
-215.81
-217.37
63.24
61.42
59.48
57.65
55.77
53.89
52.04
50.25
48.2
46.31
44.4
42.55
40.68
38.78
36.9
35.19
33.16
31.24
29.5
27.61
25.67
23.8
21.91
20.15
18.12
16.25
14.39
12.48
10.6
8.21
5.58
3.14
0.38
-2.23
-4.89
-7.39
-10.05
-11.92
-13.89
-15.72
-17.68
-19.6
-21.45
-23.34
-25.24
-27.15
-29.07
-30.86
-32.76
-34.65
-36.52
-38.41
-40.38
-42.19
-44.09
-45.89
-47.89
-49.78
-51.64
-53.58
-55.45
-57.35
-59.25
-61.07
-63
-64.89
-66.81
-68.69
-70.6
-72.46
-74.32
-75.39
-75.48
-75.51
-75.48
-75.49
-75.51
-75.5
-75.52
-75.41
-75.49
-75.5
-75.19
-73.62
-71.76
-69.71
-67.78
-65.85
-64.06
-62.14
-60.3
-58.41
-56.52
-54.62
-52.76
-50.8
-48.98
-47.11
-45.24
-43.32
-41.43
-39.56
-37.63
-35.7
-33.86
-32.01
-30.2
-28.28
-26.39
-24.45
-22.63
-20.66
-18.82
-16.96
-15.07
-13.14
-11.21
-9.02
-6.38
-3.67
-1.28
1.46
4.03
6.59
9.32
11.34
13.24
15.2
17
18.9
20.86
22.68
24.57
26.46
28.36
30.28
32.01
33.93
35.94
37.7
39.54
41.46
43.4
45.37
47.12
49.04
50.93
52.87
54.77
56.61
58.53
60.53
62.26
64.19
