154
66
89
192.05
186.28
193.94
190.91
189.78
180.32
180.51
165.27
169.91
169.06
169.72
169.44
168.3
166.88
162.44
165.75
171.04
171.8
177.86
182.59
186.56
187.88
192.24
198.2
182.68
195.36
179.65
177.48
185.9
188.64
162.15
158.94
173.88
167.07
179.37
184.95
174.36
170.29
178.33
173.41
181.07
182.3
182.4
186.09
188.26
193.47
186.18
180.69
202.83
179.28
176.53
187.88
173.88
167.73
162.25
159.6
163.29
162.06
158.46
171.42
162.81
173.32
160.35
164.61
182.68
175.02
163.57
177.38
177.01
177.95
172.37
814.17
796.57
785.78
2.6
8.93
1.91
1.99
4.94
3.9
4.59
0.52
5.37
2.86
-167.79
-173.6
-188.42
-166.06
-165.97
-169.79
-168.66
-175.33
-167.19
-158.95
-162.59
-177.67
-155.14
-171.17
-169.09
-166.41
-174.12
-167.53
-186.34
-171.52
-174.55
-197.52
-180.79
-178.45
-189.81
-169.27
-177.5
-184.26
-161.64
-163.46
-175.42
-176.63
-179.67
-184.69
-177.93
-173.34
-155.4
-181.4
-172.13
-179.75
-174.12
-170.65
-181.75
-177.93
-188.33
-178.37
-178.8
-182.53
-178.97
-169.53
-196.48
-163.55
-161.73
-177.76
-169.35
-170.13
-171.69
-181.57
-170.48
-176.37
-184.61
-176.81
-176.46
-185.65
-177.59
-185.73
-185.21
-168.83
-165.37
-174.47
63.14
61.27
59.52
57.5
55.59
53.66
51.79
50.03
48
46.1
44.21
42.31
40.44
38.55
36.66
34.93
32.89
31.03
29.2
27.36
25.44
23.54
21.67
19.89
17.88
16.02
14.12
12.16
10.36
7.89
5.24
2.8
0.03
-2.65
-5.11
-7.7
-10.31
-12.23
-14.18
-15.95
-17.92
-19.82
-21.68
-23.6
-25.52
-27.37
-29.3
-31.1
-33.03
-34.92
-36.75
-38.68
-40.61
-42.44
-44.41
-46.14
-48.14
-50.06
-51.92
-53.79
-55.72
-57.6
-59.52
-61.32
-63.25
-65.18
-67.03
-68.94
-70.9
-72.75
-74.61
-75.19
-75.28
-75.27
-75.27
-75.27
-75.27
-75.29
-75.29
-75.18
-75.28
-75.29
-75.06
-73.75
-71.89
-69.78
-67.85
-65.9
-64.09
-62.15
-60.23
-58.4
-56.51
-54.59
-52.69
-50.78
-48.93
-47.05
-45.19
-43.26
-41.36
-39.53
-37.6
-35.65
-33.83
-31.98
-30.1
-28.24
-26.35
-24.43
-22.53
-20.56
-18.75
-16.86
-14.99
-13.04
-11.12
-8.93
-6.27
-3.62
-1.13
1.53
4.12
6.74
9.34
11.4
13.31
15.33
17.05
18.96
20.85
22.76
24.66
26.54
28.41
30.35
32.1
33.99
35.95
37.79
39.62
41.53
43.45
45.42
47.18
49.14
51.01
52.9
54.81
56.67
58.6
60.64
62.38
64.27
