154
66
89
196.87
196.59
194.13
187.32
183.53
189.21
180.41
163.38
163.57
171.61
167.26
158.08
167.17
176.82
160.92
169.91
181.26
172.84
180.13
184.95
172.18
172.09
165.84
177.57
173.22
172.75
166.98
167.36
182.21
175.68
162.53
176.06
171.99
171.61
186.65
189.68
190.63
187.32
177.1
170.95
168.59
187.98
187.6
169.15
176.53
173.32
173.22
168.96
162.91
166.69
175.68
167.26
155.53
163
179.28
172.09
165.94
176.72
172.46
168.21
186.28
187.13
194.03
187.7
177.01
175.02
187.13
171.04
165.18
167.92
176.63
526.1
901.68
886.25
5.2
2.08
6.67
1.39
2.51
6.07
3.21
4.59
3.99
0.95
-173.34
-182.96
-180.53
-169.27
-175.85
-179.06
-176.29
-174.12
-172.39
-171.43
-173.69
-174.29
-175.25
-168.66
-162.07
-175.25
-165.11
-155.23
-165.89
-167.53
-166.32
-164.93
-172.73
-177.24
-170.74
-167.53
-173.95
-177.93
-175.25
-171
-175.33
-166.75
-181.83
-177.67
-177.5
-164.24
-166.84
-159.39
-167.19
-181.31
-168.49
-167.97
-175.42
-165.02
-169.87
-178.28
-181.14
-175.94
-168.31
-172.56
-176.29
-174.03
-181.14
-170.48
-166.15
-167.97
-171.52
-165.89
-165.97
-172.65
-168.83
-174.47
-175.42
-170.31
-167.71
-174.12
-180.1
-158
-175.07
-184.26
63.18
61.34
59.41
57.56
55.84
53.8
51.9
50.2
48.16
46.21
44.33
42.48
40.73
38.7
36.83
35.08
33.07
31.16
29.34
27.5
25.74
23.74
21.81
20.06
18.06
16.31
14.27
12.37
10.62
8.08
5.45
3.02
0.23
-2.27
-4.96
-7.51
-10.06
-12.07
-13.99
-15.8
-17.78
-19.64
-21.55
-23.44
-25.25
-27.24
-29.13
-30.91
-32.84
-34.72
-36.59
-38.51
-40.34
-42.27
-44.19
-46
-47.97
-49.83
-51.75
-53.62
-55.45
-57.44
-59.32
-61.14
-63.13
-64.97
-66.83
-68.76
-70.6
-72.52
-74.41
-75.54
-75.64
-75.65
-75.65
-75.63
-75.54
-75.62
-75.64
-75.54
-75.63
-75.64
-75.37
-73.67
-71.8
-69.76
-67.81
-65.92
-64.07
-62.14
-60.27
-58.39
-56.42
-54.61
-52.7
-50.77
-48.93
-47.02
-45.19
-43.26
-41.3
-39.5
-37.55
-35.64
-33.83
-31.85
-30.1
-28.25
-26.22
-24.39
-22.52
-20.59
-18.73
-16.75
-14.98
-13.04
-11.05
-8.91
-6.22
-3.55
-1.11
1.59
4.11
6.72
9.52
11.41
13.34
15.32
17.1
18.94
20.87
22.76
24.77
26.54
28.45
30.38
32.08
34.02
35.97
37.79
39.77
41.54
43.46
45.45
47.22
49.13
51.02
52.95
54.8
56.67
58.61
60.64
62.35
64.26
