154
66
89
197.63
191.76
189.4
202.45
179.94
172.46
183.15
179.75
169.53
193.47
182.68
176.53
188.36
192.52
181.07
194.51
200.75
191.48
184.38
199.14
188.17
169.53
182.59
176.91
166.41
178.71
186.75
186.18
192.14
194.89
190.72
192.99
206.24
207.28
189.78
216.08
213.62
201.51
213.62
216.27
198.95
181.92
200.66
183.25
183.44
189.68
187.22
178.9
197.25
187.88
174.83
201.79
202.36
188.74
195.74
205.1
183.25
189.11
206.81
174.83
172.56
199.24
190.06
169.44
176.34
187.32
165.27
169.34
176.82
173.32
175.96
879.25
910.76
893.07
6.59
2.34
-0.26
13.95
4.25
2.95
2.86
3.21
3.12
6.5
-234.27
-227.16
-231.67
-234.36
-226.04
-215.55
-229.85
-229.35
-222.92
-237.91
-230.11
-223.61
-228.64
-231.67
-216.76
-218.15
-239.3
-225.78
-219.27
-236.87
-219.79
-205.75
-220.4
-223.09
-217.97
-226.21
-231.02
-230.28
-227.25
-233.59
-231.95
-230.47
-232.51
-230.19
-225.86
-228.98
-239.21
-217.97
-208.18
-238.6
-205.32
-185.47
-210.17
-204.37
-196.22
-211.21
-210.87
-224.82
-231.76
-229.41
-239.82
-234.96
-230.89
-230.72
-211.04
-229.59
-232.88
-212.6
-224.74
-226.73
-219.19
-217.28
-214.85
-213.9
-215.55
-228.81
-214.94
-216.93
-231.58
-226.64
63.24
61.35
59.44
57.62
55.75
53.83
51.96
50.2
48.16
46.21
44.34
42.49
40.61
38.7
36.85
35.11
33.08
31.2
29.36
27.56
25.61
23.75
21.85
20.09
18.08
16.18
14.29
12.4
10.56
8.12
5.5
3.06
0.31
-2.34
-4.95
-7.48
-10.11
-12.04
-13.98
-15.78
-17.78
-19.63
-21.53
-23.39
-25.34
-27.23
-29.11
-30.93
-32.82
-34.75
-36.5
-38.48
-40.39
-42.24
-44.16
-45.97
-47.93
-49.83
-51.62
-53.62
-55.49
-57.42
-59.27
-61.15
-63.09
-64.93
-66.86
-68.73
-70.66
-72.52
-74.38
-75.61
-75.71
-75.75
-75.62
-75.75
-75.71
-75.72
-75.74
-75.62
-75.74
-75.68
-75.41
-73.64
-71.86
-69.72
-67.82
-65.92
-64.02
-62.13
-60.25
-58.38
-56.46
-54.57
-52.67
-50.74
-48.93
-46.99
-45.15
-43.23
-41.36
-39.48
-37.56
-35.62
-33.8
-31.92
-30.1
-28.19
-26.28
-24.4
-22.51
-20.57
-18.74
-16.87
-14.87
-13.04
-11.12
-8.85
-6.22
-3.55
-1.11
1.58
4.31
6.72
9.39
11.41
13.32
15.34
17.12
19
21.04
22.77
24.68
26.55
28.43
30.4
32.1
34.01
35.91
37.8
39.63
41.58
43.47
45.44
47.22
49.15
51.03
52.95
54.81
56.68
58.63
60.63
62.36
64.26
