154
66
89
214.94
203.8
204.16
210.59
211.44
206.62
201.79
208.13
198.01
181.36
193.37
172.37
176.82
195.07
186.47
164.9
176.34
175.3
168.21
181.64
174.92
175.02
193.28
207.37
199.43
204.16
207.94
185.71
196.68
207.09
206.33
179.28
186.09
190.06
183.91
218.63
222.7
194.89
197.25
191.76
198.29
203.31
213.81
213.14
193.94
191.76
215.51
183.15
194.89
198.48
186.94
195.07
194.79
181.07
188.07
185.9
190.44
196.12
211.63
197.44
190.16
201.51
200.18
185.71
204.35
215.41
199.99
199.05
201.03
185.99
191.86
911.51
950.68
943.4
2.17
2.77
0
1.39
3.12
3.9
3.12
3.64
4.59
0.43
-213.64
-208.7
-212.6
-215.98
-220.57
-210.69
-215.63
-207.83
-192.67
-206.19
-206.45
-201.07
-198.39
-208.44
-209.91
-185.13
-205.75
-204.71
-204.19
-211.56
-218.15
-213.38
-205.23
-218.23
-218.67
-202.55
-223
-228.9
-198.39
-213.73
-203.15
-179.41
-210.61
-233.92
-211.99
-209.22
-216.59
-200.73
-192.84
-212.51
-218.32
-204.71
-232.1
-219.79
-207.92
-223.7
-217.4
-206.45
-191.19
-189.98
-180.19
-174.29
-190.67
-179.06
-173.69
-191.37
-208.01
-203.15
-206.36
-215.03
-225.34
-204.02
-217.31
-233.23
-219.53
-220.48
-219.13
-209.74
-224.82
-216.64
63.36
61.47
59.57
57.7
55.82
53.91
51.96
50.28
48.2
46.31
44.45
42.58
40.65
38.78
36.9
35.14
33.15
31.26
29.41
27.6
25.65
23.79
21.88
20.13
18.09
16.22
14.33
12.43
10.53
8.14
5.52
3.01
0.28
-2.32
-4.91
-7.47
-9.96
-12.02
-13.99
-15.75
-17.74
-19.6
-21.51
-23.4
-25.31
-27.18
-29.06
-30.89
-32.8
-34.67
-36.55
-38.47
-40.38
-42.24
-44.18
-45.93
-47.91
-49.81
-51.69
-53.59
-55.48
-57.38
-59.27
-61.11
-63.04
-64.93
-66.84
-68.73
-70.63
-72.49
-74.37
-75.64
-75.77
-75.76
-75.76
-75.76
-75.77
-75.76
-75.72
-75.66
-75.75
-75.75
-75.43
-73.76
-71.96
-69.92
-67.93
-66.01
-64.16
-62.26
-60.42
-58.52
-56.6
-54.72
-52.84
-50.89
-49.04
-47.19
-45.3
-43.4
-41.5
-39.63
-37.7
-35.82
-33.94
-32.07
-30.25
-28.34
-26.44
-24.52
-22.66
-20.69
-18.84
-16.95
-15.07
-13.17
-11.27
-9.12
-6.47
-3.74
-1.28
1.43
3.97
6.48
9.3
11.29
13.18
15.18
16.98
18.84
20.75
22.65
24.66
26.43
28.32
30.26
31.94
33.9
35.77
37.63
39.48
41.39
43.34
45.3
47.06
48.98
50.88
52.75
54.68
56.55
58.44
60.5
62.23
64.13
