154
66
89
224.21
199.33
201.98
201.03
224.5
200.94
194.98
196.3
175.96
174.17
191.86
189.97
164.8
186.65
202.36
178.99
184.95
196.49
180.32
192.52
193.56
178.9
182.11
189.02
183.91
195.74
192.14
192.05
184.57
184.95
186.37
169.25
177.95
187.88
165.18
190.82
208.22
183.63
187.79
205.76
206.24
197.63
218.82
211.91
213.05
225.63
221
205.95
217.02
212.29
181.07
182.21
192.61
173.69
162.34
182.59
181.36
153.73
171.99
166.79
157.52
173.03
187.13
167.83
171.52
177.67
145.6
153.35
170.1
155.72
161.96
833.94
931.57
926.18
6.85
3.29
0.95
5.2
4.33
3.9
2.08
0.87
3.99
3.99
-202.72
-208.61
-204.19
-201.68
-211.99
-205.75
-219.45
-223.09
-210.95
-222.66
-228.12
-213.12
-216.5
-235.57
-231.15
-212.34
-230.63
-216.15
-229.68
-237.39
-232.19
-244.23
-241.17
-247.91
-246.28
-242.25
-247.15
-242.93
-241.29
-243.16
-244.32
-208.61
-234.01
-224.65
-229.94
-212.34
-204.28
-216.15
-213.38
-220.49
-226.38
-214.25
-226.38
-218.06
-213.64
-238.69
-241.46
-210.78
-227.51
-242.33
-242.25
-242.68
-240.46
-243.79
-240.48
-241.15
-245.31
-241.6
-242.08
-243.86
-245.5
-240.3
-241.82
-250.38
-241.91
-247.09
-250.75
-242.64
-243.9
-242.41
63.34
61.41
59.53
57.65
55.79
53.88
51.94
50.22
48.17
46.28
44.41
42.52
40.61
38.71
36.85
34.95
33.11
31.22
29.35
27.54
25.64
23.72
21.85
19.93
18.05
16.16
14.28
12.41
10.54
8.11
5.45
2.82
0.26
-2.38
-4.93
-7.51
-10.13
-12.06
-14.02
-15.77
-17.79
-19.64
-21.56
-23.44
-25.35
-27.23
-29.12
-31.06
-32.85
-34.74
-36.62
-38.5
-40.41
-42.27
-44.22
-46
-47.97
-49.88
-51.77
-53.62
-55.52
-57.42
-59.3
-61.14
-63.09
-64.97
-66.85
-68.79
-70.68
-72.51
-74.49
-75.75
-75.88
-75.86
-75.78
-75.86
-75.87
-75.86
-75.87
-75.78
-75.85
-75.85
-75.53
-73.79
-71.99
-69.95
-67.99
-66.05
-64.25
-62.34
-60.47
-58.57
-56.67
-54.78
-52.88
-51.01
-49.1
-47.22
-45.34
-43.43
-41.57
-39.67
-37.77
-35.87
-34.01
-32.17
-30.3
-28.44
-26.46
-24.57
-22.68
-20.82
-18.89
-17
-15.13
-13.23
-11.31
-9.15
-6.49
-3.79
-1.4
1.28
3.91
6.53
9.09
11.23
13.15
15.13
16.92
18.8
20.66
22.61
24.47
26.39
28.25
30.21
31.9
33.84
35.72
37.6
39.44
41.36
43.28
45.26
47.06
48.98
50.98
52.72
54.64
56.51
58.41
60.44
62.19
64.08
