154
66
89
189.68
198.01
181.74
191.1
215.23
197.63
190.72
180.88
169.82
184.57
184.76
187.79
190.91
194.6
212.01
200.85
206.43
216.36
192.33
203.49
199.9
188.55
204.25
198.86
195.26
205.86
206.52
201.98
191.57
209.27
201.89
189.87
201.6
193.66
197.53
219.96
211.54
203.78
212.77
207.37
214.94
216.83
215.41
212.29
207.66
217.21
215.98
187.32
203.31
197.34
184.95
196.4
201.22
188.93
199.8
200.09
201.22
213.24
208.41
207.56
205.86
212.2
211.44
198.01
213.24
200.66
184.48
189.49
191.29
188.45
192.33
986.63
948.88
941.88
11.44
3.55
-0.43
4.59
-1.04
5.72
5.2
0.78
6.93
2.77
-209.22
-215.81
-207.05
-207.4
-214.77
-217.02
-220.05
-226.04
-205.06
-198.65
-210
-207.31
-201.42
-208.79
-210.87
-193.62
-198.3
-201.42
-212.69
-202.55
-211.91
-230.46
-224.3
-226.73
-220.61
-231.93
-232.71
-227.77
-219.19
-226.9
-220.57
-204.63
-228.81
-218.7
-225.78
-214.16
-207.31
-215.46
-207.31
-202.63
-220.14
-210.26
-207.57
-203.07
-206.36
-213.47
-215.2
-204.37
-202.72
-206.36
-213.9
-204.11
-197.26
-193.79
-196.83
-197.17
-189.63
-185.3
-197
-193.27
-204.54
-205.23
-197
-218.85
-230.54
-227.86
-221.34
-221.7
-221.96
-218.67
63.31
61.44
59.52
57.65
55.94
53.86
51.96
50.07
48.15
46.26
44.37
42.53
40.75
38.72
36.85
34.96
33.08
31.2
29.36
27.5
25.73
23.74
21.84
19.94
18.05
16.2
14.29
12.37
10.61
8.12
5.49
2.8
0.26
-2.36
-5
-7.53
-10.03
-12.06
-14.03
-15.89
-17.76
-19.66
-21.55
-23.44
-25.29
-27.23
-29.12
-31.03
-32.86
-34.73
-36.59
-38.51
-40.33
-42.27
-44.2
-46.07
-47.95
-49.88
-51.73
-53.65
-55.47
-57.45
-59.31
-61.17
-63.1
-64.98
-66.9
-68.77
-70.61
-72.55
-74.44
-75.64
-75.65
-75.66
-75.66
-75.68
-75.56
-75.65
-75.65
-75.67
-75.65
-75.62
-75.35
-73.81
-71.99
-69.99
-68.02
-66.13
-64.23
-62.31
-60.47
-58.57
-56.61
-54.75
-52.89
-51.01
-49.12
-47.23
-45.36
-43.46
-41.47
-39.72
-37.8
-35.89
-34
-32.14
-30.28
-28.43
-26.41
-24.58
-22.69
-20.84
-18.9
-17.02
-15.15
-13.22
-11.24
-9.18
-6.52
-3.97
-1.39
1.33
3.89
6.48
9.25
11.23
13.14
15.03
16.91
18.8
20.68
22.59
24.6
26.36
28.25
30.08
31.92
33.87
35.7
37.61
39.58
41.37
43.29
45.26
47.05
48.94
50.85
52.74
54.78
56.5
58.37
60.41
62.19
64.08
