154
66
89
234.28
230.95
231
232.2
229.98
231.78
225.89
226.31
210.68
227.33
225.16
219.01
236.04
226.19
230.93
236.13
230.33
226.98
226.15
229.67
228.73
206.33
222.79
216.93
202.64
202.36
229.42
204.44
188.36
212.2
203.87
193.37
214.37
209.55
189.21
210.02
219.77
200.09
217.02
225.63
205.48
207.66
228.66
209.74
202.93
212.29
204.82
203.97
214.47
211.44
204.53
220.9
228.04
185.71
198.76
212.1
189.97
209.17
213.71
200.94
207.28
231.4
219.67
216.83
227.62
203.97
192.14
181.64
211.35
183.34
184.48
649.37
941.98
921.83
5.46
0.78
2.08
4.07
0.95
2.69
0.52
0.87
3.12
-0.69
-148.73
-187.55
-192.41
-191.37
-186.77
-202.46
-214.07
-202.46
-199.86
-202.89
-191.63
-182.79
-198.73
-201.33
-187.81
-194.49
-206.62
-215.55
-218.58
-221.01
-215.11
-205.23
-200.9
-204.8
-197.61
-178.37
-199.34
-188.77
-187.29
-193.88
-197.43
-191.37
-195.01
-190.76
-182.35
-183.31
-188.68
-185.65
-172.82
-188.85
-192.49
-171.43
-184.69
-195.09
-191.89
-179.49
-194.57
-195.27
-202.2
-215.29
-212.08
-226.12
-214.6
-229.94
-229.5
-231.06
-231.06
-216.67
-229.33
-221.18
-219.71
-227.08
-214.31
-230.11
-215.09
-217.2
-213.62
-218.95
-222.16
-220.21
63.2
61.48
59.41
57.56
55.83
53.77
51.91
50.13
48.1
46.37
44.32
42.45
40.75
38.68
36.82
35.09
33.08
31.3
29.33
27.5
25.7
23.68
21.81
19.9
18.05
16.29
14.27
12.34
10.58
8.06
5.41
2.92
0.23
-2.27
-5.02
-7.56
-10.05
-12.05
-13.98
-15.82
-17.78
-19.56
-21.57
-23.44
-25.27
-27.24
-29.18
-31.03
-32.86
-34.73
-36.62
-38.52
-40.33
-42.32
-44.21
-46.08
-47.99
-49.83
-51.76
-53.65
-55.49
-57.43
-59.32
-61.24
-63.09
-65.01
-66.9
-68.79
-70.67
-72.54
-74.42
-75.52
-75.55
-75.46
-75.55
-75.54
-75.47
-75.54
-75.56
-75.6
-75.56
-75.45
-75.27
-73.72
-71.81
-69.83
-67.88
-66.01
-64.14
-62.19
-60.39
-58.49
-56.55
-54.74
-52.81
-50.95
-49.09
-47.15
-45.31
-43.42
-41.46
-39.69
-37.73
-35.88
-33.97
-32.04
-30.28
-28.42
-26.39
-24.58
-22.69
-20.84
-18.92
-16.95
-15.15
-13.25
-11.21
-9.14
-6.52
-3.99
-1.38
1.46
3.89
6.44
9.28
11.24
13.13
14.98
16.94
18.93
20.67
22.54
24.56
26.33
28.22
30.05
31.91
33.86
35.7
37.58
39.56
41.37
43.29
45.26
46.98
49.06
50.84
52.76
54.75
56.47
58.41
60.41
62.17
64.22
