154
66
89
196.3
190.91
170.1
186.84
194.51
164.8
166.6
172.75
159.79
156.48
167.64
161.4
164.61
170.86
167.45
149.38
165.27
166.31
147.11
165.37
178.42
172.46
171.52
179.46
171.52
160.45
177.01
178.9
167.36
180.41
184.95
154.68
169.63
182.4
155.25
183.44
189.11
186.47
165.46
172.46
181.83
160.45
181.45
181.74
166.41
179.18
192.43
165.84
159.41
166.6
164.9
168.4
175.3
160.73
153.35
167.83
168.49
151.93
170.38
176.72
152.31
163.57
175.59
168.59
154.11
177.57
174.26
149.85
174.64
162.34
156.29
499.23
899.5
885.31
3.99
4.77
3.81
2.25
-1.39
3.38
0.17
3.55
5.55
1.91
-133.73
-178.8
-182.79
-164.24
-178.02
-201.68
-172.04
-182.53
-182.7
-163.81
-176.37
-181.66
-164.67
-161.21
-171.09
-173.69
-164.76
-162.59
-174.12
-169.87
-176.89
-202.98
-184
-202.46
-218.06
-191.37
-201.33
-203.33
-191.54
-201.16
-200.21
-193.45
-192.06
-205.06
-207.75
-189.37
-182.35
-191.71
-173.34
-187.03
-183.74
-189.29
-181.83
-185.13
-188.77
-183.74
-203.5
-191.71
-169.09
-179.93
-196.31
-163.29
-172.21
-173.08
-174.38
-173.51
-170.39
-192.49
-176.98
-191.54
-187.9
-179.75
-188.94
-193.19
-193.53
-193.53
-207.49
-193.1
-183.48
-192.84
63.16
61.42
59.33
57.52
55.81
53.73
51.87
50.12
48.07
46.32
44.3
42.44
40.65
38.64
36.73
35.02
33.03
31.13
29.29
27.48
25.71
23.68
21.8
20.02
17.99
16.25
14.22
12.33
10.56
8.04
5.38
2.92
0.23
-2.28
-5.03
-7.56
-10.07
-12.12
-14.05
-15.84
-17.8
-19.61
-21.64
-23.47
-25.31
-27.25
-29.14
-31
-32.91
-34.69
-36.65
-38.57
-40.39
-42.36
-44.24
-46.03
-48.02
-49.91
-51.78
-53.67
-55.52
-57.45
-59.37
-61.19
-63.15
-64.96
-66.9
-68.83
-70.66
-72.59
-74.48
-75.71
-75.81
-75.72
-75.81
-75.84
-75.71
-75.84
-75.81
-75.75
-75.85
-75.74
-75.5
-73.74
-71.84
-69.82
-67.83
-65.94
-64.11
-62.18
-60.33
-58.45
-56.48
-54.61
-52.77
-50.82
-48.97
-47.11
-45.24
-43.29
-41.37
-39.56
-37.62
-35.67
-33.87
-32
-30.16
-28.28
-26.31
-24.47
-22.56
-20.63
-18.76
-16.89
-15.04
-13.1
-11.1
-8.99
-6.33
-3.62
-1.21
1.64
4.03
6.64
9.46
11.37
13.24
15.27
17.07
18.91
20.81
22.71
24.73
26.49
28.36
30.35
32.06
34.08
35.84
37.72
39.69
41.49
43.43
45.4
47.15
49.2
50.95
52.88
54.91
56.62
58.54
60.57
62.33
64.38
