154
66
89
215.08
216.05
230.08
217.63
217.52
228.28
215.98
228.28
212.77
225.92
229.23
225.44
210.87
212.29
208.79
195.55
213.62
197.25
178.23
185.05
199.43
185.61
197.53
194.41
203.68
197.16
203.59
196.21
207.28
207.85
209.08
192.99
201.98
194.03
188.07
211.63
224.69
201.32
205.39
202.74
207.75
207.94
214.75
226.01
214.75
219.96
221.09
209.17
218.25
223.08
206.33
212.29
206.24
201.03
199.52
196.87
207.66
192.05
195.26
181.92
178.8
190.34
193.56
166.6
176.91
182.68
152.12
159.6
183.53
165.56
165.27
594.31
918.04
906.12
1.04
6.5
3.9
7.02
4.16
6.76
3.29
4.33
4.59
6.5
-200.81
-187.81
-188.94
-186.25
-182.87
-185.21
-191.89
-210.52
-195.96
-195.27
-200.81
-202.46
-189.29
-206.36
-197.17
-191.71
-206.53
-199.77
-214.59
-217.37
-229.24
-213.54
-209.65
-231.15
-229.94
-200.29
-213.21
-211.3
-183.65
-192.58
-211.21
-190.5
-189.2
-192.23
-207.92
-191.71
-194.83
-200.81
-185.56
-204.71
-197.52
-188.94
-195.18
-193.45
-192.75
-193.1
-208.35
-188.07
-176.89
-184
-201.42
-181.14
-191.54
-205.41
-202.81
-201.25
-206.88
-214.16
-214.85
-225.78
-214.71
-224.39
-223.26
-215.32
-213.52
-214.58
-212.87
-222.92
-227.51
-212.17
63.09
61.21
59.29
57.45
55.72
53.66
51.76
50.01
47.93
46.18
44.13
42.25
40.5
38.49
36.61
34.89
32.87
31.09
29.13
27.29
25.54
23.47
21.59
19.82
17.85
16.05
14.06
12.12
10.4
7.78
5.13
2.67
-0.09
-2.55
-5.26
-7.86
-10.3
-12.31
-14.23
-16.12
-18.01
-19.77
-21.79
-23.66
-25.47
-27.45
-29.33
-31.26
-33.09
-34.88
-36.85
-38.78
-40.56
-42.51
-44.44
-46.26
-48.19
-50.12
-51.98
-53.86
-55.71
-57.65
-59.55
-61.41
-63.35
-65.14
-67.14
-69
-70.83
-72.77
-74.65
-75.68
-75.79
-75.71
-75.81
-75.79
-75.71
-75.81
-75.81
-75.69
-75.81
-75.69
-75.5
-73.79
-71.87
-69.86
-67.89
-65.96
-64.13
-62.23
-60.35
-58.49
-56.51
-54.69
-52.78
-50.86
-49
-47.12
-45.29
-43.34
-41.41
-39.6
-37.64
-35.7
-33.89
-31.94
-30.18
-28.33
-26.31
-24.45
-22.59
-20.65
-18.79
-16.83
-15.03
-13.12
-11.14
-8.98
-6.36
-3.69
-1.24
1.59
4.05
6.59
9.39
11.31
13.26
15.27
17.07
18.97
20.78
22.71
24.7
26.46
28.35
30.3
31.98
34.05
35.82
37.7
39.71
41.46
43.37
45.32
47.14
49.06
50.98
52.83
54.86
56.6
58.5
60.53
62.28
64.36
