154
66
89
205.26
204.69
218.35
202.73
203.58
214.37
219.48
202.76
185.8
206.62
202.55
176.25
183.06
183.44
176.44
184.29
194.7
185.33
174.07
192.14
188.26
176.25
195.45
198.76
187.79
185.99
197.16
195.74
190.25
208.41
213.62
185.8
200.28
187.79
183.34
199.9
217.59
181.45
202.83
195.45
199.8
186.37
213.9
204.72
181.26
205.76
212.29
193.28
203.49
196.87
164.04
184.01
196.78
168.11
166.41
179.18
172.46
168.02
183.25
170
169.72
185.24
193.37
174.55
195.36
208.04
183.82
197.16
188.83
180.88
171.23
904.99
879.44
856.74
5.37
4.68
10.83
11.53
4.51
5.46
12.31
4.59
7.89
7.45
-165.45
-194.75
-205.15
-205.93
-204.45
-189.37
-188.33
-197.78
-199.08
-168.75
-165.45
-171.26
-155.05
-164.76
-161.21
-170.74
-157.91
-169.7
-173.43
-171.78
-176.89
-183.65
-183.05
-202.46
-201.77
-176.98
-185.65
-205.58
-178.54
-179.23
-199.69
-208.61
-203.67
-211.82
-223.52
-198.73
-195.09
-185.82
-185.3
-188.94
-201.68
-199.77
-186.86
-189.03
-185.91
-176.03
-201.94
-184.52
-174.47
-192.23
-180.62
-169.44
-172.04
-183.39
-190.15
-184.87
-176.63
-180.53
-169.79
-168.75
-184.61
-182.27
-179.58
-191.89
-186.17
-191.97
-205.23
-199.43
-189.63
-211.73
63.19
61.29
59.52
57.55
55.8
53.72
51.83
50.08
48.03
46.14
44.4
42.35
40.63
38.6
36.69
34.98
32.96
31.04
29.37
27.38
25.62
23.57
21.7
19.94
17.89
16.05
14.29
12.25
10.49
7.94
5.28
2.74
0.1
-2.58
-5
-7.73
-10.17
-12.22
-14.12
-15.9
-17.92
-19.78
-21.6
-23.54
-25.47
-27.34
-29.26
-31.06
-32.99
-34.86
-36.78
-38.65
-40.48
-42.44
-44.32
-46.13
-48.11
-50.01
-51.87
-53.77
-55.66
-57.55
-59.44
-61.28
-63.21
-65.1
-66.91
-68.95
-70.77
-72.66
-74.56
-75.26
-75.35
-75.37
-75.27
-75.37
-75.27
-75.37
-75.36
-75.26
-75.35
-75.36
-75.07
-73.72
-71.79
-69.78
-67.82
-65.94
-64.08
-62.18
-60.26
-58.43
-56.48
-54.66
-52.77
-50.86
-49
-47.12
-45.2
-43.36
-41.45
-39.61
-37.67
-35.75
-33.94
-32.04
-30.14
-28.37
-26.44
-24.52
-22.61
-20.69
-18.84
-17
-15.11
-13.2
-11.24
-9.11
-6.45
-3.76
-1.28
1.34
3.95
6.53
9.38
11.29
13.17
15.14
16.95
18.83
20.83
22.62
24.63
26.39
28.32
30.25
31.94
33.87
35.88
37.63
39.62
41.41
43.29
45.29
47.06
48.97
51.02
52.79
54.81
56.57
58.44
60.47
62.23
64.12
