154
66
89
198.2
192.61
198.2
200.18
188.74
193.37
204.16
177.57
178.99
205.2
180.03
171.8
205.95
194.22
175.11
187.88
191.48
180.13
177.1
199.71
193.66
180.69
194.79
189.97
177.38
187.51
191.01
181.36
209.74
192.8
185.8
199.05
197.91
191.57
192.9
215.98
211.54
195.36
212.95
220.9
193.66
206.99
213.71
200.18
211.82
199.52
182.97
195.17
199.24
188.74
178.23
206.71
209.74
175.59
186.56
184.57
185.8
170.95
177.48
185.61
177.57
180.79
180.22
188.93
184.19
178.23
177.57
182.11
189.97
177.67
175.96
712.56
885.69
874.24
2.6
1.04
0.09
5.63
3.64
4.94
-0.17
0.35
3.73
2.95
-208.79
-198.82
-212.77
-203.59
-198.13
-204.8
-202.29
-200.12
-190.67
-181.57
-183.91
-187.9
-197.95
-186.86
-198.65
-217.45
-209.13
-215.72
-224.65
-232.19
-196.57
-206.01
-229.85
-208.09
-213.64
-231.41
-214.64
-218.06
-223.78
-213.04
-227.77
-220.57
-230.28
-208.35
-199.25
-199.51
-188.16
-191.8
-195.27
-199.86
-186.69
-187.64
-195.35
-179.32
-180.79
-192.84
-189.29
-192.58
-201.85
-203.24
-203.59
-208.27
-210
-205.84
-203.76
-204.8
-206.79
-192.84
-225.52
-202.37
-204.11
-229.42
-215.2
-209.39
-225.34
-223.18
-212.69
-206.97
-220.23
-209.39
63.25
61.38
59.5
57.64
55.73
53.79
51.96
50.2
48.17
46.3
44.36
42.51
40.8
38.73
36.83
35.14
33.13
31.21
29.4
27.55
25.77
23.76
21.88
20.12
18.09
16.22
14.3
12.43
10.67
8.13
5.54
3.07
0.32
-2.32
-4.91
-7.43
-9.99
-12.02
-13.96
-15.75
-17.75
-19.58
-21.51
-23.4
-25.21
-27.18
-29.1
-30.89
-32.79
-34.71
-36.58
-38.47
-40.33
-42.24
-44.19
-45.97
-47.93
-49.83
-51.72
-53.59
-55.42
-57.38
-59.28
-61.13
-63.08
-64.94
-66.82
-68.76
-70.64
-72.49
-74.38
-75.88
-75.89
-75.9
-75.9
-75.89
-75.9
-75.9
-75.88
-75.8
-75.88
-75.87
-75.45
-73.64
-71.82
-69.72
-67.8
-65.84
-64.04
-62.12
-60.24
-58.37
-56.47
-54.56
-52.67
-50.74
-48.9
-47.01
-45.15
-43.25
-41.34
-39.49
-37.54
-35.63
-33.77
-31.91
-30.12
-28.19
-26.25
-24.38
-22.48
-20.49
-18.71
-16.81
-14.93
-13
-11
-8.83
-6.16
-3.53
-1.05
1.6
4.18
6.8
9.57
11.45
13.36
15.35
17.14
19.01
20.92
22.77
24.69
26.73
28.48
30.4
32.14
34.08
35.91
37.81
39.7
41.58
43.46
45.47
47.26
49.14
51.07
52.97
54.98
56.73
58.63
60.66
62.39
64.3
