154
66
89
219.4
218.91
215.29
220.59
216.99
228.75
213.7
212.57
182.78
201.7
208.32
185.9
187.6
194.13
185.99
182.59
197.25
204.35
188.93
204.82
212.2
177.48
197.72
211.35
198.86
198.57
205.2
201.13
193.84
203.78
190.25
188.07
196.4
218.54
176.44
187.7
196.78
171.8
182.4
194.51
188.64
186.84
191.86
200.28
192.33
201.13
207.56
213.24
217.87
212.76
226.67
212.97
216.45
211.25
204.82
218.35
204.72
192.24
210.68
212.39
172.56
183.63
201.89
203.78
206.43
220.81
225.54
221.19
233.77
215.13
203.02
957.4
955.98
945.57
3.73
1.39
3.38
0.43
3.12
2.51
4.25
2.34
-5.2
2.86
-215.29
-233.06
-243.37
-246.75
-222.77
-222.25
-217.8
-226.21
-206.71
-183.31
-207.31
-205.58
-219.79
-233.14
-209.39
-217.97
-232.02
-221.12
-221.08
-225.3
-227.49
-221.14
-207.57
-222.46
-234.7
-190.24
-213.64
-209.39
-195.87
-201.68
-183.91
-194.83
-189.72
-197.17
-195.35
-191.45
-209.31
-218.58
-187.38
-202.11
-206.27
-180.88
-200.73
-192.58
-174.81
-193.53
-226.73
-207.83
-204.19
-217.8
-208.87
-206.36
-223.44
-205.23
-181.4
-182.7
-182.79
-198.13
-195.7
-187.81
-210.78
-223.18
-215.11
-216.5
-231.32
-224.87
-223.89
-222.87
-229.37
-224.41
63.16
61.28
59.33
57.51
55.8
53.74
51.86
50.1
48.06
46.16
44.27
42.41
40.65
38.66
36.75
35.02
33.04
31.13
29.3
27.44
25.67
23.64
21.77
20
17.98
16.12
14.34
12.32
10.56
8.03
5.4
2.92
0.21
-2.42
-5.05
-7.59
-10.06
-12.16
-14.05
-15.82
-17.84
-19.69
-21.51
-23.47
-25.34
-27.27
-29.16
-30.98
-32.89
-34.79
-36.55
-38.56
-40.41
-42.35
-44.27
-46.03
-48.04
-49.93
-51.72
-53.66
-55.53
-57.49
-59.37
-61.2
-63.15
-65.01
-66.87
-68.81
-70.66
-72.61
-74.49
-75.57
-75.58
-75.6
-75.47
-75.56
-75.47
-75.56
-75.56
-75.49
-75.58
-75.6
-75.26
-73.77
-71.91
-69.86
-67.94
-65.99
-64.18
-62.28
-60.43
-58.56
-56.57
-54.76
-52.9
-50.95
-49.11
-47.25
-45.3
-43.47
-41.53
-39.71
-37.79
-35.86
-34.02
-32.12
-30.24
-28.49
-26.48
-24.6
-22.74
-20.78
-18.93
-17.08
-15.2
-13.28
-11.27
-9.23
-6.56
-3.9
-1.4
1.23
3.83
6.42
9.25
11.18
13.07
15.08
16.87
18.73
20.61
22.5
24.53
26.32
28.22
30.12
31.88
33.8
35.64
37.55
39.54
41.33
43.25
45.06
46.91
48.89
50.79
52.69
54.73
56.45
58.37
60.37
62.09
64.05
