154
66
89
219.96
194.41
201.98
224.5
218.54
190.72
196.21
195.45
185.9
198.29
193.66
173.41
198.29
197.34
182.3
188.26
201.7
194.41
191.29
199.24
194.32
186.37
204.82
192.33
189.02
203.31
189.49
194.98
198.1
208.89
186.75
184.38
198.39
186.47
192.99
197.82
180.98
173.13
187.41
188.36
183.34
184.76
193.75
180.03
179.09
193.84
182.49
183.72
198.67
194.79
178.33
196.78
197.53
180.51
185.33
203.59
190.53
189.68
189.4
184.76
180.79
191.01
188.93
188.64
207.37
200.56
173.88
197.91
186.37
185.61
191.29
919.65
896.57
885.59
4.51
3.55
3.29
4.59
0.43
0.69
2.6
-3.64
-1.04
2.6
-204.89
-210.26
-217.8
-216.85
-206.01
-205.84
-209.74
-209.74
-194.75
-205.49
-201.77
-209.74
-210.61
-217.71
-212.86
-219.01
-213.29
-218.15
-227.94
-222.92
-225
-220.33
-225.52
-223.61
-215.46
-198.47
-191.71
-195.01
-189.89
-195.79
-200.64
-201.25
-198.91
-213.9
-215.29
-212.6
-207.23
-223
-210.17
-213.9
-230.2
-216.93
-209.65
-201.77
-212.25
-220.57
-212.43
-208.18
-197.52
-200.81
-202.55
-190.07
-186.86
-191.97
-195.96
-195.53
-209.31
-214.77
-218.58
-220.4
-220.9
-230.46
-232.36
-222.78
-219.01
-232.8
-224.75
-229.85
-222.57
-219.27
63.25
61.29
59.46
57.6
55.7
53.76
51.89
50
48.07
46.22
44.31
42.41
40.68
38.65
36.76
35.02
33.03
31.09
29.3
27.44
25.7
23.63
21.77
19.98
17.99
16.12
14.19
12.33
10.54
7.97
5.34
2.71
0.17
-2.49
-5.04
-7.63
-10.21
-12.14
-14.05
-15.97
-17.88
-19.71
-21.64
-23.54
-25.34
-27.27
-29.22
-30.99
-32.94
-34.83
-36.71
-38.58
-40.4
-42.37
-44.28
-46.1
-48.06
-49.94
-51.85
-53.72
-55.55
-57.52
-59.41
-61.3
-63.18
-65.07
-66.95
-68.83
-70.77
-72.63
-74.5
-75.44
-75.44
-75.44
-75.44
-75.44
-75.34
-75.45
-75.43
-75.44
-75.44
-75.46
-75.15
-73.62
-71.76
-69.71
-67.78
-65.84
-64.02
-62.11
-60.26
-58.4
-56.45
-54.61
-52.73
-50.87
-48.97
-47.07
-45.24
-43.34
-41.33
-39.58
-37.62
-35.77
-33.89
-32.01
-30.16
-28.28
-26.37
-24.45
-22.6
-20.73
-18.81
-16.91
-15.07
-13.15
-11.13
-9.03
-6.45
-3.69
-1.25
1.45
4.01
6.62
9.4
11.32
13.21
15.23
17
18.89
20.78
22.65
24.72
26.46
28.34
30.11
32.01
33.94
35.8
37.7
39.51
41.43
43.39
45.22
47.08
49.05
50.89
52.83
54.9
56.59
58.49
60.55
62.28
64.2
