154
66
89
187.22
188.64
193.94
205.1
180.6
199.9
194.89
187.03
195.07
199.05
201.32
200.37
205.29
201.51
184.76
192.05
195.64
173.98
189.97
194.51
180.69
181.17
188.64
175.78
183.82
191.76
187.41
178.05
188.36
190.25
178.23
191.38
195.83
177.67
192.61
199.14
201.7
201.22
203.4
208.98
185.8
196.12
204.72
179.09
191.1
178.05
174.36
194.41
203.21
184.29
180.79
208.04
212.1
180.51
207.94
212.29
175.3
181.17
191.76
168.77
161.3
182.3
172.37
154.87
161.4
167.45
153.83
168.21
182.02
186.28
169.34
917.38
912.46
898.08
4.07
11.27
7.45
6.59
4.68
8.15
7.89
6.67
7.45
6.5
-190.24
-203.76
-184.69
-187.29
-187.81
-190.33
-185.47
-194.14
-197.09
-202.63
-194.14
-197.52
-220.05
-201.07
-200.9
-201.33
-215.63
-194.23
-197.43
-213.99
-197.09
-194.14
-200.03
-210.87
-194.75
-200.38
-213.21
-204.11
-212.69
-221.61
-218.67
-225.69
-219.45
-208.44
-208.35
-199.08
-185.47
-195.27
-189.63
-181.57
-176.89
-176.03
-178.71
-177.5
-176.98
-188.51
-188.25
-188.77
-203.76
-206.62
-208.01
-223.09
-205.67
-212.43
-217.71
-207.75
-209.13
-212.95
-212.77
-198.91
-206.45
-214.77
-205.58
-202.72
-210.61
-198.56
-187.81
-209.13
-207.57
-206.88
63.23
61.35
59.45
57.61
55.85
53.82
51.93
50.02
48.14
46.24
44.37
42.48
40.73
38.71
36.85
35.11
33.09
31.21
29.37
27.5
25.78
23.75
21.84
19.95
18.05
16.18
14.32
12.38
10.63
8.11
5.5
2.88
0.29
-2.35
-4.96
-7.53
-10.14
-12.06
-13.99
-15.88
-17.77
-19.63
-21.52
-23.4
-25.23
-27.25
-29.1
-30.91
-32.85
-34.73
-36.58
-38.48
-40.34
-42.27
-44.17
-45.96
-47.97
-49.87
-51.71
-53.65
-55.45
-57.41
-59.31
-61.21
-63.07
-64.97
-66.88
-68.75
-70.63
-72.53
-74.42
-75.7
-75.71
-75.68
-75.7
-75.69
-75.61
-75.71
-75.72
-75.58
-75.7
-75.7
-75.39
-73.67
-71.82
-69.76
-67.84
-65.91
-64.06
-62.11
-60.26
-58.4
-56.47
-54.63
-52.7
-50.83
-48.94
-47.02
-45.18
-43.26
-41.32
-39.5
-37.57
-35.62
-33.82
-31.93
-30.1
-28.23
-26.21
-24.39
-22.53
-20.53
-18.75
-16.87
-14.97
-13.05
-11.04
-8.87
-6.24
-3.69
-1.1
1.56
4.17
6.77
9.53
11.35
13.33
15.19
17.1
18.98
20.86
22.74
24.76
26.55
28.44
30.38
32.13
34.02
35.88
37.81
39.78
41.58
43.46
45.42
47.19
49.15
51.02
52.93
54.95
56.73
58.61
60.62
62.37
64.29
