154
66
89
204.4
203.45
209.27
202.08
204.44
204.63
209.64
217.21
192.14
202.17
216.17
196.3
190.25
206.99
207.56
189.02
202.55
204.25
185.05
185.14
183.72
178.61
177.86
194.03
169.53
165.75
187.7
180.51
169.25
195.07
195.64
163.95
185.33
195.55
163.1
197.06
213.62
205.1
193.75
203.68
199.8
188.26
209.17
198.57
184.95
193.56
200.28
171.42
174.55
186.18
159.22
169.63
173.88
166.41
167.26
187.03
180.69
180.13
191.48
198.1
186.84
204.06
224.87
204.25
190.44
207.18
184.67
174.45
193.37
186.09
173.03
634.42
950.59
936.21
-0.26
2.17
7.11
2.25
-0.09
4.51
5.98
2.6
1.3
3.12
-161.03
-174.73
-182.27
-184.26
-190.41
-200.99
-208.09
-212.43
-209.22
-184.87
-181.23
-174.73
-159.56
-163.55
-162.33
-160.25
-159.04
-155.49
-164.85
-166.41
-169.35
-183.22
-172.21
-182.53
-177.33
-169.09
-188.59
-199.86
-175.94
-184.78
-178.54
-177.07
-184.43
-191.63
-202.46
-182.79
-169.01
-167.71
-168.05
-165.8
-173.51
-163.98
-161.81
-162.51
-164.41
-165.28
-180.71
-170.39
-160.95
-164.67
-167.97
-177.33
-178.63
-188.77
-182.87
-177.41
-185.82
-188.85
-186.86
-193.53
-199.51
-184.61
-193.71
-195.35
-199.51
-194.92
-208.61
-207.23
-206.1
-208.35
63.34
61.45
59.69
57.69
56
53.93
52.03
50.3
48.24
46.35
44.47
42.55
40.67
38.8
36.96
35.19
33.19
31.29
29.43
27.63
25.86
23.83
21.95
20.2
18.18
16.4
14.39
12.51
10.76
8.27
5.66
3.15
0.47
-2.08
-4.8
-7.34
-9.82
-11.94
-13.86
-15.68
-17.63
-19.53
-21.51
-23.29
-25.13
-27.1
-28.99
-30.85
-32.75
-34.6
-36.5
-38.37
-40.22
-42.14
-44.09
-45.87
-47.84
-49.72
-51.6
-53.52
-55.34
-57.31
-59.16
-61.02
-62.99
-64.85
-66.77
-68.66
-70.53
-72.42
-74.29
-75.33
-75.41
-75.41
-75.33
-75.45
-75.31
-75.42
-75.42
-75.33
-75.4
-75.43
-75.1
-73.61
-71.69
-69.68
-67.74
-65.85
-64.01
-62.13
-60.23
-58.35
-56.43
-54.59
-52.71
-50.78
-48.94
-46.99
-45.19
-43.28
-41.33
-39.56
-37.62
-35.67
-33.87
-31.93
-30.15
-28.3
-26.29
-24.47
-22.58
-20.63
-18.76
-16.92
-15.04
-13.12
-11.09
-9
-6.37
-3.68
-1.17
1.43
4.27
6.67
9.44
11.33
13.27
15.22
17.03
18.9
20.8
22.71
24.69
26.49
28.29
30.28
32.04
34.07
35.81
37.7
39.69
41.49
43.41
45.39
47.12
49.05
50.96
52.86
54.89
56.59
58.53
60.53
62.26
64.2
