154
66
89
187.22
159.31
171.71
188.36
180.22
172.75
181.92
187.13
178.52
191.29
197.34
177.95
187.32
195.74
179.28
177.67
186.28
180.69
167.83
181.36
186.47
178.33
188.07
189.4
179.65
185.42
191.1
187.03
192.43
199.99
188.07
181.26
204.63
200.56
189.87
221.75
220.62
202.17
214
215.89
192.61
198.39
221.19
196.12
194.32
198.1
194.22
177.86
177.01
178.23
160.54
177.67
180.22
166.03
182.11
189.49
180.6
187.13
193.28
186.09
180.98
206.52
202.83
170.29
189.78
196.68
155.15
157.23
169.63
171.23
170.67
944.91
921.92
910.38
1.39
7.45
2.69
7.71
1.21
1.56
4.59
3.64
4.94
-0.52
-213.21
-200.47
-200.47
-207.4
-219.71
-213.81
-225.34
-228.72
-225.86
-211.3
-214.59
-213.73
-206.45
-221.88
-215.2
-203.15
-202.03
-199.95
-197.09
-204.8
-202.81
-221.61
-208.01
-228.2
-213.41
-225.95
-215.91
-213.72
-212.22
-215.43
-216.12
-212.37
-213.78
-214.67
-213.59
-227.16
-210.17
-220.83
-201.25
-212.51
-208.44
-190.76
-195.53
-187.38
-176.11
-196.83
-201.94
-180.45
-193.88
-185.91
-192.93
-184.87
-186.69
-188.68
-182.87
-184.78
-187.55
-181.66
-177.67
-191.28
-183.39
-179.32
-175.85
-180.27
-167.79
-179.49
-184.69
-155.49
-180.36
-183.48
63.08
61.17
59.26
57.44
55.68
53.64
51.73
50.01
47.94
46.07
44.16
42.28
40.49
38.5
36.58
34.86
32.82
30.95
29.15
27.27
25.51
23.47
21.58
19.8
17.78
15.93
14.05
12.12
10.38
7.77
5.09
2.66
-0.02
-2.7
-5.26
-7.87
-10.29
-12.32
-14.24
-16.02
-18.02
-19.9
-21.78
-23.68
-25.51
-27.47
-29.37
-31.26
-33.1
-34.99
-36.85
-38.76
-40.58
-42.55
-44.44
-46.24
-48.23
-50.12
-52.02
-53.89
-55.69
-57.65
-59.55
-61.48
-63.34
-65.23
-67.11
-69.05
-70.87
-72.78
-74.66
-75.68
-75.69
-75.71
-75.7
-75.68
-75.68
-75.68
-75.68
-75.71
-75.71
-75.7
-75.39
-73.78
-71.95
-69.89
-67.93
-66.04
-64.18
-62.23
-60.36
-58.49
-56.6
-54.69
-52.81
-50.92
-49
-47.13
-45.29
-43.34
-41.46
-39.6
-37.65
-35.78
-33.9
-32.04
-30.21
-28.31
-26.33
-24.52
-22.63
-20.76
-18.83
-16.92
-15.07
-13.14
-11.13
-9.02
-6.37
-3.82
-1.23
1.43
4
6.61
9.38
11.34
13.23
15.24
17.03
18.87
20.76
22.68
24.7
26.45
28.34
30.28
32
33.96
35.8
37.69
39.69
41.46
43.39
45.2
47.13
49.06
50.95
52.83
54.89
56.6
58.51
60.38
62.28
64.21
