154
66
89
233.11
239.45
233.3
236.42
239.3
234.5
239.56
237.41
236.28
237.39
237.81
237.1
235.52
235.71
237.58
228.28
233.15
227.81
214.94
223.08
214.37
183.34
193.47
198.76
189.3
183.15
182.49
187.51
181.36
185.52
206.52
199.99
217.68
221.19
205.95
216.74
232.92
238.78
235.19
239.11
239.3
234.69
235.33
234.53
233.84
238.12
230.55
225.54
235.09
234.15
226.67
239.44
238.74
229.04
222.13
232.8
221.94
209.27
230.74
196.68
183.15
200.28
208.41
188.26
198.95
189.78
180.79
198.67
198.86
197.44
200.09
979.35
932.99
919.74
5.81
1.04
4.94
5.2
9.97
5.03
12.65
6.59
7.02
2.25
-184.43
-196.91
-188.33
-197.35
-193.71
-193.79
-194.05
-202.81
-199.6
-193.88
-206.27
-206.62
-206.71
-231.24
-217.63
-225.95
-227.54
-225.74
-224.96
-225.05
-226.26
-222.74
-204.63
-235.83
-208.87
-205.75
-225.18
-224.81
-203.15
-233.84
-228.84
-226.11
-234.36
-228.56
-227.41
-184.69
-217.19
-198.39
-169.87
-184.78
-183.83
-171.43
-169.09
-179.58
-181.92
-170.13
-177.67
-179.93
-168.66
-186.51
-187.73
-198.04
-214.59
-227.16
-221.09
-231.93
-225.52
-229.55
-226.48
-228.62
-229.14
-226.8
-231.72
-230.92
-223.94
-228.41
-228.45
-236.44
-226.56
-223.88
63.2
61.31
59.39
57.56
55.87
53.79
51.92
50.18
48.09
46.21
44.51
42.44
40.71
38.66
36.81
35.06
33.05
31.12
29.31
27.49
25.73
23.7
21.81
20.05
18
16.15
14.26
12.36
10.6
8.06
5.4
3
0.25
-2.2
-4.98
-7.53
-10.02
-12.07
-14
-15.78
-17.76
-19.68
-21.57
-23.43
-25.28
-27.23
-29.14
-30.96
-32.87
-34.77
-36.63
-38.49
-40.35
-42.31
-44.23
-46.02
-47.99
-49.9
-51.74
-53.66
-55.46
-57.45
-59.32
-61.17
-63.13
-64.97
-66.92
-68.76
-70.65
-72.56
-74.43
-75.47
-75.59
-75.58
-75.58
-75.59
-75.51
-75.61
-75.59
-75.48
-75.6
-75.59
-75.29
-73.71
-71.85
-69.82
-67.85
-65.96
-64.12
-62.25
-60.33
-58.49
-56.57
-54.72
-52.81
-50.91
-49.09
-47.2
-45.26
-43.45
-41.46
-39.67
-37.73
-35.8
-34.01
-32.09
-30.2
-28.42
-26.41
-24.58
-22.71
-20.73
-18.9
-17.03
-15.17
-13.27
-11.26
-9.21
-6.52
-3.8
-1.37
1.31
3.89
6.42
9.3
11.23
13.14
15.12
16.9
18.8
20.69
22.56
24.61
26.34
28.23
30.17
31.89
33.8
35.7
37.55
39.56
41.33
43.26
45.1
46.99
48.93
50.81
52.71
54.78
56.46
58.39
60.47
62.16
64.04
