154
66
89
185.14
171.8
159.69
180.22
181.74
159.41
157.33
181.26
157.99
169.63
172.09
176.15
180.79
182.11
183.82
176.15
188.64
181.36
163.76
169.34
170.38
152.98
172.18
176.25
154.68
163.57
166.6
172.09
156.19
172.18
168.21
169.72
171.04
169.63
158.84
175.96
194.51
158.27
176.91
170.38
168.21
167.92
173.32
162.44
163.38
171.23
170.95
154.68
159.12
163.1
156.29
152.03
166.88
141.91
152.69
166.22
174.17
149.95
163.85
159.6
147.39
169.72
171.99
158.27
163
176.53
153.64
153.16
156.57
156.38
137.18
918.99
912.08
909.34
5.63
9.45
4.25
5.46
6.93
0.26
8.23
3.81
9.71
6.59
-168.05
-189.03
-175.25
-177.76
-173.17
-158.35
-169.01
-179.23
-160.77
-151.15
-157.05
-161.21
-151.59
-158.87
-165.11
-146.99
-161.55
-157.83
-160.17
-173.86
-175.68
-178.89
-172.04
-185.91
-179.15
-168.75
-178.71
-182.87
-174.29
-185.73
-174.64
-180.19
-189.81
-172.04
-185.3
-172.56
-164.07
-184.26
-175.42
-183.13
-175.68
-154.27
-171.52
-172.39
-163.55
-175.33
-173.08
-170.65
-178.19
-178.37
-172.13
-173.17
-173.69
-184.61
-177.67
-175.59
-180.19
-167.1
-173.86
-173.08
-174.9
-166.84
-170.05
-169.79
-157.22
-165.97
-174.99
-151.5
-163.2
-165.45
63.25
61.31
59.42
57.6
55.72
53.81
51.94
50.22
48.17
46.28
44.38
42.51
40.62
38.72
36.86
35.1
33.1
31.23
29.35
27.54
25.66
23.76
21.87
20.12
18.09
16.21
14.33
12.42
10.56
8.17
5.55
3.04
0.33
-2.26
-4.89
-7.48
-10.09
-12.05
-13.94
-15.78
-17.72
-19.61
-21.53
-23.42
-25.31
-27.21
-29.09
-30.87
-32.82
-34.69
-36.6
-38.45
-40.38
-42.24
-44.17
-45.94
-47.92
-49.82
-51.69
-53.59
-55.52
-57.39
-59.26
-61.12
-63.08
-64.94
-66.85
-68.71
-70.63
-72.49
-74.42
-75.52
-75.63
-75.64
-75.64
-75.64
-75.64
-75.63
-75.64
-75.52
-75.64
-75.64
-75.41
-73.65
-71.81
-69.74
-67.81
-65.9
-64.05
-62.15
-60.3
-58.47
-56.54
-54.66
-52.77
-50.85
-49
-47.12
-45.26
-43.36
-41.48
-39.59
-37.68
-35.75
-33.91
-32.06
-30.21
-28.35
-26.42
-24.52
-22.63
-20.69
-18.88
-16.96
-15.1
-13.21
-11.28
-9.08
-6.46
-3.74
-1.3
1.33
4.09
6.54
9.23
11.29
13.17
15.17
16.97
18.84
20.73
22.65
24.48
26.42
28.31
30.25
31.94
33.88
35.72
37.65
39.49
41.44
43.32
45.28
47.06
48.99
50.89
52.81
54.71
56.56
58.44
60.5
62.26
64.13
