156
67
90
173.98
172.65
165.75
183.91
177.67
157.61
158.46
168.02
163.95
168.21
168.59
181.83
169.63
177.48
176.82
168.02
172.56
166.98
172.18
172.84
189.21
169.53
182.97
180.69
182.59
171.9
179.18
183.06
182.4
191.1
179.94
162.91
181.83
185.14
161.21
196.02
190.25
193.18
179.56
174.92
187.7
179.84
189.68
180.03
176.34
182.59
192.43
183.34
170.67
168.11
167.36
175.3
180.69
171.04
177.29
179.75
181.64
178.05
184.95
175.96
168.68
185.9
195.64
181.64
181.92
187.41
170.19
159.79
171.52
166.98
159.22
164.61
917.95
912.46
906.88
0.09
2.77
1.99
3.73
1.91
3.29
0.87
2.95
1.82
1.04
4.51
-142.4
-202.46
-209.57
-200.99
-212.25
-223.09
-219.01
-226.21
-210.45
-224.04
-224.3
-206.19
-213.21
-213.12
-201.42
-201.51
-198.21
-193.27
-211.73
-199.25
-202.46
-230.54
-209.48
-216.76
-209.8
-210.95
-217.89
-223.35
-225.43
-221.35
-211.9
-210.27
-222.31
-213.05
-217.16
-228.55
-208.35
-215.11
-192.67
-192.58
-195.01
-190.07
-177.76
-184.87
-177.67
-184.09
-188.94
-190.76
-178.45
-185.56
-194.57
-189.55
-192.93
-211.3
-195.87
-193.71
-190.85
-193.62
-192.41
-188.33
-180.71
-164.33
-164.76
-173.69
-167.71
-165.8
-191.28
-171.61
-173.95
-176.81
63.23
61.38
59.43
57.62
55.88
53.8
51.92
50.2
48.15
46.28
44.37
42.51
40.75
38.72
36.84
35.09
33.1
31.2
29.4
27.55
25.78
23.73
21.86
20.07
18.08
16.22
14.32
12.41
10.65
8.11
5.55
3.04
0.35
-2.36
-4.78
-7.46
-10.1
-12.06
-13.98
-15.76
-17.72
-19.61
-21.52
-23.41
-25.23
-27.2
-29.11
-30.92
-32.83
-34.69
-36.58
-38.47
-40.31
-42.23
-44.16
-45.97
-47.94
-49.83
-51.7
-53.58
-55.43
-57.4
-59.28
-61.12
-63.06
-64.89
-66.86
-68.73
-70.61
-72.53
-74.43
-75.75
-75.83
-75.82
-75.85
-75.85
-75.74
-75.85
-75.85
-75.74
-75.86
-75.85
-75.86
-75.81
-75.53
-73.88
-71.92
-69.91
-68.01
-66.09
-64.16
-62.3
-60.36
-58.56
-56.67
-54.71
-52.86
-50.94
-49.01
-47.16
-45.26
-43.42
-41.53
-39.57
-37.75
-35.83
-33.89
-32.1
-30.15
-28.36
-26.46
-24.52
-22.66
-20.79
-18.78
-17
-15.02
-13.2
-11.3
-8.99
-6.48
-3.87
-1.15
1.28
3.95
6.52
9.14
11.39
13.16
15.07
16.98
18.84
20.83
22.6
24.52
26.54
28.3
30.11
31.94
33.85
35.86
37.64
39.53
41.56
43.32
45.19
47.07
48.99
51.05
52.79
54.7
56.69
58.44
60.33
62.23
64.13
