148
63
86
212.86
191.86
194.79
183.06
186.47
181.74
182.87
181.92
170.29
181.07
182.97
174.45
193.09
193.47
199.99
196.02
189.11
201.22
180.32
178.9
186.47
171.71
170.29
177.1
176.91
185.33
184.01
181.07
179.09
194.03
186.56
187.51
187.51
188.93
167.07
190.91
184.29
167.73
182.97
176.06
181.64
180.32
175.4
182.49
184.1
181.74
187.41
184.86
190.72
191.48
168.96
163.95
176.34
175.4
165.84
176.25
194.22
162.06
172.75
175.11
187.41
179.37
181.83
169.53
182.59
181.17
167.07
158.27
981.71
918.14
916.34
5.72
-0.61
5.37
3.64
9.19
4.07
4.33
5.46
4.25
3.38
-175.33
-209.57
-203.24
-204.63
-214.25
-211.65
-184.78
-207.57
-195.27
-188.68
-185.82
-226.47
-176.81
-197.78
-203.85
-206.01
-195.09
-214.07
-216.33
-213.03
-223.52
-205.75
-179.23
-212.69
-204.02
-180.1
-185.91
-191.71
-191.63
-201.68
-220.4
-214.94
-210
-201.42
-225.34
-190.85
-200.9
-204.19
-177.67
-179.41
-186.6
-178.45
-180.1
-163.81
-182.79
-176.98
-200.55
-209.57
-211.91
-212.65
-215.33
-220.92
-212.78
-215.11
-200.21
-194.23
-200.03
-213.99
-206.88
-218.06
-230.2
-218.58
-214.07
-224.48
-219.1
-213.19
-219.49
57.58
55.71
53.96
51.9
50.03
48.14
46.22
44.31
42.46
40.55
38.8
36.78
34.92
33.04
31.16
29.3
27.43
25.58
23.78
21.79
19.88
18
16.12
14.26
12.33
10.46
8.19
5.33
2.76
0.21
-2.46
-5.04
-7.58
-10.2
-12.03
-14.06
-15.98
-17.85
-19.69
-21.62
-23.48
-25.41
-27.21
-29.19
-31.07
-32.9
-34.8
-36.65
-38.56
-40.5
-42.25
-44.27
-46.13
-48.01
-49.91
-51.81
-53.69
-55.57
-57.41
-59.38
-61.24
-63.15
-65.04
-66.92
-68.82
-70.7
-72.56
-74.47
-75.64
-75.68
-75.64
-75.64
-75.67
-75.64
-75.62
-75.65
-75.64
-75.68
-75.68
-75.37
-73.75
-71.9
-69.84
-67.92
-66.06
-64.19
-62.28
-60.43
-58.55
-56.66
-54.71
-52.86
-51.01
-49.08
-47.2
-45.36
-43.47
-41.56
-39.66
-37.77
-35.89
-34.04
-32.14
-30.28
-28.47
-26.49
-24.55
-22.73
-20.9
-18.96
-17.1
-15.21
-13.26
-11.36
-9.07
-6.58
-4.02
-1.41
1.24
3.84
6.43
9.06
11.3
13.11
14.99
16.87
18.76
20.63
22.51
24.42
26.39
28.2
30.03
31.84
33.77
35.69
37.53
39.41
41.43
43.26
45.05
46.95
48.88
50.78
52.69
54.61
56.61
58.35
