154
66
89
258.87
249.34
236.51
257.59
256.91
249.09
255.49
252.18
223.36
251.47
251.16
219.67
250.4
250.74
237.46
238.97
252.77
240.48
228.19
250.38
249.43
219.86
251.02
249.98
237.27
250.9
254.47
227.71
250.33
258.28
240.77
232.16
251.35
250.71
217.4
254.43
255.39
243.42
252.34
247.49
249.58
253.29
250.85
237.17
253.55
256.2
250.03
245.59
253.88
250.29
218.54
248.81
249.46
231.02
226.96
222.98
223.36
228.09
229.98
230.74
235
250.85
247.77
237.55
253.64
251.85
264.99
261.3
270.76
254.3
251.84
922.87
943.59
928.64
5.29
1.99
4.33
1.47
2.08
2.34
-3.21
0.95
5.98
3.03
-192.93
-226.64
-220.92
-212.95
-206.88
-204.63
-211.3
-201.42
-182.01
-192.93
-196.48
-179.67
-181.31
-187.99
-179.49
-193.88
-180.53
-182.7
-203.41
-199.69
-198.3
-207.66
-208.96
-221.88
-193.36
-212.25
-226.12
-177.85
-195.44
-215.37
-202.11
-202.81
-198.3
-223.87
-208.87
-207.14
-209.91
-193.01
-202.37
-213.38
-171.09
-221.88
-210.78
-197.26
-199.6
-200.73
-210.69
-198.99
-182.53
-188.25
-197.17
-190.93
-185.3
-176.72
-199.95
-203.07
-185.3
-209.05
-205.67
-206.62
-221.44
-210.43
-207.49
-184.69
-224.74
-209.91
-210.17
-209.74
-209.05
-186.25
63.28
61.49
59.45
57.64
55.84
53.78
51.92
49.99
48.1
46.38
44.31
42.42
40.73
38.65
36.75
34.9
33.03
31.24
29.27
27.45
25.68
23.65
21.8
19.98
17.98
16.25
14.21
12.28
10.59
8.03
5.36
2.75
0.22
-2.37
-5.02
-7.6
-10.09
-12.12
-14.05
-15.98
-17.85
-19.64
-21.62
-23.49
-25.29
-27.29
-29.2
-31.08
-32.92
-34.72
-36.68
-38.59
-40.41
-42.34
-44.27
-46.04
-48.07
-49.82
-51.81
-53.7
-55.49
-57.48
-59.41
-61.22
-63.16
-65.03
-66.95
-68.84
-70.67
-72.62
-74.49
-75.41
-75.4
-75.29
-75.41
-75.41
-75.32
-75.4
-75.4
-75.44
-75.42
-75.31
-75.1
-73.61
-71.74
-69.72
-67.77
-65.83
-64.02
-62.07
-60.26
-58.38
-56.44
-54.62
-52.71
-50.86
-48.96
-47
-45.21
-43.31
-41.33
-39.53
-37.63
-35.76
-33.88
-31.93
-30.2
-28.27
-26.29
-24.49
-22.59
-20.69
-18.8
-16.82
-14.95
-13.14
-11.11
-9.01
-6.37
-3.82
-1.22
1.58
4.05
6.56
9.44
11.34
13.22
15.12
17.01
19.01
20.75
22.65
24.71
26.45
28.35
30.16
32.01
34.06
35.78
37.7
39.71
41.44
43.37
45.22
47.12
49.06
50.94
52.87
54.86
56.61
58.52
60.37
62.31
64.38
