154
66
89
185.8
172.46
167.83
186.18
192.71
183.25
179.84
182.49
180.03
175.21
192.71
181.74
178.33
181.17
170.29
163
169.06
166.88
160.83
166.88
184.48
166.98
168.87
175.3
171.42
170.38
169.53
184.1
186.65
195.17
182.49
177.86
176.63
175.02
188.26
191.86
189.97
167.64
178.71
175.87
176.44
175.49
176.06
182.49
181.64
184.86
180.98
170.95
164.14
177.67
170.38
179.84
177.76
175.59
183.72
183.91
182.02
184.76
185.05
171.9
164.52
181.83
174.36
161.68
175.4
176.53
156.85
160.73
183.91
165.08
175.96
898.18
854.85
846.62
3.38
5.11
-3.73
0.35
0.17
5.03
4.85
2.6
4.33
1.73
-188.94
-198.47
-199.86
-196.13
-194.4
-197.69
-213.64
-208.79
-199.69
-200.47
-199.6
-195.18
-184.26
-204.63
-191.97
-179.67
-186.69
-172.21
-166.75
-187.9
-178.37
-180.27
-186.95
-197.61
-189.55
-182.01
-210.26
-189.37
-176.11
-193.88
-190.15
-180.45
-203.59
-199.86
-189.72
-196.57
-183.74
-177.85
-175.59
-185.21
-178.54
-165.28
-178.11
-171.09
-158.78
-177.24
-187.47
-168.4
-174.64
-179.06
-180.53
-170.83
-185.82
-186.17
-181.49
-194.4
-196.05
-186.95
-195.18
-202.63
-185.99
-178.11
-189.2
-185.47
-182.01
-188.16
-183.05
-164.76
-181.14
-183.13
63.13
61.25
59.32
57.47
55.59
53.66
51.74
50.03
48
46.03
44.21
42.29
40.41
38.55
36.63
34.89
32.89
30.99
29.25
27.31
25.42
23.52
21.66
19.86
17.85
15.97
14.09
12.18
10.36
7.83
5.19
2.73
0.01
-2.68
-5.18
-7.8
-10.36
-12.26
-14.2
-16.01
-18.01
-19.86
-21.75
-23.64
-25.55
-27.43
-29.31
-31.13
-33.08
-34.95
-36.81
-38.71
-40.62
-42.48
-44.4
-46.19
-48.17
-50.07
-51.94
-53.81
-55.73
-57.62
-59.54
-61.42
-63.3
-65.18
-67.09
-68.97
-70.86
-72.73
-74.6
-75.41
-75.51
-75.52
-75.52
-75.54
-75.52
-75.51
-75.54
-75.41
-75.51
-75.5
-75.27
-73.76
-71.88
-69.85
-67.89
-65.95
-64.12
-62.18
-60.32
-58.43
-56.54
-54.62
-52.74
-50.79
-48.98
-47.07
-45.22
-43.29
-41.43
-39.56
-37.61
-35.67
-33.87
-32
-30.15
-28.27
-26.35
-24.45
-22.56
-20.61
-18.75
-16.88
-15.03
-13.09
-11.17
-8.94
-6.31
-3.63
-1.14
1.48
4.13
6.67
9.3
11.37
13.29
15.27
17.07
18.93
20.84
22.73
24.62
26.52
28.38
30.32
32
33.95
35.84
37.77
39.6
41.52
43.43
45.39
47.17
49.12
50.99
52.9
54.76
56.64
58.57
60.6
62.31
64.2
