154
66
89
214.09
214.09
215.6
192.3
217.59
185.71
194.03
180.03
172.09
191.95
172.46
176.72
166.6
164.71
170.76
169.25
179.94
169.15
161.68
171.23
174.55
156.76
185.14
180.69
188.45
181.92
182.68
176.63
175.68
192.52
180.32
166.13
176.63
165.94
158.37
183.91
183.06
194.89
170.29
168.68
178.61
179.09
189.68
197.16
187.03
202.26
199.9
187.98
200.37
200.47
177.1
173.5
181.45
178.52
172.56
169.53
175.78
167.83
181.74
158.84
167.54
179.37
186.84
173.98
195.17
194.03
191.29
192.99
206.05
197.53
191.38
943.77
923.53
919.27
4.94
7.89
6.5
3.47
-3.21
4.85
4.16
3.55
3.47
-0.26
-193.01
-198.39
-206.71
-193.79
-198.04
-185.73
-184
-190.5
-167.97
-170.39
-172.91
-174.21
-174.12
-168.57
-186.51
-163.2
-180.62
-191.71
-196.48
-191.45
-195.01
-196.65
-196.74
-197.09
-210
-191.19
-187.38
-193.97
-172.65
-173.95
-176.63
-166.41
-180.36
-185.56
-177.5
-182.79
-160.25
-180.53
-175.33
-189.63
-199.95
-192.58
-183.39
-199.86
-190.67
-193.45
-194.92
-181.92
-185.73
-166.67
-175.07
-177.24
-174.47
-185.47
-170.65
-165.89
-188.68
-163.81
-164.85
-178.54
-180.45
-180.62
-191.28
-212.69
-198.47
-215.72
-198.34
-223.26
-213.64
-213.9
63.3
61.48
59.72
57.74
55.85
53.96
52.07
50.18
48.24
46.39
44.62
42.65
40.72
38.83
36.96
35.08
33.22
31.32
29.6
27.69
25.77
23.85
22
20.22
18.22
16.31
14.55
12.53
10.66
8.33
5.7
3.18
0.51
-2.2
-4.6
-7.33
-10
-11.9
-13.85
-15.64
-17.64
-19.51
-21.3
-23.27
-25.19
-27.07
-28.95
-30.86
-32.69
-34.58
-36.4
-38.35
-40.28
-42.11
-44.07
-45.93
-47.8
-49.73
-51.53
-53.49
-55.38
-57.25
-59.16
-61.01
-62.97
-64.81
-66.65
-68.62
-70.53
-72.39
-74.27
-75.46
-75.54
-75.54
-75.44
-75.55
-75.56
-75.54
-75.52
-75.58
-75.53
-75.54
-75.21
-73.53
-71.71
-69.62
-67.68
-65.8
-63.9
-61.97
-60.07
-58.24
-56.33
-54.45
-52.54
-50.71
-48.78
-46.88
-44.99
-43.12
-41.22
-39.36
-37.42
-35.49
-33.68
-31.81
-29.91
-28.09
-26.17
-24.24
-22.37
-20.4
-18.57
-16.69
-14.71
-12.91
-10.97
-8.71
-6.05
-3.52
-0.88
1.75
4.48
6.94
9.52
11.55
13.51
15.31
17.26
19.14
21.14
22.93
24.82
26.69
28.6
30.39
32.26
34.14
36.15
37.95
39.76
41.72
43.6
45.45
47.36
49.27
51.33
53.05
54.97
56.81
58.71
60.6
62.53
64.41
