154
66
89
223.65
170.1
187.88
188.17
192.24
192.33
193.18
205.01
193.28
206.33
202.17
185.52
189.02
202.17
180.41
179.94
177.95
167.07
175.49
186.18
176.06
175.21
193.84
182.97
181.64
194.32
197.91
180.32
194.22
192.14
188.93
192.61
197.06
184.86
196.68
208.6
191.1
196.49
207.18
188.83
186.37
189.78
188.45
190.82
193.84
184.95
193.75
200.09
195.93
181.64
207.37
210.21
170.19
174.92
202.17
182.4
176.72
191.76
181.45
167.73
191.01
194.98
179.28
189.4
190.34
195.17
189.59
198.95
199.52
183.91
207.75
941.69
939.04
932.71
4.51
5.29
0.87
0.78
1.13
7.19
1.3
2.77
1.3
1.39
3.47
-196.57
-199.51
-183.05
-192.32
-196.22
-187.64
-190.85
-186.77
-171.26
-181.75
-178.71
-184.69
-192.15
-184.61
-184.26
-205.23
-202.98
-192.67
-193.45
-194.83
-189.98
-177.59
-193.79
-183.48
-178.71
-187.9
-192.06
-184.61
-195.61
-196.31
-194.05
-188.16
-190.85
-182.35
-174.55
-184.17
-178.11
-178.37
-180.62
-190.93
-174.21
-166.58
-171.87
-173.17
-163.29
-170.22
-171.87
-163.03
-178.8
-181.14
-183.65
-175.07
-189.29
-184.87
-178.28
-201.85
-208.44
-191.54
-214.59
-221.88
-195.53
-209.31
-218.93
-198.73
-200.47
-208.18
-194.83
-190.85
-197.26
62.36
60.42
58.58
56.66
54.93
52.92
51.02
49.26
47.21
45.29
43.43
41.52
39.6
37.78
35.86
34.14
32.07
30.21
28.42
26.55
24.63
22.78
20.88
19.1
17.1
15.2
13.24
11.41
9.37
6.7
4.08
1.7
-1.07
-3.75
-6.28
-8.89
-11.14
-13.07
-14.97
-16.75
-18.71
-20.65
-22.52
-24.42
-26.33
-28.24
-30.11
-31.89
-33.84
-35.72
-37.57
-39.53
-41.38
-43.28
-45.16
-46.98
-48.95
-50.85
-52.78
-54.59
-56.48
-58.4
-60.3
-62.1
-64.08
-65.96
-67.85
-69.77
-71.65
-73.53
-75.41
-75.5
-75.62
-75.61
-75.64
-75.61
-75.59
-75.6
-75.63
-75.51
-75.61
-75.64
-75.53
-74.64
-72.59
-70.7
-68.71
-66.8
-64.96
-63.05
-61.14
-59.31
-57.37
-55.53
-53.65
-51.67
-49.86
-47.98
-46.12
-44.24
-42.26
-40.48
-38.58
-36.58
-34.79
-32.89
-31.06
-29.19
-27.27
-25.38
-23.51
-21.52
-19.73
-17.8
-15.93
-14.08
-12.1
-10.19
-7.6
-4.86
-2.5
0.2
2.8
5.34
8.02
10.43
12.33
14.33
16.1
18.01
19.89
21.76
23.67
25.54
27.44
29.43
31.18
33.02
34.94
36.76
38.66
40.55
42.48
44.45
46.2
48.1
50.03
51.92
53.86
55.73
57.59
59.65
61.39
63.28
