154
66
89
174.83
180.32
165.08
162.63
176.44
177.01
169.82
179.75
171.52
171.52
176.63
185.42
174.26
190.72
191.86
177.19
188.55
188.83
179.18
175.21
186.75
184.57
184.76
195.74
189.49
191.86
203.49
196.4
194.98
189.59
179.46
176.72
176.53
180.32
193.47
195.17
206.14
191.38
173.98
193.47
190.91
184.1
192.99
180.03
170.67
183.63
180.79
165.46
174.73
175.11
169.91
161.68
167.54
164.33
160.54
162.72
153.73
170.67
177.29
177.95
161.58
164.9
177.48
166.13
169.91
178.99
157.33
168.87
174.55
156.57
148.43
491.94
903.28
892.97
0.61
2.95
2.95
3.9
8.06
-0.35
-1.56
3.73
0.43
-0.17
-165.28
-158.52
-171.26
-187.55
-172.47
-168.4
-188.59
-186.43
-177.33
-177.59
-197.95
-184.95
-169.01
-178.45
-171.69
-157.22
-170.65
-173.69
-164.59
-166.75
-186.95
-186.08
-192.41
-213.73
-214.25
-200.29
-193.34
-209.65
-213.12
-193.64
-217.37
-190.07
-204.19
-213.29
-209.91
-189.89
-189.81
-189.55
-172.04
-179.58
-174.99
-179.23
-186.17
-183.83
-175.77
-188.42
-206.71
-169.01
-170.83
-187.64
-177.76
-165.71
-175.77
-170.65
-158.52
-178.63
-176.98
-171.17
-163.29
-163.2
-178.37
-162.33
-177.15
-166.06
-163.89
-175.42
-171.78
-151.15
-170.74
-176.46
63.08
61.38
59.27
57.41
55.69
53.64
51.74
49.97
47.93
46.16
44.14
42.28
40.51
38.5
36.59
34.85
32.86
31.12
29.12
27.31
25.5
23.47
21.64
19.84
17.81
16.07
14.03
12.17
10.43
7.77
5.16
2.52
-0.09
-2.52
-5.27
-7.86
-10.26
-12.3
-14.24
-16.13
-18.02
-19.81
-21.81
-23.67
-25.5
-27.47
-29.38
-31.27
-33.09
-34.92
-36.85
-38.72
-40.59
-42.54
-44.44
-46.23
-48.21
-50.05
-51.96
-53.85
-55.7
-57.69
-59.55
-61.46
-63.31
-65.21
-67.11
-69.02
-70.88
-72.79
-74.65
-75.88
-75.88
-75.78
-75.86
-75.87
-75.78
-75.9
-75.91
-75.88
-75.86
-75.78
-75.51
-73.73
-71.88
-69.85
-67.92
-66.01
-64.14
-62.19
-60.38
-58.47
-56.5
-54.68
-52.79
-50.84
-49
-47.06
-45.22
-43.32
-41.38
-39.57
-37.66
-35.72
-33.89
-31.96
-30.22
-28.32
-26.32
-24.47
-22.59
-20.61
-18.81
-16.93
-15.05
-13.12
-11.11
-8.99
-6.38
-3.68
-1.22
1.42
4.07
6.61
9.43
11.34
13.23
15.24
17.02
19
20.78
22.73
24.66
26.46
28.35
30.31
32.02
33.94
35.81
37.67
39.7
41.51
43.39
45.24
47.15
49.22
50.93
52.89
54.89
56.6
58.54
60.52
62.29
64.33
