156
67
90
209.83
200.28
198.29
205.39
198.1
181.26
199.71
201.41
177.01
187.98
200.18
186.18
194.51
200.28
192.61
184.86
201.32
202.26
170.86
191.76
198.1
167.83
177.1
183.63
169.34
166.5
191.48
171.33
161.21
180.03
179.46
163.76
177.95
189.68
163.85
171.42
197.34
173.79
172.94
197.91
171.42
168.77
181.92
184.38
182.87
184.1
177.38
166.22
188.17
196.02
178.42
191.95
214.66
178.52
173.13
189.49
168.02
166.22
177.76
176.34
161.11
183.91
197.34
159.12
177.95
180.13
147.87
157.8
170.67
150.99
162.81
166.13
872.25
873.29
872.54
1.73
2.95
3.55
2.95
4.07
4.85
2.43
4.68
10.14
-4.16
3.81
-191.37
-187.9
-188.42
-191.63
-192.49
-201.68
-207.49
-205.75
-205.67
-209.13
-188.42
-191.8
-200.21
-201.68
-191.19
-200.99
-205.23
-211.3
-216.67
-213.99
-190.24
-187.64
-201.68
-196.13
-177.07
-205.58
-207.92
-189.29
-198.39
-207.05
-203.15
-197.35
-204.45
-196.48
-179.23
-196.65
-183.05
-167.79
-190.07
-185.3
-167.79
-180.27
-187.55
-179.49
-177.41
-197.78
-188.59
-177.93
-201.42
-205.93
-201.33
-210.78
-218.67
-214.94
-221.35
-220.14
-199.17
-209.65
-220.4
-192.58
-193.88
-202.55
-198.99
-191.54
-212.08
-207.14
-211.3
-218.32
-206.99
-206.88
63.94
62.01
60.28
58.24
56.37
54.46
52.58
50.84
48.79
46.85
45.15
43.09
41.21
39.29
37.42
35.71
33.69
31.81
30.04
28.11
26.24
24.3
22.43
20.7
18.65
16.73
15
12.97
11.11
8.9
6.27
3.83
1.11
-1.55
-4.18
-6.71
-9.33
-11.45
-13.37
-15.18
-17.2
-19.04
-20.97
-22.79
-24.76
-26.62
-28.53
-30.37
-32.25
-34.12
-36.02
-37.92
-39.82
-41.7
-43.62
-45.44
-47.39
-49.26
-51.15
-53.04
-54.94
-56.81
-58.75
-60.59
-62.49
-64.36
-66.29
-68.18
-70.08
-71.92
-73.79
-75.51
-75.68
-75.67
-75.67
-75.64
-75.65
-75.64
-75.64
-75.55
-75.64
-75.67
-75.64
-75.65
-75.08
-72.95
-71.04
-68.96
-67.07
-65.18
-63.31
-61.41
-59.54
-57.63
-55.73
-53.8
-51.92
-50.07
-48.18
-46.29
-44.41
-42.48
-40.66
-38.69
-36.82
-34.96
-33.06
-31.23
-29.37
-27.45
-25.54
-23.59
-21.75
-19.86
-18.02
-16.14
-14.22
-12.27
-10.37
-7.71
-5.2
-2.69
-0.02
2.62
5.13
7.83
10.29
12.24
14.09
15.96
17.87
19.71
21.61
23.57
25.4
27.4
29.16
30.96
32.87
34.75
36.61
38.55
40.44
42.43
44.19
46.07
48.15
49.86
51.79
53.72
55.54
57.62
59.31
61.23
63.28
65.02
