154
66
89
206.9
205.29
177.1
183.63
193.28
187.03
194.22
193.47
184.29
184.57
182.11
173.69
175.02
175.59
161.68
162.34
165.94
163.48
166.6
170.19
155.91
168.11
176.82
193.66
172.46
179.56
175.96
169.72
183.82
186.84
193.28
172.94
180.41
173.22
183.63
206.33
208.41
190.44
181.36
191.86
184.1
189.49
197.16
192.71
200.18
191.67
189.4
177.95
171.99
178.14
165.46
178.9
161.4
162.72
176.53
178.71
158.94
168.87
180.79
176.15
176.53
178.71
192.24
174.07
184.76
178.71
159.6
158.75
180.13
158.94
166.6
614.36
847.09
827.6
6.5
0.69
3.64
3.38
3.64
0.95
5.46
2.25
1.91
1.99
-176.2
-175.68
-173.69
-167.19
-170.48
-175.07
-181.31
-187.55
-181.83
-173.17
-174.64
-174.03
-168.92
-171.35
-170.83
-176.46
-178.97
-173.34
-169.44
-174.38
-174.03
-173.51
-175.25
-194.49
-189.89
-184.78
-199.6
-197.09
-178.19
-182.44
-173.69
-169.53
-183.91
-197.87
-190.59
-180.97
-171.87
-161.9
-162.33
-174.55
-175.25
-160.86
-171.35
-163.89
-172.3
-174.9
-191.45
-174.03
-170.65
-167.1
-171.52
-174.99
-172.99
-166.75
-157.65
-167.62
-176.81
-172.99
-177.5
-185.13
-178.8
-174.9
-187.81
-188.07
-171.35
-181.23
-184.78
-170.57
-182.44
-187.12
63.13
61.39
59.3
57.45
55.72
53.65
51.77
50.03
47.98
46.23
44.21
42.32
40.54
38.56
36.65
34.78
32.88
30.96
29.16
27.33
25.54
23.51
21.61
19.72
17.88
16.07
14.08
12.15
10.44
7.83
5.19
2.57
0.03
-2.5
-5.2
-7.82
-10.25
-12.27
-14.21
-16.12
-17.95
-19.75
-21.75
-23.63
-25.48
-27.39
-29.33
-31.22
-33.05
-34.84
-36.79
-38.71
-40.57
-42.48
-44.41
-46.27
-48.18
-49.99
-51.93
-53.83
-55.66
-57.62
-59.52
-61.4
-63.28
-65.13
-67.07
-68.95
-70.82
-72.75
-74.63
-75.64
-75.73
-75.64
-75.75
-75.76
-75.64
-75.75
-75.75
-75.63
-75.75
-75.66
-75.48
-73.73
-71.83
-69.79
-67.86
-65.95
-64.1
-62.19
-60.33
-58.47
-56.47
-54.63
-52.74
-50.8
-48.96
-46.98
-45.23
-43.3
-41.33
-39.53
-37.6
-35.7
-33.86
-31.89
-30.15
-28.25
-26.27
-24.44
-22.56
-20.59
-18.78
-16.79
-15
-13.07
-11.07
-8.94
-6.33
-3.61
-1.16
1.67
4.05
6.69
9.47
11.37
13.27
15.16
17.06
19.06
20.81
22.69
24.73
26.51
28.41
30.2
32.07
34.11
35.86
37.76
39.74
41.53
43.43
45.28
47.16
49.23
50.98
52.89
54.94
56.62
58.6
60.61
62.32
64.37
