154
66
89
219.29
227.43
208.12
208.97
224.78
225.63
229.61
220.9
211.91
227.52
206.33
194.22
215.79
210.02
195.26
195.93
213.81
194.22
194.51
209.36
193.18
199.71
192.05
183.25
183.15
197.06
177.19
173.03
189.97
185.42
180.22
191.38
191.95
186.94
192.61
211.16
207.56
193.18
211.54
203.78
209.93
224.69
213.9
207.94
208.05
220.14
211.91
214.09
225.16
187.98
187.51
199.43
203.31
168.4
186.09
177.57
163.19
183.63
179.75
160.83
179.18
186.47
180.22
191.2
194.7
192.14
187.03
193.66
184.1
177.76
191.1
927.41
900.63
888.53
0.61
3.21
0.35
7.37
1.39
-0.43
2.08
3.81
2.95
4.16
-204.45
-213.9
-214.77
-218.58
-217.89
-222.66
-216.85
-221.79
-212.17
-216.33
-200.38
-200.29
-218.32
-217.11
-219.45
-220.14
-239.81
-238.88
-238.66
-243.15
-238.64
-236.41
-241.67
-244.84
-242.39
-240.87
-245.9
-236.8
-243.28
-241.13
-236.78
-236.18
-241.2
-227.42
-199.6
-192.15
-198.47
-191.02
-185.65
-207.75
-194.31
-185.99
-210.09
-201.77
-205.06
-233.84
-231.67
-240.34
-239.99
-237.34
-235.48
-233.75
-237.01
-237.3
-216.5
-233.58
-231.41
-224.22
-237.49
-241.38
-237.19
-238.03
-242.15
-237.95
-237.58
-244.25
-238.6
-238.77
-241.93
-237.38
63.08
61.2
59.28
57.42
55.7
53.66
51.73
49.99
47.95
46.07
44.11
42.21
40.53
38.5
36.58
34.88
32.86
30.96
29.15
27.27
25.51
23.47
21.44
19.82
17.81
15.92
14.05
12.13
10.36
7.76
5.16
2.68
-0.05
-2.69
-5.33
-7.86
-10.41
-12.29
-14.22
-16.05
-18
-19.9
-21.79
-23.68
-25.48
-27.46
-29.36
-31.16
-33.09
-35
-36.85
-38.74
-40.6
-42.53
-44.45
-46.25
-48.21
-50.12
-51.98
-53.89
-55.73
-57.65
-59.59
-61.38
-63.35
-65.24
-67.11
-69.01
-70.93
-72.77
-74.65
-75.51
-75.61
-75.61
-75.62
-75.6
-75.64
-75.58
-75.6
-75.5
-75.63
-75.62
-75.32
-73.76
-71.94
-69.9
-67.94
-66.03
-64.22
-62.27
-60.44
-58.55
-56.65
-54.77
-52.9
-50.93
-49.16
-47.24
-45.39
-43.48
-41.61
-39.71
-37.79
-35.87
-34.03
-32.15
-30.37
-28.46
-26.56
-24.63
-22.76
-20.77
-18.99
-17.08
-15.24
-13.28
-11.34
-9.21
-6.58
-3.94
-1.44
1.16
3.81
6.37
8.99
11.17
13.07
15.06
16.83
18.71
20.59
22.52
24.37
26.28
28.18
30.15
31.84
33.77
35.65
37.5
39.39
41.31
43.18
45.2
46.94
48.88
50.74
52.69
54.58
56.41
58.35
60.36
62.09
64.01
