154
66
89
192.8
216.08
174.45
203.21
191.67
179.65
191.1
183.72
170.67
186.56
176.72
183.63
187.7
189.97
177.29
182.02
192.43
175.02
173.22
187.98
176.44
166.88
185.33
175.78
169.63
186.18
178.05
172.27
176.72
185.52
169.15
175.11
190.34
184.19
184.95
198.57
207.47
195.64
200.85
198.01
187.03
201.03
204.72
191.1
197.16
202.74
178.8
195.74
201.32
188.64
180.98
194.41
205.95
157.8
180.22
184.19
177.95
171.33
192.05
171.14
166.88
186.47
181.55
164.61
168.21
175.68
156.29
175.4
185.33
174.26
177.86
588.72
880.39
862.79
4.68
6.93
9.19
8.84
5.37
7.19
6.85
7.8
7.97
3.73
-176.2
-206.27
-202.98
-212.25
-208.96
-205.93
-214.94
-221.61
-214.16
-213.29
-204.37
-196.22
-201.07
-204.89
-199.17
-201.59
-223.78
-217.11
-221.18
-237.13
-224.13
-217.97
-227.16
-236.96
-221.27
-214.51
-223.29
-216.24
-222.92
-223.44
-223.96
-216.15
-213.64
-216.93
-207.05
-202.29
-193.97
-184.95
-178.45
-184.26
-180.62
-185.39
-184.87
-189.11
-187.12
-198.56
-206.45
-222.66
-231.24
-224
-229.68
-234.36
-224.76
-223.57
-235.66
-223.44
-224.46
-234.79
-233.4
-224.52
-226.12
-234.27
-237.3
-226.3
-229.16
-224.43
-225.24
-225.78
-226.6
-224.56
63.22
61.52
59.42
57.59
55.88
53.81
51.95
50.22
48.11
46.39
44.37
42.5
40.77
38.72
36.82
35.13
33.13
31.33
29.35
27.55
25.76
23.75
21.88
19.95
18.08
16.34
14.31
12.4
10.66
8.16
5.43
2.89
0.32
-2.2
-4.93
-7.46
-10.02
-12.02
-13.98
-15.85
-17.74
-19.48
-21.51
-23.4
-25.25
-27.2
-29.1
-30.98
-32.81
-34.62
-36.57
-38.45
-40.33
-42.25
-44.16
-46.03
-47.93
-49.73
-51.7
-53.62
-55.43
-57.38
-59.3
-61.21
-63.07
-64.9
-66.84
-68.73
-70.63
-72.5
-74.4
-75.54
-75.54
-75.45
-75.54
-75.53
-75.44
-75.54
-75.54
-75.53
-75.55
-75.43
-75.25
-73.68
-71.77
-69.76
-67.81
-65.95
-64.02
-62.07
-60.25
-58.39
-56.41
-54.57
-52.66
-50.81
-48.92
-46.93
-45.13
-43.24
-41.28
-39.5
-37.53
-35.67
-33.8
-31.84
-30.11
-28.2
-26.19
-24.38
-22.51
-20.61
-18.71
-16.74
-14.93
-13.02
-11.02
-8.85
-6.21
-3.53
-1.07
1.75
4.16
6.8
9.57
11.43
13.34
15.32
17.12
19.11
20.89
22.76
24.79
26.56
28.47
30.24
32.13
34.15
35.91
37.83
39.77
41.59
43.49
45.32
47.23
49.28
51.04
52.95
54.98
56.71
58.62
60.48
62.38
64.42
