154
66
89
191.76
185.8
170
187.32
182.49
164.52
163.76
178.52
161.02
170.38
180.6
164.23
164.33
173.6
176.63
175.21
181.83
163.29
162.81
172.75
176.91
166.5
194.6
183.63
173.6
180.69
177.57
185.33
186.75
198.2
184.19
177.48
189.4
166.41
177.01
199.99
192.61
167.36
177.29
172.65
171.52
173.41
191.48
159.98
169.53
184.38
179.46
181.17
188.93
177.67
165.94
182.4
188.55
176.72
187.98
186.65
172.18
192.05
192.8
179.94
187.6
186.75
178.8
182.87
183.63
182.3
163.48
167.92
172.65
149.95
165.08
913.31
839.8
823.34
6.5
7.11
7.28
4.42
5.37
4.07
5.2
4.59
6.93
2.25
-141.79
-171.26
-172.82
-166.23
-168.57
-175.59
-176.89
-174.64
-187.29
-166.49
-173.17
-175.07
-169.01
-162.33
-157.83
-167.45
-162.94
-168.14
-168.05
-163.81
-161.29
-185.21
-170.83
-183.74
-173.86
-157.39
-166.32
-175.51
-166.41
-165.89
-178.71
-181.05
-170.91
-188.16
-183.74
-181.05
-170.57
-173.95
-177.33
-181.4
-178.02
-172.04
-172.91
-176.81
-177.33
-173.08
-182.27
-170.22
-159.65
-170.74
-171.43
-162.33
-177.67
-179.93
-174.99
-165.54
-171.95
-168.49
-160.25
-169.7
-181.75
-171.17
-168.31
-181.75
-154.27
-156.61
-185.99
-167.79
-159.82
-174.38
63.14
61.43
59.31
57.52
55.73
53.67
51.82
50.06
47.97
46.11
44.23
42.34
40.56
38.57
36.68
34.95
32.92
31
29.2
27.29
25.59
23.55
21.68
19.88
17.9
16.02
14.1
12.2
10.47
7.89
5.22
2.7
0.04
-2.47
-5.14
-7.69
-10.33
-12.22
-14.15
-15.96
-17.95
-19.71
-21.74
-23.64
-25.41
-27.38
-29.3
-31.07
-33.04
-34.92
-36.75
-38.67
-40.52
-42.42
-44.4
-46.14
-48.14
-50.02
-51.9
-53.81
-55.62
-57.6
-59.5
-61.28
-63.24
-65.17
-67.04
-68.94
-70.8
-72.71
-74.58
-75.26
-75.36
-75.26
-75.33
-75.37
-75.24
-75.36
-75.36
-75.27
-75.36
-75.33
-75.15
-73.74
-71.83
-69.81
-67.83
-65.91
-64.09
-62.17
-60.3
-58.42
-56.46
-54.6
-52.69
-50.79
-48.91
-46.95
-45.19
-43.26
-41.3
-39.54
-37.59
-35.65
-33.84
-31.88
-30.11
-28.22
-26.24
-24.4
-22.52
-20.56
-18.7
-16.77
-15
-13.05
-11.06
-8.91
-6.26
-3.6
-1.12
1.54
4.13
6.75
9.51
11.41
13.29
15.31
17.08
18.94
20.87
22.76
24.75
26.52
28.42
30.35
32.08
34.12
35.87
37.79
39.76
41.57
43.4
45.44
47.2
49.25
51.03
52.93
54.98
56.66
58.57
60.62
62.36
64.27
