154
66
89
198.67
203.78
187.79
197.72
212.95
174.64
185.71
202.55
176.06
185.61
191.29
189.68
181.74
192.9
196.4
190.72
208.79
201.13
190.25
193.56
207.47
187.32
199.71
195.36
201.13
202.55
203.59
196.02
192.99
215.98
206.81
195.64
204.06
211.25
177.95
213.52
216.08
196.4
205.39
205.01
205.86
206.24
211.44
194.7
187.03
207.09
213.33
173.98
184.1
183.63
169.63
175.11
184.48
182.68
181.36
187.51
187.22
180.98
198.76
184.19
179.94
193.28
197.16
173.41
192.14
190.72
183.15
179.75
182.78
182.02
175.11
807.92
891.84
874.81
5.55
0.95
3.47
5.46
0.52
-1.21
5.29
-0.26
3.73
-3.38
-152.54
-204.97
-201.51
-214.16
-226.82
-211.65
-207.92
-225.43
-232.1
-187.99
-201.94
-207.75
-189.81
-198.99
-207.14
-200.12
-195.61
-198.13
-201.07
-189.55
-203.76
-217.37
-211.04
-224.65
-218.99
-214.16
-222.31
-217.06
-229.68
-218.12
-221.09
-231.76
-233.66
-219.35
-218.29
-209.05
-212.51
-220.4
-202.11
-205.41
-220.23
-194.23
-197.69
-202.81
-191.02
-197
-220.05
-210.17
-196.57
-208.18
-208.53
-186.95
-203.24
-203.24
-198.47
-193.88
-208.79
-192.84
-193.01
-202.2
-213.9
-187.21
-212.86
-210.35
-190.15
-209.48
-230.2
-209.13
-201.85
-214.68
63.21
61.48
59.39
57.55
55.81
53.71
51.84
50.13
48.06
46.31
44.25
42.37
40.62
38.61
36.68
34.96
32.93
31.06
29.23
27.4
25.61
23.57
21.69
19.95
17.91
16.15
14.14
12.26
10.51
7.93
5.26
2.85
0.09
-2.4
-5.14
-7.65
-10.17
-12.19
-14.12
-15.92
-17.89
-19.67
-21.67
-23.58
-25.4
-27.35
-29.26
-31.09
-32.97
-34.79
-36.76
-38.65
-40.45
-42.41
-44.33
-46.14
-48.11
-49.94
-51.88
-53.76
-55.62
-57.55
-59.43
-61.28
-63.21
-65.06
-67.01
-68.89
-70.8
-72.66
-74.56
-75.41
-75.49
-75.42
-75.5
-75.48
-75.41
-75.52
-75.51
-75.41
-75.53
-75.51
-75.24
-73.67
-71.79
-69.77
-67.82
-65.9
-64.05
-62.12
-60.25
-58.38
-56.4
-54.54
-52.68
-50.75
-48.88
-47
-45.16
-43.23
-41.26
-39.46
-37.53
-35.59
-33.84
-31.86
-30.11
-28.21
-26.22
-24.34
-22.52
-20.58
-18.7
-16.75
-14.96
-13
-11.13
-8.87
-6.21
-3.53
-1.06
1.73
4.23
6.8
9.53
11.45
13.34
15.36
17.12
19.1
20.86
22.79
24.8
26.57
28.45
30.39
32.15
34.17
35.91
37.83
39.8
41.59
43.53
45.45
47.23
49.31
51.05
52.98
55
56.65
58.61
60.67
62.4
64.45
