154
66
89
197.88
199.4
197.48
197.95
199.99
195.82
222.51
214.94
210.31
211.91
198.2
199.43
192.99
183.82
204.16
173.32
170.86
192.05
169.72
169.15
187.13
166.13
171.61
171.04
183.34
194.79
190.72
200.94
195.55
202.83
201.89
187.41
194.98
186.18
171.23
199.43
204.91
188.36
192.14
176.34
208.79
196.21
204.91
211.72
198.01
194.89
184.01
186.09
180.6
174.73
160.17
164.14
165.37
141.24
145.69
161.11
157.52
137.08
155.06
130.18
137.08
148.62
155.62
144.08
142.38
149.57
130.27
140.77
157.04
157.42
158.75
974.8
922.87
913.31
4.68
4.85
8.15
9.45
4.42
3.55
5.98
1.3
8.75
8.93
-162.42
-152.28
-145.87
-148.64
-148.21
-131.82
-147.17
-156.35
-139.11
-141.36
-148.38
-137.46
-140.23
-155.66
-155.14
-138.07
-160.08
-147.25
-153.15
-171.95
-180.19
-184.87
-179.75
-205.32
-193.36
-186.34
-190.65
-208.87
-176.98
-203.85
-201.51
-162.25
-195.09
-198.82
-187.55
-174.81
-178.19
-189.81
-165.19
-178.97
-196.83
-172.47
-178.37
-183.31
-153.23
-180.71
-196.48
-165.45
-159.56
-177.33
-190.85
-166.06
-164.24
-186.17
-162.85
-176.89
-185.73
-175.85
-196.57
-214.59
-201.16
-200.55
-219.53
-219.62
-213.55
-220.05
-194.27
-211.21
-215.03
-221.88
63.24
61.56
59.48
57.6
55.94
53.84
51.96
50.06
48.17
46.31
44.4
42.53
40.74
38.73
36.87
34.95
33.11
31.26
29.4
27.58
25.81
23.79
21.85
20.01
18.11
16.23
14.28
12.44
10.68
8.2
5.55
2.89
0.35
-2.31
-4.92
-7.47
-9.97
-12.01
-13.95
-15.85
-17.69
-19.58
-21.47
-23.37
-25.2
-27.17
-29.09
-30.95
-32.8
-34.67
-36.54
-38.48
-40.29
-42.22
-44.17
-46
-47.92
-49.82
-51.67
-53.58
-55.42
-57.36
-59.25
-61.18
-63.05
-64.89
-66.85
-68.7
-70.57
-72.49
-74.39
-75.52
-75.51
-75.53
-75.53
-75.51
-75.41
-75.53
-75.51
-75.5
-75.53
-75.51
-75.23
-73.63
-71.74
-69.7
-67.76
-65.87
-64
-62.09
-60.23
-58.33
-56.4
-54.55
-52.62
-50.8
-48.88
-46.99
-45.12
-43.19
-41.29
-39.45
-37.51
-35.65
-33.77
-31.9
-30.07
-28.17
-26.21
-24.35
-22.47
-20.57
-18.67
-16.83
-14.92
-13.01
-10.98
-8.86
-6.13
-3.65
-1.04
1.67
4.17
6.81
9.55
11.48
13.35
15.24
17.16
19.01
20.91
22.83
24.83
26.61
28.43
30.3
32.17
34.17
35.95
37.87
39.8
41.6
43.49
45.36
47.27
49.18
51.07
52.97
55.01
56.71
58.61
60.53
62.4
64.32
