154
66
89
199.43
210.31
194.89
188.64
209.36
182.3
190.63
195.74
185.14
190.06
197.63
206.52
190.91
201.22
206.52
199.8
191.48
203.21
186.56
190.16
201.41
201.13
200.66
216.17
211.63
197.34
214.75
205.29
197.91
213.9
210.78
195.64
190.72
201.41
189.87
200.66
217.12
199.24
192.24
206.52
197.44
195.93
208.41
205.2
193.18
198.48
219.01
194.98
193.84
199.43
191.95
184.19
195.64
193.37
196.59
196.12
187.88
188.26
190.34
185.71
176.15
190.72
206.9
178.99
183.72
185.52
188.45
178.8
176.72
175.49
177.48
668.76
900.07
873.77
1.99
1.73
0
2.77
2.34
5.37
2.69
4.68
3.99
5.55
-162.77
-204.71
-198.3
-194.83
-193.27
-194.83
-197.52
-203.33
-200.12
-196.05
-196.13
-196.31
-196.13
-205.58
-196.91
-192.58
-204.54
-201.68
-201.33
-201.33
-213.9
-231.58
-216.59
-213.63
-232.02
-215.03
-231.06
-225.43
-216.15
-226.64
-227.6
-213.73
-216.76
-212.55
-213.76
-222.05
-210
-210.43
-200.47
-206.62
-211.04
-214.42
-208.79
-215.63
-211.56
-211.65
-225.43
-204.89
-191.71
-202.37
-200.47
-184.52
-187.29
-187.9
-186.86
-189.46
-187.38
-187.81
-187.21
-198.65
-185.3
-178.37
-183.48
-203.59
-200.47
-202.98
-212.17
-206.88
-200.55
-205.67
63.28
61.54
59.5
57.67
55.95
53.88
51.96
50.27
48.2
46.47
44.42
42.57
40.78
38.77
36.92
35.16
33.15
31.28
29.41
27.57
25.83
23.8
21.91
20.15
18.12
16.28
14.35
12.48
10.7
8.24
5.6
3.11
0.41
-2.28
-4.86
-7.43
-9.91
-11.99
-13.88
-15.71
-17.71
-19.46
-21.47
-23.33
-25.17
-27.14
-29.04
-30.89
-32.78
-34.55
-36.54
-38.42
-40.24
-42.19
-44.08
-45.91
-47.86
-49.7
-51.65
-53.56
-55.38
-57.35
-59.22
-61.06
-63.02
-64.9
-66.79
-68.66
-70.55
-72.47
-74.31
-75.34
-75.45
-75.32
-75.46
-75.46
-75.36
-75.44
-75.44
-75.34
-75.47
-75.36
-75.17
-73.59
-71.71
-69.72
-67.73
-65.85
-64.02
-62.08
-60.28
-58.4
-56.45
-54.61
-52.73
-50.81
-48.95
-47.08
-45.22
-43.32
-41.37
-39.56
-37.63
-35.69
-33.91
-32.03
-30.18
-28.31
-26.29
-24.49
-22.6
-20.64
-18.81
-16.83
-15.07
-13.12
-11.15
-9.03
-6.42
-3.66
-1.22
1.57
4.01
6.55
9.37
11.32
13.26
15.22
17.02
18.98
20.77
22.67
24.7
26.46
28.35
30.31
31.99
33.93
35.77
37.7
39.7
41.46
43.39
45.36
47.11
49.16
50.95
52.81
54.89
56.59
58.48
60.51
62.28
64.36
