156
67
90
202.67
216.83
218.16
216.36
201.8
203.97
211.82
205.29
188.83
186.56
193.84
214.47
176.25
184.48
208.89
171.04
184.86
192.43
178.52
184.86
187.51
173.03
175.49
190.91
192.43
190.16
189.4
201.6
183.72
181.17
182.59
166.13
175.02
188.93
175.4
195.74
213.81
198.57
187.32
203.21
213.05
204.72
220.24
216.55
215.04
201.25
214.85
199.24
213.14
204.35
185.42
176.25
186.94
187.7
173.32
191.29
188.93
159.41
163.19
180.69
152.98
170.29
198.67
178.14
174.36
185.71
167.54
154.3
175.11
169.25
157.33
161.21
905.46
896.28
891.74
1.3
3.81
4.25
2.25
4.25
1.13
4.16
3.81
-2.6
1.65
4.33
-153.32
-205.15
-199.86
-206.01
-221.01
-213.73
-219.01
-229.5
-218.67
-218.32
-230.28
-217.11
-216.67
-235.74
-225.95
-225
-237.22
-238
-244.87
-242.59
-243.02
-248.84
-245.28
-251.5
-249.36
-245.03
-252.07
-246.95
-242.07
-247.91
-247.39
-234.01
-239.99
-244.12
-245.39
-226.56
-221.44
-237.48
-211.73
-224.82
-221.96
-220.14
-223.61
-225.78
-242.5
-242.16
-246.11
-227.16
-229.85
-242.85
-245.7
-236.78
-245.94
-243.96
-245.54
-244.4
-246.61
-247.08
-246.84
-245.42
-251.44
-245
-248.69
-251.94
-245.81
-249.6
-249.34
-246.85
-245.48
-246.93
63.24
61.5
59.48
57.62
55.93
53.79
52.1
50.07
48.17
46.41
44.38
42.5
40.74
38.73
36.87
34.96
33.11
31.37
29.37
27.56
25.78
23.74
21.88
19.98
18.06
16.32
14.32
12.42
10.67
8.12
5.52
2.88
0.31
-2.12
-4.93
-7.43
-9.98
-12.02
-13.85
-15.85
-17.71
-19.51
-21.49
-23.4
-25.22
-27.19
-29.1
-30.99
-32.82
-34.62
-36.58
-38.46
-40.31
-42.24
-44.18
-46.02
-47.93
-49.76
-51.71
-53.6
-55.42
-57.4
-59.27
-61.18
-63.06
-64.86
-66.84
-68.7
-70.58
-72.51
-74.29
-75.77
-75.78
-75.68
-75.78
-75.78
-75.68
-75.79
-75.71
-75.78
-75.78
-75.68
-75.76
-75.78
-75.49
-73.86
-71.94
-69.92
-67.98
-66.02
-64.21
-62.29
-60.34
-58.55
-56.59
-54.74
-52.85
-50.89
-49.06
-47.16
-45.25
-43.41
-41.5
-39.47
-37.7
-35.77
-33.94
-32.09
-30.18
-28.35
-26.36
-24.52
-22.65
-20.71
-18.84
-16.99
-15
-13.15
-11.24
-9.11
-6.4
-3.77
-1.29
1.34
4.11
6.53
9.19
11.28
13.19
15.17
16.97
18.86
20.84
22.63
24.53
26.4
28.26
30.24
31.98
33.85
35.89
37.65
39.46
41.43
43.33
45.31
47.07
49
51.05
52.78
54.81
56.53
58.44
60.48
62.24
64.12
