154
66
89
187.32
174.64
192.05
201.41
207.09
181.26
184.29
184.95
163.57
180.98
185.33
175.49
184.48
181.55
186.75
180.03
179.28
195.74
178.05
182.87
187.22
166.13
186.84
182.4
181.92
179.56
177.19
195.55
184.19
193.84
196.4
176.53
191.57
189.68
174.73
195.64
193.94
162.25
171.9
182.68
186.37
174.55
183.06
180.98
178.99
182.3
183.15
167.54
180.41
171.14
154.68
189.21
181.74
175.02
179.75
184.01
191.1
180.6
176.82
176.25
174.92
185.61
186.65
172.75
180.6
175.78
149.38
168.49
178.71
177.57
169.91
829.97
894.39
890.04
6.76
9.36
2.34
5.03
2.51
9.97
3.47
0.69
4.25
5.03
-191.45
-172.47
-174.81
-180.71
-182.96
-181.83
-185.91
-188.42
-180.19
-176.81
-182.53
-185.39
-179.23
-194.05
-190.33
-169.79
-184.87
-186.77
-188.42
-191.63
-187.99
-204.45
-200.55
-201.85
-213.21
-205.67
-215.46
-208.18
-190.15
-213.38
-207.31
-189.29
-220.14
-209.57
-219.79
-205.32
-202.72
-228.72
-218.06
-227.86
-226.9
-195.7
-213.21
-204.19
-192.15
-205.84
-209.65
-206.71
-196.74
-199.86
-217.8
-200.29
-210.17
-211.91
-191.37
-211.04
-205.93
-201.07
-217.02
-217.54
-221.88
-220.14
-196.74
-223
-220.4
-222.83
-211.49
-217.11
-214.16
-206.79
63.2
61.33
59.42
57.59
55.72
53.81
51.94
50.19
48.13
46.23
44.36
42.44
40.56
38.67
36.82
35.04
33.06
31.2
29.33
27.5
25.61
23.71
21.83
20.05
18.05
16.17
14.29
12.4
10.51
8.09
5.45
2.98
0.29
-2.36
-4.98
-7.53
-10.18
-12.09
-13.99
-15.78
-17.77
-19.64
-21.57
-23.44
-25.35
-27.23
-29.15
-30.93
-32.86
-34.75
-36.61
-38.48
-40.41
-42.27
-44.23
-46
-47.96
-49.86
-51.73
-53.62
-55.51
-57.43
-59.3
-61.16
-63.11
-64.97
-66.89
-68.77
-70.62
-72.53
-74.45
-75.71
-75.81
-75.81
-75.84
-75.82
-75.81
-75.82
-75.84
-75.74
-75.81
-75.82
-75.44
-73.68
-71.83
-69.75
-67.84
-65.92
-64.06
-62.16
-60.27
-58.4
-56.53
-54.6
-52.72
-50.78
-48.95
-47.04
-45.22
-43.25
-41.34
-39.52
-37.58
-35.61
-33.81
-31.98
-30.11
-28.23
-26.29
-24.41
-22.52
-20.56
-18.73
-16.87
-14.98
-13.04
-11.16
-8.9
-6.28
-3.61
-1.09
1.52
4.1
6.71
9.33
11.39
13.33
15.31
17.08
18.97
20.86
22.76
24.65
26.55
28.43
30.36
32.09
34.01
35.87
37.77
39.63
41.55
43.46
45.42
47.21
49.12
51.03
52.9
54.8
56.68
58.57
60.6
62.36
64.27
