154
66
89
211.91
222.6
218.91
197.54
194.47
192.9
198.95
201.7
167.36
179.56
188.74
153.35
176.72
179.37
172.27
179.75
203.4
184.01
176.63
194.79
192.24
172.75
192.52
188.45
172.56
171.61
177.76
165.84
170.29
175.02
189.97
176.53
204.82
202.55
169.53
187.7
193.37
156.76
180.41
188.55
158.65
171.71
187.32
183.15
161.58
170.19
186.56
167.83
178.14
185.9
189.4
191.38
204.63
165.46
162.63
182.59
176.53
173.41
192.24
183.25
166.69
191.38
177.95
172.37
186.65
217.87
181.74
179.94
204.91
177.57
161.96
884.17
870.74
865.16
1.39
11.61
8.49
6.93
-2.17
4.85
11.27
5.55
6.67
4.77
-169.79
-169.53
-167.45
-174.55
-195.18
-171.17
-160.51
-165.89
-158
-150.46
-163.2
-175.07
-163.37
-166.41
-167.01
-161.21
-161.12
-166.75
-159.39
-164.24
-165.37
-156.53
-151.07
-169.96
-165.11
-149.25
-156.96
-166.67
-154.1
-167.19
-171.43
-162.51
-173.17
-161.81
-166.41
-170.39
-177.76
-171.26
-152.28
-155.23
-164.67
-149.16
-164.15
-153.75
-163.29
-165.63
-168.14
-161.03
-162.25
-163.81
-164.93
-173.95
-173.17
-168.66
-154.27
-153.49
-157.91
-156.01
-160.6
-154.1
-160.17
-158
-165.11
-176.89
-172.39
-183.91
-206.45
-190.33
-193.88
-184.78
63.15
61.28
59.36
57.5
55.75
53.68
51.82
50.06
47.99
46.11
44.22
42.32
40.59
38.58
36.68
34.95
32.94
31.03
29.2
27.34
25.59
23.54
21.68
19.89
17.88
16.01
14.12
12.2
10.32
7.88
5.24
2.72
0.02
-2.59
-5.17
-7.78
-10.19
-12.25
-14.16
-16.07
-17.98
-19.82
-21.71
-23.64
-25.45
-27.39
-29.28
-31.1
-33.03
-34.92
-36.79
-38.7
-40.49
-42.44
-44.39
-46.14
-48.15
-50.05
-51.91
-53.8
-55.72
-57.58
-59.48
-61.38
-63.26
-65.14
-67.07
-68.96
-70.8
-72.71
-74.57
-75.6
-75.59
-75.58
-75.58
-75.61
-75.5
-75.61
-75.59
-75.48
-75.57
-75.58
-75.31
-73.72
-71.81
-69.78
-67.83
-65.93
-64.07
-62.14
-60.26
-58.31
-56.5
-54.56
-52.72
-50.8
-48.91
-47.03
-45.18
-43.29
-41.38
-39.51
-37.54
-35.66
-33.83
-31.89
-30.11
-28.23
-26.25
-24.38
-22.49
-20.57
-18.74
-16.83
-14.96
-13.07
-11.04
-8.88
-6.24
-3.57
-1.13
1.57
4.13
6.72
9.5
11.41
13.31
15.31
17.05
18.97
20.88
22.79
24.65
26.52
28.44
30.24
32.11
34.01
35.88
37.79
39.77
41.54
43.45
45.43
47.21
49.11
51.01
52.91
54.98
56.71
58.57
60.64
62.34
64.3
