154
66
89
213.52
205.58
182.4
207.28
202.74
163.57
194.98
207.18
159.5
181.92
193.37
172.75
166.98
189.3
201.7
189.87
219.58
207.75
191.29
217.31
202.74
199.52
202.58
211.06
187.22
202.36
201.89
198.67
186.84
218.73
206.71
178.9
199.24
187.6
161.4
195.07
195.64
181.26
198.1
194.7
202.36
203.59
205.29
199.24
215.6
221.19
199.43
198.39
210.12
192.71
174.55
180.41
177.57
174.92
168.87
172.84
169.15
170.38
163.29
166.31
176.15
186.37
174.83
179.84
198.48
203.21
198.39
194.89
178.23
192.52
184.95
876.89
825.14
822.49
2.86
4.51
5.11
3.81
0.87
2.77
3.99
5.98
5.81
3.03
-186.69
-190.33
-187.21
-193.19
-188.51
-184.69
-184.52
-177.24
-157.57
-160.08
-160.95
-158.87
-146.3
-150.03
-154.19
-153.93
-159.13
-162.33
-166.15
-168.57
-173.6
-191.28
-193.62
-204.02
-198.47
-196.65
-199.86
-180.71
-171.78
-184.95
-172.91
-168.92
-182.79
-173.25
-177.5
-167.53
-161.38
-188.77
-179.75
-192.41
-193.62
-178.8
-194.66
-184.87
-197.95
-209.22
-215.37
-207.92
-202.46
-201.77
-218.49
-189.72
-180.71
-196.91
-186.08
-182.18
-185.04
-185.56
-169.18
-174.64
-192.67
-174.99
-176.55
-200.12
-184.87
-185.82
-202.89
-192.93
-192.67
-203.07
63.15
61.27
59.32
57.55
55.66
53.72
51.86
50.13
48.04
46.19
44.3
42.4
40.54
38.62
36.79
35.03
33.03
31.13
29.29
27.49
25.54
23.67
21.77
20.02
17.98
16.11
14.22
12.33
10.46
8.03
5.37
2.92
0.18
-2.49
-5.11
-7.57
-10.08
-12.13
-14.06
-15.85
-17.83
-19.67
-21.63
-23.46
-25.4
-27.29
-29.18
-31.01
-32.89
-34.8
-36.68
-38.58
-40.49
-42.32
-44.27
-46.08
-48
-49.91
-51.83
-53.68
-55.58
-57.49
-59.36
-61.26
-63.16
-65.02
-66.9
-68.8
-70.73
-72.58
-74.48
-75.46
-75.53
-75.53
-75.56
-75.53
-75.54
-75.52
-75.54
-75.44
-75.51
-75.54
-75.27
-73.75
-71.9
-69.83
-67.89
-65.99
-64.17
-62.27
-60.39
-58.52
-56.64
-54.75
-52.86
-50.93
-49.09
-47.21
-45.37
-43.46
-41.54
-39.7
-37.77
-35.8
-34.03
-32.16
-30.33
-28.46
-26.52
-24.63
-22.71
-20.76
-18.93
-17.07
-15.18
-13.24
-11.34
-9.21
-6.53
-3.89
-1.4
1.23
3.83
6.4
9.08
11.2
13.07
15.09
16.87
18.73
20.66
22.51
24.44
26.3
28.21
30.18
31.89
33.78
35.67
37.55
39.41
41.33
43.27
45.22
46.96
48.91
50.76
52.67
54.58
56.45
58.34
60.4
62.13
64.03
