154
66
89
195.26
196.87
199.43
211.16
217.68
196.68
211.06
190.43
195.17
208.6
192.37
201.32
217.02
206.81
188.26
191.86
185.52
170.95
159.98
171.14
166.6
160.35
164.42
159.41
160.26
170.38
167.54
168.68
171.61
167.92
166.79
171.04
186.56
166.69
179.37
192.24
177.48
165.46
173.69
175.68
171.23
172.94
173.6
171.99
173.88
175.49
181.45
175.4
183.63
177.76
157.71
178.9
180.32
164.14
175.02
183.06
165.94
161.49
170.19
181.17
163.48
180.41
167.07
155.25
163.57
156.85
134.34
150.89
151.37
138.12
136.42
782.28
776.89
782.47
4.59
5.29
3.21
1.99
0.52
1.47
1.13
1.47
-0.87
6.67
-151.24
-156.87
-165.97
-174.29
-177.67
-179.75
-187.64
-204.8
-212.25
-187.38
-206.88
-201.68
-186.43
-208.79
-214.51
-216.76
-211.73
-215.11
-210.69
-189.72
-203.41
-213.77
-198.3
-219.19
-213.9
-191.97
-211.13
-231.76
-192.15
-204.19
-223.96
-199.08
-193.36
-219.79
-219.62
-198.47
-203.93
-189.89
-191.97
-205.06
-210.78
-195.09
-188.25
-201.25
-182.7
-169.79
-208.53
-177.93
-170.48
-202.2
-192.41
-189.63
-204.45
-208.53
-218.49
-219.19
-213.7
-215.89
-225.95
-215.98
-218.19
-214.33
-213.57
-227.94
-211.39
-220.23
-223.35
-221.7
-193.79
-213.73
62.53
60.42
58.57
56.71
54.81
52.88
51.01
49.12
47.18
45.29
43.47
41.52
39.64
37.94
35.87
33.98
32.1
30.24
28.42
26.55
24.66
22.88
20.9
18.97
17.2
15.21
13.31
11.41
9.41
6.92
4.13
1.54
-0.91
-3.71
-6.24
-8.84
-11.11
-12.94
-14.97
-16.82
-18.63
-20.66
-22.53
-24.4
-26.3
-28.08
-30.11
-31.94
-33.7
-35.69
-37.58
-39.49
-41.38
-43.19
-45.17
-47.03
-48.9
-50.87
-52.7
-54.58
-56.47
-58.4
-60.29
-62.2
-64.05
-65.95
-67.89
-69.74
-71.6
-73.45
-75.41
-75.81
-75.81
-75.8
-75.82
-75.82
-75.81
-75.72
-75.81
-75.81
-75.72
-75.81
-75.67
-74.56
-72.62
-70.56
-68.67
-66.76
-64.84
-62.97
-61.09
-59.21
-57.33
-55.33
-53.56
-51.63
-49.71
-47.87
-45.97
-44.1
-42.15
-40.31
-38.4
-36.47
-34.57
-32.75
-30.89
-29.03
-27.14
-25.21
-23.33
-21.45
-19.51
-17.66
-15.8
-13.85
-11.91
-9.94
-7.42
-4.76
-2.1
0.45
3.01
5.6
8.27
10.62
12.46
14.4
16.41
18.21
20.04
21.9
23.83
25.84
27.63
29.47
31.4
33.23
35.09
36.94
38.85
40.86
42.64
44.48
46.5
48.37
50.24
52.1
54.05
56.02
57.77
59.65
61.72
63.46
