154
66
89
238.97
235.75
227.4
228.8
231.52
238.88
233.74
229.69
224.69
238.59
233.48
224.5
204.44
227.15
212.1
194.51
212.95
198.1
192.05
195.26
205.29
208.22
212.1
219.2
219.67
224.4
221.94
229.89
217.4
235
227.14
215.13
232.63
217.97
206.9
228.04
231.92
223.93
215.6
217.68
212.95
215.32
215.98
223.83
219.86
211.44
238.31
235.75
232.06
235.09
229.79
223.27
231.5
222.23
222.42
228.38
219.86
219.2
231.21
200.56
197.06
216.17
222.79
196.68
184.48
208.7
217.5
205.86
201.6
210.21
215.6
838.67
830.15
824.38
3.12
0.95
6.33
4.68
4.77
5.29
3.73
0.52
8.41
-0.78
0.52
-199.34
-186.51
-171.52
-176.46
-179.15
-185.13
-193.1
-177.15
-174.12
-180.53
-176.98
-166.75
-174.81
-188.25
-181.66
-188.68
-179.15
-190.76
-184.35
-184.09
-195.79
-189.29
-199.95
-192.75
-176.55
-181.49
-187.81
-176.89
-169.7
-182.53
-184.61
-197.09
-213.99
-204.89
-205.58
-193.36
-201.25
-191.19
-199.08
-201.16
-195.61
-192.58
-182.87
-192.41
-174.21
-192.67
-191.71
-170.22
-180.36
-195.87
-168.4
-172.13
-177.76
-181.83
-176.89
-182.7
-194.66
-200.21
-201.25
-211.56
-207.83
-201.33
-211.47
-214.59
-221.01
-224.91
-201.33
-209.83
-197.43
63.17
61.45
59.37
57.53
55.77
53.68
51.82
50.03
48.01
46.28
44.21
42.33
40.6
38.55
36.69
34.8
32.95
31.16
29.18
27.34
25.59
23.58
21.68
19.78
17.88
16.15
14.13
12.23
10.47
7.88
5.23
2.84
0.07
-2.46
-5.18
-7.69
-10.19
-12.26
-14.16
-15.95
-17.93
-19.72
-21.72
-23.58
-25.42
-27.42
-29.28
-31.19
-33.01
-34.89
-36.76
-38.68
-40.5
-42.44
-44.35
-46.24
-48.14
-49.96
-51.88
-53.8
-55.62
-57.59
-59.48
-61.38
-63.26
-65.11
-67.04
-68.96
-70.78
-72.7
-74.6
-75.41
-75.51
-75.41
-75.49
-75.51
-75.43
-75.51
-75.49
-75.46
-75.51
-75.43
-75.24
-73.71
-71.8
-69.78
-67.85
-65.96
-64.06
-62.1
-60.29
-58.41
-56.44
-54.62
-52.71
-50.82
-48.94
-47.01
-45.19
-43.26
-41.29
-39.53
-37.6
-35.63
-33.84
-31.89
-30.11
-28.22
-26.24
-24.41
-22.53
-20.55
-18.75
-16.76
-15
-13.04
-11.04
-8.93
-6.28
-3.73
-1.1
1.54
4.15
6.7
9.5
11.41
13.31
15.18
17.11
19.1
20.85
22.74
24.79
26.52
28.38
30.21
32.11
34.01
35.89
37.8
39.75
41.54
43.45
45.43
47.19
49.29
51.03
52.91
54.94
56.68
58.6
60.62
62.33
64.44
