154
66
89
192.8
186.47
202.45
214
193.18
188.07
197.25
186.18
155.81
177.38
175.87
148.62
162.34
163.76
161.87
171.9
177.19
170.86
157.99
167.36
181.07
162.53
172.75
187.6
174.45
182.87
181.26
182.49
178.14
189.3
179.84
172.94
182.78
178.9
171.52
176.44
177.86
146.83
166.88
167.92
170.57
177.29
182.02
182.02
177.57
174.64
176.44
160.26
174.36
174.83
140.58
156.48
165.27
142.19
156.1
169.72
160.64
151.56
160.54
149.76
158.75
177.95
168.4
149.1
172.56
170.19
155.72
164.61
171.04
174.64
169.91
918.8
893.35
888.34
5.55
5.37
-0.52
4.68
7.11
7.71
7.8
5.89
4.85
9.27
-213.81
-192.93
-193.45
-199.77
-200.73
-185.99
-189.98
-188.59
-184.95
-177.93
-190.59
-183.57
-177.59
-190.67
-205.23
-191.19
-201.33
-196.48
-207.14
-222.66
-227.16
-229.3
-233.84
-227.68
-237.22
-220.31
-237.3
-227.14
-203.07
-226.21
-217.97
-205.41
-219.88
-237.65
-227.96
-238.17
-230.28
-227.14
-235.83
-229.78
-229.95
-228.94
-228.31
-230.98
-233.84
-235.4
-226.79
-218.23
-204.37
-193.45
-213.03
-192.67
-199.95
-209.91
-211.65
-212.95
-193.45
-210.26
-230.89
-222.48
-231.21
-229.24
-227.09
-235.85
-230.91
-231.32
-234.92
-226.7
-228.63
-226.9
63.13
61.26
59.38
57.54
55.81
53.75
51.88
50.13
48.06
46.19
44.3
42.42
40.68
38.65
36.79
34.92
33.04
31.13
29.29
27.47
25.74
23.68
21.78
20.02
17.99
16.12
14.23
12.36
10.6
8.04
5.39
2.95
0.2
-2.42
-5.04
-7.61
-10.08
-12.11
-14.03
-15.82
-17.81
-19.68
-21.6
-23.47
-25.3
-27.26
-29.16
-30.96
-32.88
-34.78
-36.65
-38.54
-40.39
-42.31
-44.25
-46.02
-47.98
-49.9
-51.76
-53.69
-55.49
-57.47
-59.38
-61.2
-63.12
-65.04
-66.91
-68.81
-70.73
-72.57
-74.48
-75.6
-75.71
-75.68
-75.69
-75.7
-75.62
-75.71
-75.68
-75.64
-75.71
-75.7
-75.41
-73.74
-71.92
-69.84
-67.87
-65.95
-64.1
-62.17
-60.3
-58.44
-56.54
-54.62
-52.76
-50.8
-48.95
-47.08
-45.21
-43.32
-41.39
-39.54
-37.6
-35.77
-33.88
-31.98
-30.17
-28.28
-26.35
-24.46
-22.56
-20.69
-18.75
-16.87
-15.01
-13.11
-11.2
-9
-6.36
-3.64
-1.2
1.48
4.08
6.64
9.41
11.37
13.26
15.27
17.04
18.95
20.81
22.72
24.73
26.52
28.38
30.35
32.05
33.94
35.82
37.74
39.74
41.5
43.41
45.41
47.14
49.07
50.98
52.84
54.88
56.64
58.55
60.57
62.32
64.23
