154
66
89
191.86
194.22
198.95
192.43
219.29
196.87
201.13
186.94
185.24
175.49
176.63
189.49
160.92
170.95
191.57
158.65
161.68
196.68
161.77
162.06
187.22
167.36
172.09
170.86
188.55
172.84
176.91
187.22
187.22
196.78
191.2
182.3
174.92
175.96
163.67
184.95
202.55
172.18
168.21
180.6
193.18
180.98
189.21
192.14
183.06
183.15
175.68
167.26
177.67
185.14
166.41
171.52
173.41
159.79
162.91
182.02
185.52
165.84
178.23
176.82
168.68
177.38
188.55
176.82
158.08
169.44
159.41
159.41
182.21
177.1
171.71
884.74
930.62
924.38
9.27
2.77
5.72
3.99
1.99
3.12
-0.61
3.29
2.51
2.25
-171
-184.69
-185.3
-177.41
-184.09
-185.56
-182.27
-199.86
-196.39
-185.73
-201.77
-209.22
-169.18
-181.92
-196.57
-185.04
-171.35
-178.11
-187.47
-178.89
-187.99
-205.84
-180.97
-200.38
-193.36
-179.15
-203.93
-207.92
-201.94
-195.7
-212.43
-189.46
-194.66
-212.43
-201.57
-191.97
-197.43
-186.43
-175.25
-187.73
-200.38
-187.29
-192.58
-195.27
-193.01
-179.06
-206.71
-168.4
-153.23
-173.17
-183.31
-155.75
-160.43
-177.15
-180.62
-179.84
-200.21
-207.49
-181.4
-204.8
-213.81
-188.07
-198.99
-199.25
-191.63
-196.22
-199.86
-189.46
-176.03
-186.08
63.18
61.31
59.57
57.54
55.82
53.72
51.82
50.1
48.03
46.14
44.42
42.37
40.59
38.61
36.72
34.95
32.95
31.09
29.37
27.37
25.63
23.54
21.71
19.93
17.98
16.05
14.28
12.24
10.52
7.91
5.28
2.82
0.07
-2.55
-4.97
-7.7
-10.16
-12.22
-14.13
-15.93
-17.88
-19.79
-21.6
-23.56
-25.4
-27.37
-29.27
-31.06
-32.96
-34.86
-36.65
-38.64
-40.46
-42.44
-44.34
-46.14
-48.13
-50.01
-51.79
-53.75
-55.66
-57.57
-59.46
-61.3
-63.24
-65.1
-66.94
-68.91
-70.79
-72.67
-74.54
-75.32
-75.41
-75.39
-75.4
-75.41
-75.27
-75.41
-75.41
-75.3
-75.47
-75.42
-75.09
-73.71
-71.77
-69.81
-67.8
-65.92
-64.07
-62.2
-60.27
-58.47
-56.49
-54.69
-52.8
-50.89
-49.01
-47.13
-45.18
-43.36
-41.52
-39.59
-37.68
-35.73
-33.94
-32.08
-30.13
-28.35
-26.36
-24.56
-22.64
-20.72
-18.86
-17
-15.04
-13.14
-11.17
-9.09
-6.46
-3.77
-1.31
1.36
4.06
6.53
9.31
11.31
13.18
15.15
16.95
18.84
20.84
22.63
24.65
26.39
28.25
30.25
31.94
33.87
35.89
37.62
39.5
41.39
43.33
45.29
47.06
49
51.04
52.79
54.82
56.57
58.44
60.5
62.23
64.12
