154
66
89
197.16
203.59
192.05
205.48
219.67
191.67
188.07
207.66
185.99
177.29
195.83
206.81
175.4
192.05
203.21
171.14
188.55
199.99
170.86
179.56
191.1
195.93
194.79
202.26
189.21
184.48
207.37
210.97
188.74
204.06
210.4
177.57
191.67
213.05
187.51
193.18
215.7
196.49
179.65
193.84
192.9
177.19
196.68
194.22
193.18
202.08
217.02
197.53
204.63
198.39
197.72
182.68
198.39
193.37
178.99
194.98
216.64
184.38
187.13
201.51
196.59
196.78
212.86
191.76
192.8
202.55
194.7
183.82
203.97
182.02
185.24
731.1
898.65
882.66
4.16
5.11
4.16
3.99
3.64
1.47
3.73
-0.95
2.86
5.03
-82.68
-198.91
-229.5
-217.11
-213.81
-223.35
-214.07
-218.75
-224.82
-199.08
-203.76
-210.43
-196.83
-198.04
-209.91
-210.09
-190.24
-198.3
-207.14
-196.65
-214.16
-219.91
-206.53
-222.66
-230.11
-205.49
-204.89
-215.72
-201.07
-203.5
-211.47
-208.09
-204.28
-224.04
-219.99
-224.22
-207.4
-226.04
-206.45
-221.18
-225.6
-221.96
-215.11
-211.65
-216.67
-199.25
-217.37
-207.49
-190.41
-189.29
-206.53
-186.25
-188.07
-198.13
-196.83
-190.15
-196.13
-213.99
-204.63
-209.39
-230.54
-208.09
-201.77
-220.92
-211.56
-219.97
-231.41
-218.93
-217.89
-226.9
63.42
61.68
59.6
57.79
56.04
53.93
52.22
50.17
48.27
46.54
44.46
42.6
40.8
38.8
36.95
35.04
33.18
31.42
29.41
27.61
25.89
23.81
21.93
20.05
18.13
16.38
14.39
12.48
10.71
8.22
5.6
2.91
0.41
-2.08
-4.84
-7.4
-9.93
-11.99
-13.8
-15.79
-17.7
-19.46
-21.48
-23.34
-25.16
-27.13
-29.05
-30.95
-32.75
-34.57
-36.52
-38.48
-40.28
-42.15
-44.07
-45.9
-47.86
-49.73
-51.64
-53.54
-55.41
-57.35
-59.18
-61.19
-63.02
-64.82
-66.79
-68.7
-70.53
-72.49
-74.34
-75.37
-75.37
-75.3
-75.37
-75.39
-75.28
-75.36
-75.27
-75.41
-75.38
-75.27
-75.16
-73.78
-71.88
-69.87
-67.92
-66.02
-64.15
-62.2
-60.33
-58.5
-56.54
-54.67
-52.78
-50.9
-48.99
-47.07
-45.32
-43.37
-41.36
-39.58
-37.67
-35.78
-33.91
-31.97
-30.19
-28.32
-26.32
-24.49
-22.52
-20.73
-18.82
-16.86
-15.08
-13.11
-11.13
-9.03
-6.43
-3.69
-1.21
1.56
4.02
6.59
9.39
11.34
13.24
15.11
17.04
18.99
20.76
22.66
24.71
26.47
28.34
30.18
32.01
34.05
35.79
37.68
39.67
41.46
43.39
45.19
47.12
49.19
50.93
52.83
54.88
56.63
58.51
60.36
62.28
64.35
