154
66
89
187.22
179.18
170.1
184.48
191.01
179.28
167.07
175.59
170.38
168.96
185.24
185.05
165.65
178.14
176.63
164.99
174.26
170.38
164.14
167.45
185.61
161.4
173.13
181.74
176.06
170.57
181.45
173.6
173.5
183.34
173.69
162.06
183.25
177.38
173.98
185.14
190.16
165.08
176.53
187.51
171.14
152.69
187.51
183.34
178.23
173.5
178.23
172.94
180.32
188.64
143.99
163.67
187.41
159.6
162.15
168.87
160.17
149.95
171.61
165.08
146.07
175.3
178.61
166.5
173.69
194.79
165.37
176.25
180.22
163.48
158.56
672.92
918.33
913.78
4.85
4.33
2.95
4.42
1.73
5.55
1.56
8.32
-0.09
0.35
-125.15
-175.85
-175.68
-191.37
-192.93
-182.35
-176.81
-186.17
-187.21
-158.35
-165.02
-169.27
-148.73
-165.54
-167.97
-166.23
-170.48
-169.18
-167.45
-165.97
-171.61
-182.61
-182.87
-207.66
-194.14
-163.2
-187.64
-195.53
-173.08
-172.82
-181.83
-181.66
-173.51
-179.49
-193.62
-178.63
-183.13
-167.79
-157.57
-165.37
-170.13
-158.43
-167.01
-166.06
-157.74
-159.47
-176.2
-159.3
-147.69
-160.51
-158.52
-139.63
-156.35
-164.15
-162.51
-165.45
-162.59
-164.07
-158.78
-176.89
-182.27
-165.45
-172.3
-172.13
-147.43
-166.15
-176.89
-162.68
-169.87
-165.37
63.18
61.45
59.37
57.55
55.8
53.69
51.8
50.1
47.98
46.28
44.25
42.38
40.6
38.58
36.7
34.95
32.96
31.18
29.2
27.37
25.61
23.57
21.7
19.92
17.93
16.02
14.11
12.25
10.47
7.93
5.26
2.79
0.06
-2.59
-5.14
-7.72
-10.19
-12.26
-14.16
-15.95
-17.93
-19.79
-21.68
-23.55
-25.43
-27.38
-29.25
-31.08
-32.99
-34.91
-36.76
-38.65
-40.51
-42.43
-44.3
-46.12
-48.14
-50.02
-51.9
-53.79
-55.63
-57.53
-59.43
-61.31
-63.24
-65.11
-67.04
-68.94
-70.77
-72.7
-74.55
-75.55
-75.64
-75.56
-75.65
-75.65
-75.55
-75.65
-75.68
-75.57
-75.66
-75.56
-75.37
-73.69
-71.78
-69.77
-67.81
-65.92
-64.06
-62.04
-60.25
-58.4
-56.4
-54.57
-52.67
-50.74
-48.91
-46.95
-45.17
-43.24
-41.31
-39.47
-37.56
-35.61
-33.81
-31.87
-30.11
-28.21
-26.2
-24.39
-22.49
-20.55
-18.7
-16.74
-14.95
-13.02
-11
-8.83
-6.28
-3.54
-1.06
1.72
4.19
6.77
9.55
11.44
13.32
15.34
17.11
19.1
20.86
22.78
24.78
26.55
28.49
30.42
32.1
34.03
35.91
37.81
39.77
41.54
43.47
45.44
47.22
49.16
51.08
52.97
55
56.69
58.6
60.64
62.39
64.29
