154
66
89
182.78
198.57
166.69
184.95
194.89
169.63
174.45
192.14
164.52
171.42
186.18
178.14
159.12
175.3
185.33
162.34
175.68
180.79
167.36
176.91
182.11
177.38
179.56
187.7
196.02
185.42
186.18
196.59
181.55
195.64
188.74
169.44
172.65
180.03
168.49
190.06
200.18
182.78
170.57
183.06
173.32
173.03
191.67
182.49
178.42
188.74
196.49
166.22
186.37
171.71
164.61
168.02
164.04
173.13
160.92
159.5
169.25
159.5
165.65
159.98
159.5
162.34
176.82
162.53
166.88
173.22
171.23
166.6
186.09
177.38
181.17
945.95
931.29
927.31
-2.08
0.69
3.38
-1.82
2.95
5.29
1.39
-1.04
2.34
0.35
-246.92
-192.15
-208.09
-195.18
-182.01
-193.97
-195.79
-187.64
-180.97
-174.47
-175.77
-180.45
-173.6
-179.15
-183.22
-169.09
-179.58
-182.96
-183.91
-181.92
-188.16
-197.87
-189.63
-201.07
-198.88
-197.52
-219.88
-206.88
-187.9
-201.51
-190.76
-200.29
-200.9
-221.18
-220.49
-191.97
-193.1
-178.02
-169.61
-184.61
-200.81
-190.76
-192.49
-199.43
-194.49
-185.91
-209.57
-188.16
-170.22
-182.96
-197.17
-166.06
-180.1
-180.71
-177.24
-177.76
-179.32
-199.25
-166.49
-191.02
-198.65
-181.31
-198.65
-208.18
-187.12
-191.02
-191.37
-185.99
-174.9
-193.88
63.28
61.54
59.44
57.61
55.89
53.77
51.92
50.03
48.11
46.36
44.27
42.44
40.63
38.72
36.79
35.02
33.02
31.26
29.3
27.46
25.69
23.63
21.77
20.01
18.01
16.09
14.19
12.31
10.6
8.04
5.4
2.75
0.19
-2.32
-5.08
-7.61
-10.12
-12.09
-14.05
-15.95
-17.85
-19.71
-21.63
-23.47
-25.35
-27.26
-29.19
-31.01
-32.92
-34.73
-36.68
-38.58
-40.44
-42.34
-44.27
-46.07
-48.03
-49.85
-51.82
-53.69
-55.51
-57.49
-59.36
-61.29
-63.16
-64.98
-66.94
-68.82
-70.7
-72.62
-74.47
-75.38
-75.39
-75.29
-75.4
-75.37
-75.3
-75.37
-75.41
-75.29
-75.37
-75.31
-75.09
-73.65
-71.72
-69.71
-67.76
-65.84
-64.04
-62.09
-60.27
-58.38
-56.44
-54.61
-52.74
-50.85
-48.95
-46.99
-45.22
-43.31
-41.35
-39.55
-37.62
-35.7
-33.87
-31.92
-30.18
-28.28
-26.28
-24.47
-22.59
-20.63
-18.76
-16.83
-15.07
-13.12
-11.11
-9.01
-6.36
-3.82
-1.22
1.62
4.06
6.61
9.38
11.34
13.24
15.13
17.03
19.01
20.77
22.66
24.7
26.47
28.34
30.32
32.03
34.05
35.81
37.7
39.7
41.46
43.39
45.35
47.12
49.19
50.93
52.86
54.9
56.62
58.5
60.43
62.31
64.34
