154
66
89
214.56
199.29
198.86
211.44
200.49
199.52
197.34
197.72
172.84
172.27
190.63
199.99
177.86
189.78
206.99
183.15
189.59
196.68
171.9
173.98
185.14
177.57
177.1
190.63
199.05
177.1
200.47
205.01
181.07
210.87
207.47
194.13
203.87
205.2
181.83
197.91
199.05
196.78
196.59
199.24
199.62
176.34
202.26
197.44
177.57
184.48
189.02
164.8
171.8
173.5
155.91
178.23
176.15
164.04
171.04
187.03
178.05
177.01
177.48
172.37
163.95
182.4
189.68
176.82
178.14
193.66
165.94
170.95
181.74
161.77
161.87
631.3
940.27
935.07
1.3
-0.09
3.9
3.81
-1.47
4.59
2.08
5.98
0.78
2.43
-150.11
-194.57
-193.1
-207.31
-205.67
-205.41
-199.95
-211.3
-216.85
-194.83
-194.83
-192.41
-187.81
-194.05
-180.01
-175.51
-174.21
-179.23
-175.59
-178.11
-173.69
-196.91
-185.56
-206.19
-215.2
-190.15
-208.27
-208.84
-197.52
-208.44
-222.83
-215.37
-216.41
-209.34
-210.51
-225
-214.33
-196.65
-207.05
-208.09
-215.63
-208.61
-204.63
-217.19
-193.97
-191.89
-210
-204.89
-175.51
-198.73
-215.63
-177.59
-182.35
-202.37
-206.53
-196.91
-207.31
-208.96
-186.17
-186.95
-194.83
-177.24
-180.1
-199.51
-199.86
-210.69
-225.69
-222.22
-205.32
-223.61
63.28
61.55
59.47
57.63
55.89
53.81
51.91
50.2
48.12
46.37
44.35
42.48
40.72
38.69
36.83
35.06
33.04
31.3
29.3
27.49
25.7
23.65
21.8
20.05
18.02
16.25
14.26
12.35
10.57
8.07
5.43
2.95
0.2
-2.43
-5.08
-7.59
-10.07
-12.12
-14.03
-15.82
-17.81
-19.61
-21.57
-23.47
-25.32
-27.26
-29.15
-30.95
-32.89
-34.69
-36.65
-38.57
-40.41
-42.34
-44.24
-46.03
-48.03
-49.83
-51.77
-53.67
-55.49
-57.46
-59.33
-61.21
-63.14
-64.94
-66.92
-68.81
-70.68
-72.58
-74.49
-75.47
-75.6
-75.47
-75.6
-75.59
-75.51
-75.58
-75.58
-75.49
-75.59
-75.51
-75.32
-73.87
-72.01
-70.02
-68.04
-66.12
-64.26
-62.3
-60.49
-58.6
-56.64
-54.82
-52.94
-50.98
-49.13
-47.17
-45.36
-43.49
-41.5
-39.72
-37.79
-35.84
-34.03
-32.08
-30.32
-28.43
-26.45
-24.6
-22.74
-20.79
-18.92
-16.98
-15.21
-13.29
-11.26
-9.23
-6.58
-3.85
-1.41
1.38
3.8
6.42
9.22
11.21
13.14
15.1
16.9
18.76
20.66
22.56
24.59
26.31
28.21
30.18
31.88
33.8
35.67
37.54
39.54
41.36
43.28
45.24
46.97
49.07
50.83
52.66
54.75
56.47
58.37
60.41
62.14
64.06
