154
66
89
220.14
208.22
197.82
212.01
210.59
199.62
205.29
212.95
193.09
205.58
224.21
212.48
213.52
216.36
211.72
202.17
205.76
197.91
191.57
194.51
183.44
180.79
191.1
192.8
174.07
181.74
186.47
175.21
180.88
196.78
192.24
180.79
188.74
198.1
195.26
216.55
224.31
202.45
205.48
203.78
199.05
207.47
207.94
193.75
207.75
201.41
199.43
189.3
196.12
190.63
184.29
198.95
191.76
197.91
208.13
203.02
200.85
209.74
210.59
196.49
194.51
214.37
205.67
189.78
199.24
200.37
193.66
189.87
196.12
171.61
192.99
916.53
924.1
914.45
2.51
6.93
1.73
3.03
0.26
2.95
1.65
4.77
6.59
1.65
-168.57
-185.39
-192.32
-197.09
-195.79
-198.04
-205.49
-213.73
-208.87
-203.5
-214.42
-194.31
-190.76
-199.6
-204.97
-197.17
-193.19
-193.01
-188.68
-193.62
-190.33
-199.34
-188.25
-200.64
-199.86
-187.38
-209.57
-205.06
-188.94
-201.77
-212.51
-192.58
-208.79
-212.86
-211.47
-203.93
-179.41
-178.02
-174.73
-187.38
-188.94
-171.43
-173.86
-166.93
-168.57
-188.42
-190.67
-187.55
-184.78
-176.89
-191.8
-200.9
-204.28
-205.41
-196.65
-212.25
-202.98
-215.2
-217.11
-217.45
-220.66
-206.62
-207.57
-200.9
-197.61
-200.73
-195.61
-185.3
-183.05
-188.85
63.23
61.32
59.59
57.57
55.83
53.76
51.86
50.13
48.09
46.19
44.31
42.39
40.65
38.66
36.73
34.99
32.96
31.07
29.24
27.42
25.62
23.62
21.72
19.95
17.93
16.1
14.19
12.29
10.55
7.95
5.31
2.91
0.13
-2.51
-4.94
-7.67
-10.12
-12.17
-14.1
-15.91
-17.88
-19.8
-21.57
-23.53
-25.45
-27.33
-29.23
-31.04
-32.99
-34.82
-36.62
-38.62
-40.48
-42.37
-44.28
-46.15
-48.07
-49.96
-51.86
-53.73
-55.58
-57.5
-59.45
-61.27
-63.21
-65.11
-66.99
-68.88
-70.75
-72.63
-74.51
-75.27
-75.37
-75.38
-75.27
-75.35
-75.27
-75.37
-75.37
-75.24
-75.34
-75.37
-75.07
-73.65
-71.76
-69.74
-67.78
-65.87
-64.06
-62.16
-60.27
-58.43
-56.5
-54.65
-52.73
-50.81
-49.01
-47.1
-45.25
-43.34
-41.44
-39.58
-37.63
-35.7
-33.88
-32.05
-30.21
-28.39
-26.31
-24.52
-22.61
-20.66
-18.83
-16.96
-14.95
-13.14
-11.24
-9.06
-6.39
-3.73
-1.26
1.41
4.13
6.58
9.35
11.31
13.21
15.2
16.97
18.87
20.74
22.63
24.66
26.42
28.32
30.22
31.98
33.88
35.78
37.66
39.67
41.43
43.35
45.32
47.08
49.03
51.08
52.78
54.87
56.55
58.5
60.5
62.26
64.16
