154
66
89
210.78
217.5
192.9
201.7
200.77
223.93
213.05
199.85
222.04
218.54
199.9
205.74
202.45
202.31
203.97
212.77
218.35
213.81
180.88
181.07
187.98
167.07
169.63
181.83
174.92
166.88
179.18
173.79
171.33
185.9
180.88
169.82
185.52
187.03
164.42
185.42
194.7
178.05
178.71
186.56
193.18
184.76
199.99
186.84
182.11
188.55
179.84
173.69
180.51
175.68
172.84
173.41
171.71
182.87
182.97
186.37
176.15
179.18
179.56
166.13
170.29
181.45
189.97
153.92
164.99
162.25
141.91
148.62
156
144.74
147.3
931.85
926.37
923.53
7.54
2.08
7.89
6.15
1.39
10.66
6.76
4.42
4.59
4.94
-208.09
-192.32
-198.65
-197.61
-195.79
-207.57
-213.21
-215.63
-217.28
-228.46
-217.28
-211.73
-216.59
-222.66
-223.78
-232.1
-226.64
-223.35
-224.56
-220.23
-218.15
-236.35
-228.55
-238.55
-239.8
-238.57
-242.77
-243.54
-234.44
-244.98
-240.13
-233.66
-241.58
-241.81
-240.24
-239.22
-210
-227.86
-211.47
-211.13
-206.1
-193.19
-201.25
-191.54
-202.55
-211.91
-219.36
-204.71
-214.25
-223.7
-239.35
-240.51
-240.89
-245.42
-242.51
-245.87
-245.42
-244.77
-248.75
-248.08
-248.02
-244.59
-246.43
-249.66
-240.71
-242.08
-243.83
-222.74
-231.67
-238.48
63.35
61.46
59.53
57.66
55.96
53.88
51.99
50.27
48.18
46.28
44.37
42.55
40.76
38.73
36.86
35.09
33.1
31.22
29.36
27.54
25.73
23.73
21.85
20.11
18.05
16.19
14.3
12.37
10.64
8.11
5.49
3.01
0.29
-2.34
-4.96
-7.51
-10.02
-12.06
-13.99
-15.78
-17.76
-19.67
-21.53
-23.42
-25.36
-27.23
-29.13
-30.93
-32.85
-34.75
-36.6
-38.51
-40.41
-42.25
-44.2
-45.99
-47.97
-49.82
-51.72
-53.62
-55.52
-57.41
-59.27
-61.21
-63.08
-64.97
-66.87
-68.74
-70.68
-72.53
-74.39
-75.67
-75.68
-75.7
-75.69
-75.69
-75.6
-75.69
-75.7
-75.59
-75.69
-75.68
-75.38
-73.81
-71.98
-69.92
-68.02
-66.06
-64.23
-62.34
-60.47
-58.57
-56.58
-54.76
-52.88
-50.94
-49.1
-47.19
-45.34
-43.44
-41.45
-39.68
-37.73
-35.79
-33.98
-32.11
-30.28
-28.37
-26.39
-24.59
-22.69
-20.73
-18.9
-17.02
-15.13
-13.21
-11.2
-9.14
-6.51
-3.81
-1.3
1.36
3.9
6.48
9.13
11.24
13.14
15.16
16.92
18.8
20.69
22.59
24.49
26.39
28.25
30.21
31.92
33.83
35.7
37.6
39.46
41.38
43.28
45.28
47
48.95
50.83
52.75
54.64
56.48
58.43
60.3
62.2
64.11
