154
66
89
188.83
190.34
179.09
193.18
181.45
174.45
191.48
186.75
183.91
195.74
182.49
182.59
199.9
197.72
175.11
187.98
195.93
181.92
176.25
182.87
175.21
167.54
176.44
161.68
159.98
169.63
178.52
189.59
192.99
191.95
182.02
192.43
202.45
188.64
188.55
207.94
202.26
198.29
202.08
216.27
183.34
190.16
192.43
175.96
170.29
179.18
169.91
174.45
185.71
157.89
156
180.69
185.99
151.46
181.92
198.76
175.3
178.23
199.62
176.63
180.88
187.7
177.19
172.75
183.91
187.98
169.15
176.15
190.34
179.75
174.07
1026.46
961.84
959.48
3.29
6.07
4.77
3.64
2.69
2.77
4.07
-0.43
2.95
4.33
-181.83
-203.33
-203.33
-205.67
-196.57
-188.77
-197.78
-196.74
-188.68
-200.29
-191.45
-181.31
-180.62
-167.62
-165.11
-163.2
-173.6
-172.39
-171.95
-173.6
-167.71
-164.76
-179.49
-184.87
-192.58
-185.13
-205.41
-192.06
-208.18
-221.44
-217.97
-198.95
-197.56
-222.48
-215.46
-199.69
-200.47
-181.31
-176.63
-185.39
-169.7
-160.34
-166.84
-168.57
-166.49
-179.75
-180.19
-189.03
-191.97
-198.47
-188.16
-192.23
-204.97
-193.01
-191.19
-196.74
-198.99
-199.17
-200.99
-179.32
-174.99
-182.44
-175.33
-179.75
-181.66
-179.23
-183.74
-175.42
-199.51
-195.96
63.35
61.44
59.54
57.69
55.78
53.89
52
50.27
48.2
46.31
44.4
42.53
40.62
38.75
36.86
35.14
33.13
31.2
29.38
27.56
25.63
23.78
21.86
20.08
18.06
16.22
14.3
12.42
10.56
8.14
5.51
2.86
0.32
-2.34
-4.92
-7.47
-10.16
-12.04
-13.98
-15.85
-17.73
-19.64
-21.54
-23.4
-25.3
-27.19
-29.11
-30.96
-32.86
-34.69
-36.58
-38.46
-40.42
-42.28
-44.17
-45.93
-47.95
-49.84
-51.69
-53.6
-55.5
-57.39
-59.29
-61.11
-63.06
-64.92
-66.85
-68.72
-70.63
-72.5
-74.41
-75.54
-75.62
-75.63
-75.51
-75.63
-75.61
-75.64
-75.61
-75.54
-75.63
-75.62
-75.31
-73.81
-71.98
-69.97
-67.99
-66.06
-64.22
-62.3
-60.46
-58.56
-56.64
-54.76
-52.85
-50.91
-49.08
-47.17
-45.26
-43.42
-41.53
-39.63
-37.73
-35.77
-33.97
-32.07
-30.28
-28.36
-26.45
-24.53
-22.66
-20.71
-18.87
-17
-15.1
-13.21
-11.29
-9.11
-6.45
-3.77
-1.33
1.38
3.93
6.58
9.18
11.24
13.17
15.06
16.93
18.84
20.71
22.52
24.51
26.38
28.29
30.23
31.94
33.87
35.75
37.63
39.49
41.4
43.32
45.32
47.04
48.99
50.85
52.79
54.67
56.55
58.47
60.48
62.19
64.1
