154
66
89
204.72
199.71
213.14
230.74
214.24
211.25
216.27
212.46
194.13
213.24
213.93
197.44
194.79
216.55
202.74
197.91
208.41
199.99
172.37
181.26
196.59
173.88
184.86
206.99
180.88
182.87
211.16
215.7
193.47
219.2
229.13
191.01
222.04
212.08
206.24
211.99
215.02
203.97
211.72
211.44
207.47
197.72
206.71
219.39
185.8
197.06
203.68
177.67
202.55
205.58
170
196.49
195.45
188.45
198.39
206.33
212.77
198.48
202.55
199.33
192.8
202.83
204.53
177.86
195.36
186.94
163.57
173.98
168.59
158.37
157.99
941.41
914.54
905.36
1.91
4.77
-0.87
2.69
6.67
4.59
3.21
1.3
5.29
3.64
-188.51
-184.69
-189.72
-176.98
-179.58
-182.27
-175.68
-191.54
-180.45
-166.41
-187.47
-181.14
-154.36
-169.27
-176.63
-167.88
-160.34
-167.45
-185.13
-166.58
-167.62
-190.07
-169.53
-181.14
-177.5
-166.93
-188.68
-175.51
-183.05
-178.11
-189.03
-190.67
-188.68
-213.12
-212.08
-190.85
-192.84
-210.52
-178.71
-187.81
-202.55
-181.4
-168.14
-169.01
-182.27
-169.61
-175.42
-189.29
-149.33
-157.91
-192.75
-159.99
-168.66
-177.15
-177.5
-183.57
-196.57
-204.97
-190.76
-202.81
-194.99
-200.21
-192.41
-195.12
-183.91
-190.59
-208.79
-182.18
-162.77
-176.29
63.3
61.41
59.52
57.68
55.97
53.86
51.99
50.28
48.2
46.32
44.43
42.55
40.83
38.77
36.91
35.14
33.15
31.28
29.41
27.61
25.71
23.81
21.93
20.02
18.12
16.28
14.36
12.46
10.68
8.22
5.63
2.94
0.46
-2.2
-4.87
-7.42
-9.92
-11.99
-13.89
-15.81
-17.68
-19.55
-21.45
-23.33
-25.15
-27.13
-29.03
-30.87
-32.76
-34.63
-36.51
-38.41
-40.25
-42.17
-44.17
-45.88
-47.84
-49.76
-51.66
-53.53
-55.43
-57.31
-59.2
-61.11
-63.02
-64.88
-66.77
-68.67
-70.54
-72.46
-74.32
-75.25
-75.33
-75.38
-75.34
-75.37
-75.27
-75.37
-75.36
-75.24
-75.35
-75.38
-75.11
-73.61
-71.73
-69.71
-67.76
-65.85
-64.04
-62.13
-60.23
-58.4
-56.45
-54.61
-52.74
-50.81
-48.91
-47.09
-45.22
-43.32
-41.38
-39.56
-37.63
-35.76
-33.87
-32.01
-30.16
-28.32
-26.31
-24.47
-22.6
-20.72
-18.8
-16.91
-15.04
-13.13
-11.14
-9.03
-6.38
-3.82
-1.24
1.44
4.06
6.62
9.37
11.35
13.27
15.23
17
18.93
20.77
22.69
24.72
26.45
28.34
30.33
32.02
33.94
35.81
37.68
39.54
41.46
43.42
45.35
47.05
49.08
50.92
52.83
54.89
56.63
58.48
60.54
62.3
64.23
