154
66
89
177.57
180.6
163.19
185.61
174.07
144.37
173.5
175.21
147.02
177.29
174.26
140.39
172.09
173.98
176.06
169.63
189.49
164.8
156.57
175.02
180.41
149.1
174.17
180.98
159.88
169.44
170.48
174.07
165.75
193.84
191.29
170
192.61
171.9
157.99
192.24
184.76
161.49
176.25
166.6
166.69
171.99
172.94
159.98
161.77
168.59
161.11
150.23
171.33
164.23
145.41
170.19
170.67
153.83
157.71
163.29
177.76
171.99
167.45
169.82
172.75
175.4
162.15
171.71
182.11
159.5
153.26
158.27
156.48
150.42
148.81
926.18
903.09
900.63
2.08
4.94
2.08
3.64
1.82
3.73
5.72
-1.99
2.17
4.85
-170.13
-175.51
-175.42
-184
-179.67
-175.51
-186.77
-189.11
-181.75
-165.19
-170.05
-168.4
-162.33
-165.37
-162.85
-166.84
-156.53
-159.47
-156.96
-164.93
-165.11
-171.52
-164.85
-163.2
-174.38
-167.27
-176.37
-192.15
-175.42
-181.31
-192.15
-186.95
-188.42
-199.43
-185.73
-177.41
-167.27
-185.82
-176.72
-184.09
-169.96
-169.18
-175.25
-168.66
-171.61
-173.25
-178.02
-175.25
-171.35
-175.42
-187.12
-163.2
-169.09
-182.18
-172.82
-174.55
-164.07
-165.11
-163.03
-165.37
-182.7
-158.95
-151.67
-174.29
-173.51
-165.28
-176.2
-167.01
-161.99
-177.24
63.18
61.28
59.36
57.54
55.76
53.7
51.85
50.07
47.97
46.14
44.24
42.38
40.58
38.59
36.7
34.82
32.95
31.06
29.23
27.38
25.64
23.57
21.71
19.79
17.88
16.04
14.12
12.22
10.46
7.91
5.25
2.63
0.07
-2.59
-5.14
-7.75
-10.21
-12.21
-14.15
-16.03
-17.91
-19.8
-21.73
-23.56
-25.4
-27.37
-29.26
-31.05
-33.03
-34.89
-36.75
-38.65
-40.48
-42.44
-44.34
-46.21
-48.11
-50
-51.89
-53.72
-55.59
-57.57
-59.47
-61.36
-63.22
-65.14
-67.02
-68.96
-70.79
-72.67
-74.56
-75.35
-75.34
-75.34
-75.35
-75.37
-75.27
-75.36
-75.36
-75.27
-75.36
-75.32
-75.12
-73.71
-71.76
-69.82
-67.84
-65.98
-64.09
-62.23
-60.32
-58.47
-56.52
-54.71
-52.8
-50.93
-49.02
-47.12
-45.29
-43.39
-41.42
-39.62
-37.69
-35.83
-33.94
-32.06
-30.19
-28.35
-26.35
-24.52
-22.65
-20.69
-18.86
-17
-15.13
-13.2
-11.19
-9.11
-6.44
-3.92
-1.28
1.33
3.91
6.52
9.31
11.26
13.17
15.05
16.92
18.83
20.71
22.58
24.52
26.38
28.28
30.11
31.91
33.87
35.75
37.63
39.63
41.39
43.34
45.16
47.04
49.02
50.88
52.77
54.83
56.54
58.44
60.47
62.21
64.11
