154
66
89
218.82
219.77
188.93
188.64
212.77
177.48
178.8
182.02
164.42
172.09
181.64
182.59
172.94
183.25
198.86
187.22
192.9
197.63
170.67
177.86
202.64
165.46
169.53
179.65
184.67
171.8
190.82
191.95
186.09
200.85
188.17
185.24
200.94
203.31
184.76
224.12
203.16
194.7
204.44
210.68
217.12
190.34
213.14
220.33
198.2
202.36
197.63
184.67
189.3
204.44
177.67
171.99
187.7
173.32
170.29
185.24
191.2
182.68
185.8
205.48
192.43
205.86
215.89
211.16
215.98
217.21
194.51
198.1
213.33
180.03
169.06
836.02
919.18
918.7
6.15
4.85
6.07
5.29
4.07
6.59
9.01
5.98
6.41
9.97
-178.54
-196.83
-205.23
-186.17
-196.48
-192.15
-197.35
-198.3
-195.09
-179.49
-191.11
-184.69
-155.75
-158.78
-159.3
-169.01
-153.32
-166.84
-180.1
-172.56
-161.12
-188.94
-178.97
-193.71
-196.39
-174.99
-187.03
-210.35
-190.07
-193.36
-195.61
-188.94
-183.57
-201.42
-201.68
-174.81
-177.67
-171.09
-162.42
-184.43
-176.29
-160.95
-167.97
-168.4
-177.67
-167.97
-184.09
-177.33
-158.17
-164.33
-184.09
-155.49
-163.72
-170.13
-169.09
-162.77
-172.99
-167.53
-162.33
-166.93
-173.6
-151.85
-149.25
-162.07
-155.23
-172.13
-179.93
-184.95
-179.06
-197.95
63.11
61.41
59.31
57.44
55.73
53.66
51.75
50.02
47.94
46.22
44.2
42.31
40.54
38.52
36.64
34.92
32.88
30.99
29.13
27.31
25.54
23.51
21.63
19.87
17.87
16.11
14.08
12.19
10.43
7.86
5.19
2.7
0.01
-2.47
-5.24
-7.78
-10.35
-12.26
-14.2
-15.96
-17.99
-19.75
-21.74
-23.63
-25.47
-27.41
-29.36
-31.13
-33.04
-34.87
-36.8
-38.73
-40.54
-42.5
-44.4
-46.18
-48.17
-50.09
-51.96
-53.82
-55.66
-57.62
-59.52
-61.35
-63.3
-65.12
-67.08
-68.97
-70.82
-72.76
-74.64
-75.45
-75.54
-75.46
-75.56
-75.55
-75.44
-75.58
-75.54
-75.44
-75.57
-75.48
-75.24
-73.76
-71.87
-69.85
-67.87
-65.99
-64.09
-62.19
-60.34
-58.46
-56.51
-54.64
-52.75
-50.79
-48.94
-47.02
-45.19
-43.34
-41.35
-39.55
-37.6
-35.65
-33.86
-31.93
-30.15
-28.27
-26.36
-24.49
-22.56
-20.6
-18.75
-16.78
-15.01
-13.08
-11.07
-9
-6.32
-3.64
-1.14
1.65
4.07
6.66
9.47
11.38
13.28
15.29
17.03
18.99
20.84
22.72
24.73
26.5
28.38
30.35
32.05
33.95
35.84
37.75
39.72
41.51
43.45
45.4
47.16
49.23
50.98
52.88
54.92
56.64
58.55
60.57
62.33
64.25
