154
66
89
236.17
236.4
237.61
234.06
235.62
233.64
232.41
232.38
238.21
235.62
240.77
234.52
233.07
232.74
234.11
237.55
232.25
228.94
222.89
212.48
210.59
212.58
209.36
213.24
209.45
202.64
199.62
192.99
202.26
214.56
196.87
195.07
203.21
198.48
216.93
241.15
235.06
226.86
239.63
224.4
226.2
231.31
236.04
238.69
233.28
225.92
223.17
227.33
229.42
219.86
217.87
214
206.14
214.47
228.75
228.28
236.7
235.85
238.5
223.08
239.63
239.82
234.89
235.94
233.05
233.39
219.29
213.9
214.94
194.6
195.36
1001.01
933.46
933.08
13.52
5.11
9.97
9.19
6.24
9.62
5.11
7.02
7.11
7.63
-194.75
-184.95
-190.93
-207.31
-201.07
-205.67
-230.8
-222.66
-212.25
-214.85
-213.11
-195.35
-198.39
-224.13
-208.27
-196.39
-211.73
-185.21
-194.83
-209.05
-210.17
-205.84
-216.67
-225.26
-212.17
-205.67
-228.12
-213.9
-181.83
-204.89
-196.57
-181.23
-201.59
-207.75
-203.5
-185.13
-170.91
-167.79
-172.3
-179.32
-178.02
-173.34
-183.57
-168.49
-158.61
-187.9
-197.09
-167.79
-181.75
-190.59
-178.54
-187.47
-208.79
-208.18
-203.5
-219.97
-228.64
-204.11
-227.86
-225
-220.49
-227.86
-223.44
-211.91
-213.99
-211.77
-230.98
-216.93
-213.61
-211.4
63.24
61.32
59.45
57.58
55.86
53.83
51.9
50.2
48.12
46.24
44.35
42.47
40.75
38.69
36.85
34.95
33.06
31.16
29.33
27.5
25.73
23.72
21.85
19.95
18.05
16.19
14.29
12.4
10.67
8.11
5.49
2.89
0.29
-2.37
-4.91
-7.48
-10
-12.05
-13.99
-15.78
-17.75
-19.64
-21.54
-23.42
-25.24
-27.24
-29.1
-30.99
-32.84
-34.73
-36.58
-38.49
-40.29
-42.23
-44.19
-46.05
-47.95
-49.85
-51.76
-53.61
-55.44
-57.41
-59.28
-61.2
-63.09
-64.96
-66.88
-68.77
-70.61
-72.53
-74.42
-75.47
-75.57
-75.6
-75.58
-75.63
-75.52
-75.57
-75.58
-75.48
-75.61
-75.61
-75.3
-73.68
-71.83
-69.78
-67.82
-65.96
-64.06
-62.17
-60.33
-58.39
-56.5
-54.59
-52.71
-50.81
-48.92
-47.05
-45.18
-43.26
-41.29
-39.5
-37.6
-35.7
-33.8
-31.97
-30.1
-28.21
-26.23
-24.39
-22.49
-20.54
-18.7
-16.83
-14.94
-13.01
-11.05
-8.9
-6.24
-3.77
-1.07
1.58
4.15
6.72
9.53
11.45
13.34
15.21
17.1
18.98
20.86
22.77
24.78
26.55
28.47
30.23
32.09
34
35.9
37.79
39.76
41.57
43.47
45.32
47.22
49.12
51.04
52.95
54.96
56.67
58.61
60.49
62.39
64.24
