154
66
89
219.39
231.5
212.95
222.04
222.79
205.2
215.89
215.23
192.99
207.85
214.28
211.54
199.24
215.04
215.13
204.53
217.59
218.06
196.4
208.98
223.74
199.24
219.01
220.43
209.64
223.17
225.54
209.93
220.9
232.82
215.51
179.09
229.23
216.83
188.45
218.46
233.01
210.02
209.55
218.35
217.87
209.36
222.79
211.44
206.05
219.2
217.5
194.13
207.18
206.05
186.65
205.86
210.49
195.64
203.78
213.24
212.1
205.58
202.93
203.68
214.56
217.4
211.54
200.56
208.51
212.39
184.67
188.55
200.66
197.82
196.68
592.6
934.03
923.06
5.63
4.94
9.45
6.85
4.16
3.29
6.67
6.76
6.15
5.72
-184
-208.87
-222.83
-206.19
-207.4
-211.82
-212.69
-218.49
-209.39
-218.67
-215.63
-212.17
-198.65
-202.72
-191.54
-204.89
-210.26
-188.07
-198.91
-206.45
-200.38
-209.22
-202.89
-229.68
-219.97
-205.15
-222.22
-215.46
-199.6
-216.93
-207.31
-201.25
-215.81
-227.08
-215.23
-225.34
-207.92
-205.49
-205.15
-207.05
-190.85
-206.36
-220.14
-203.67
-200.29
-209.83
-221.01
-202.72
-199.43
-209.31
-200.21
-192.84
-204.02
-213.64
-199.86
-209.22
-196.31
-194.14
-201.25
-201.25
-222.31
-206.71
-197.35
-199.77
-200.9
-211.91
-202.03
-194.66
-220.05
-211.99
63.31
61.58
59.51
57.65
55.93
53.88
51.95
50.26
48.19
46.51
44.42
42.55
40.79
38.8
36.89
35.15
33.14
31.39
29.44
27.59
25.67
23.78
21.91
20.12
18.12
16.39
14.32
12.46
10.73
8.22
5.54
3.11
0.42
-2.12
-4.87
-7.45
-9.93
-12
-13.92
-15.75
-17.7
-19.47
-21.5
-23.35
-25.17
-27.16
-29.03
-30.89
-32.76
-34.66
-36.51
-38.41
-40.28
-42.17
-44.12
-45.91
-47.91
-49.73
-51.67
-53.55
-55.38
-57.35
-59.25
-61.08
-63.04
-64.9
-66.79
-68.67
-70.57
-72.46
-74.36
-75.42
-75.51
-75.4
-75.53
-75.5
-75.39
-75.54
-75.5
-75.39
-75.51
-75.5
-75.2
-73.62
-71.76
-69.72
-67.76
-65.79
-64.02
-62.1
-60.2
-58.34
-56.37
-54.54
-52.67
-50.74
-48.87
-46.91
-45.11
-43.19
-41.22
-39.44
-37.5
-35.65
-33.75
-31.82
-30.04
-28.16
-26.15
-24.33
-22.46
-20.47
-18.66
-16.74
-14.92
-12.97
-10.96
-8.8
-6.15
-3.46
-0.98
1.79
4.26
6.85
9.57
11.46
13.38
15.41
17.17
19.15
20.92
22.86
24.82
26.61
28.52
30.46
32.17
34.08
35.97
37.84
39.87
41.64
43.51
45.51
47.25
49.33
51.09
53.02
55.01
56.74
58.67
60.7
62.43
64.37
