154
66
89
198.1
197.91
180.88
204.25
207.56
176.72
197.16
209.27
179.84
200.66
211.16
185.71
191.38
214.37
188.45
190.72
207.37
189.02
179.09
191.48
193.18
178.33
190.82
190.63
200.85
190.63
214.47
185.99
198.57
208.51
196.87
186.47
212.2
221.09
192.71
216.27
219.58
198.57
198.1
199.62
196.97
189.68
210.12
194.6
179.84
204.63
203.59
177.57
195.36
193.75
181.36
189.78
195.64
202.93
194.22
192.99
199.52
191.1
198.86
193.28
186.56
200.37
200.66
175.11
186.18
194.89
191.48
176.63
181.74
170.86
186.84
815.02
820.22
816.63
4.25
-0.09
3.03
3.99
-0.52
1.47
3.03
-1.56
6.5
5.63
-178.97
-207.4
-216.5
-201.51
-209.05
-223.87
-216.41
-206.36
-208.09
-224.04
-210.26
-205.41
-209.05
-209.31
-198.82
-212.34
-196.65
-188.42
-213.81
-201.51
-181.66
-208.44
-200.29
-201.59
-209.57
-202.98
-223.52
-222.48
-217.45
-230.54
-217.54
-220.4
-216.02
-229.16
-216.41
-233.58
-203.33
-222.83
-214.25
-208.35
-206.1
-212.34
-211.21
-180.79
-203.41
-204.37
-182.87
-201.85
-197.17
-191.45
-221.09
-213.9
-202.98
-209.48
-219.53
-222.14
-203.85
-216.46
-227.34
-199.43
-230.37
-214.42
-199.25
-228.55
-200.21
-191.19
-211.21
-195.27
-188.85
-176.46
63.12
61.19
59.3
57.42
55.71
53.62
51.75
50.01
47.93
46.2
44.17
42.25
40.53
38.51
36.62
34.87
32.87
30.97
29.12
27.27
25.52
23.49
21.63
19.81
17.82
16.09
14.05
12.13
10.4
7.82
5.14
2.65
-0.06
-2.54
-5.27
-7.86
-10.28
-12.25
-14.22
-16.02
-18.04
-19.78
-21.78
-23.68
-25.48
-27.44
-29.34
-31.13
-33.08
-34.96
-36.83
-38.74
-40.56
-42.48
-44.44
-46.24
-48.24
-50.03
-52
-53.86
-55.67
-57.62
-59.58
-61.41
-63.34
-65.16
-67.07
-69
-70.85
-72.75
-74.67
-75.49
-75.56
-75.46
-75.57
-75.56
-75.49
-75.56
-75.57
-75.5
-75.58
-75.47
-75.34
-73.77
-71.93
-69.91
-67.95
-66.01
-64.16
-62.24
-60.4
-58.52
-56.57
-54.74
-52.81
-50.88
-49.08
-47.15
-45.29
-43.39
-41.38
-39.59
-37.7
-35.73
-33.92
-31.96
-30.24
-28.31
-26.35
-24.51
-22.61
-20.65
-18.86
-16.88
-15.04
-13.17
-11.17
-8.98
-6.43
-3.67
-1.24
1.55
3.96
6.64
9.36
11.32
13.21
15.18
16.97
18.99
20.74
22.64
24.69
26.49
28.29
30.27
32
34.02
35.77
37.7
39.66
41.46
43.35
45.36
47.07
49.17
50.94
52.81
54.85
56.58
58.47
60.51
62.26
64.31
