150
64
87
224.51
224.94
224.72
224.04
224.56
223.83
218.82
223.78
235.47
225.82
211.25
212.39
215.13
211.25
223.27
227.24
204.82
211.06
203.97
176.72
192.33
186.37
188.07
190.91
191.57
205.1
208.41
214.94
221.75
226.48
235.09
225.93
226.67
226.21
231.78
217.21
222.93
232.16
226.67
213.14
213.14
229.79
217.68
218.73
215.41
212.1
218.25
212.77
218.06
226.2
223.49
211.54
206.43
216.08
207.66
208.41
210.12
211.06
196.21
210.4
206.62
208.89
208.32
205.1
196.4
186.18
198.48
185.05
174.64
829.68
889.85
866.29
1.56
3.29
1.13
2.77
7.54
7.54
1.99
4.16
1.21
0.17
-193.88
-180.79
-198.91
-196.83
-196.05
-200.12
-201.07
-206.53
-199.51
-184.78
-190.59
-218.84
-194.31
-202.03
-198.99
-208.09
-211.65
-216.15
-221.44
-220.92
-211.13
-203.59
-191.28
-208.7
-198.56
-181.66
-198.3
-199.43
-185.21
-213.03
-215.81
-225.34
-215.98
-216.59
-209.3
-218.84
-207.05
-225
-206.1
-196.91
-180.88
-179.58
-180.62
-167.79
-167.36
-160.43
-169.79
-178.11
-169.09
-176.55
-188.25
-191.54
-199.86
-201.51
-191.71
-186.95
-178.54
-202.11
-193.62
-201.94
-222.83
-227.68
-212.43
-226.64
-208.75
-208.75
-209.9
-218.58
59.36
57.65
55.61
53.69
51.96
49.91
48.14
46.1
44.19
42.44
40.43
38.54
36.81
34.79
33.08
31.02
29.2
27.48
25.44
23.57
21.66
19.75
18.02
16.03
14.09
12.33
10.31
7.87
5.44
2.59
0.2
-2.6
-5.26
-7.63
-10.33
-12.23
-14.15
-16.08
-17.84
-19.85
-21.74
-23.48
-25.53
-27.44
-29.33
-31.19
-32.96
-34.92
-36.78
-38.59
-40.59
-42.48
-44.39
-46.24
-48.13
-50.02
-51.93
-53.73
-55.7
-57.61
-59.43
-61.4
-63.25
-65.17
-67.07
-68.86
-70.85
-72.73
-74.53
-75.62
-75.51
-75.61
-75.61
-75.5
-75.62
-75.61
-75.51
-75.61
-75.53
-75.62
-75.39
-73.66
-71.88
-69.78
-67.81
-65.97
-64.02
-62.17
-60.33
-58.39
-56.5
-54.61
-52.67
-50.88
-48.91
-47.05
-45.18
-43.21
-41.39
-39.53
-37.6
-35.7
-33.8
-31.94
-30.14
-28.15
-26.31
-24.39
-22.53
-20.66
-18.66
-16.84
-15.02
-12.99
-11.13
-8.87
-6.18
-3.73
-1.02
1.55
4.12
6.9
9.35
11.4
13.43
15.19
17.09
18.97
20.86
22.89
24.64
26.53
28.56
30.22
32.2
33.99
35.9
37.9
39.6
41.57
43.57
45.27
47.18
49.12
51
53.07
54.78
56.67
58.75
60.47
