154
66
89
211.06
225.73
198.29
218.73
204.44
164.14
187.88
193.37
159.88
176.72
187.22
183.15
170.67
191.01
220.33
193.75
207.75
222.32
178.52
202.36
220.62
187.51
192.05
198.39
210.78
188.45
204.91
224.21
180.13
215.32
220.14
187.13
207.37
204.06
174.26
225.54
205.86
205.01
221.19
208.22
224.4
200.47
219.86
214.47
196.59
212.95
203.49
184.38
183.06
192.14
157.23
164.61
175.02
171.61
158.84
170.67
188.45
167.07
191.29
196.21
186.18
208.79
220.9
202.17
211.91
217.5
190.53
187.6
199.43
194.79
177.57
982.85
929.39
928.73
1.82
-1.21
5.72
2.77
2.25
2.34
4.33
-0.26
1.65
1.82
-163.81
-191.54
-183.39
-179.49
-186.69
-183.57
-180.97
-187.73
-177.76
-150.29
-167.01
-165.19
-146.56
-148.64
-156.61
-174.29
-147.86
-159.04
-174.29
-158.35
-165.8
-177.76
-158.52
-185.21
-185.3
-167.53
-183.05
-195.35
-164.59
-168.92
-194.05
-194.75
-170.22
-201.07
-208.18
-174.12
-162.77
-179.06
-164.93
-167.97
-173.86
-164.41
-161.03
-185.73
-187.99
-164.33
-184.78
-191.8
-156.18
-167.71
-192.23
-164.5
-162.25
-180.53
-184.61
-163.72
-176.37
-182.27
-162.33
-166.49
-179.32
-159.21
-147.08
-161.9
-160.43
-157.48
-174.47
-177.76
-174.64
-195.44
63.24
61.37
59.58
57.6
55.86
53.77
51.91
50.2
48.1
46.21
44.49
42.45
40.68
38.67
36.78
35.03
33.05
31.13
29.29
27.47
25.71
23.64
21.83
20.01
17.98
16.09
14.2
12.35
10.55
8.04
5.41
2.91
0.18
-2.44
-4.88
-7.58
-10.1
-12.12
-14.01
-15.85
-17.82
-19.73
-21.53
-23.51
-25.33
-27.3
-29.2
-31.01
-32.89
-34.78
-36.7
-38.57
-40.41
-42.34
-44.26
-46.07
-48.02
-49.94
-51.8
-53.7
-55.53
-57.48
-59.38
-61.25
-63.16
-65.05
-66.91
-68.84
-70.69
-72.59
-74.48
-75.37
-75.47
-75.48
-75.37
-75.47
-75.36
-75.47
-75.48
-75.37
-75.47
-75.47
-75.12
-73.63
-71.71
-69.68
-67.75
-65.8
-63.96
-62.06
-60.17
-58.3
-56.34
-54.49
-52.59
-50.67
-48.82
-46.92
-45.03
-43.12
-41.2
-39.46
-37.47
-35.52
-33.7
-31.84
-29.91
-28.15
-26.12
-24.29
-22.42
-20.47
-18.62
-16.74
-14.89
-12.91
-10.96
-8.75
-6.19
-3.41
-0.97
1.67
4.27
6.86
9.7
11.54
13.44
15.4
17.2
19.07
21.07
22.86
24.88
26.66
28.52
30.49
32.18
34.1
36.11
37.95
39.67
41.65
43.56
45.53
47.27
49.25
51.29
53.01
55.06
56.79
58.7
60.71
62.49
64.37
