154
66
89
186.28
180.88
187.13
195.74
185.33
171.61
171.14
175.11
164.61
180.51
169.15
171.52
166.69
177.95
178.71
172.65
177.01
178.9
176.53
186.94
181.26
181.55
175.49
187.98
186.84
179.37
184.38
185.33
190.44
199.99
196.97
188.64
198.95
182.59
183.72
205.86
216.46
193.66
197.63
201.03
198.48
201.51
191.1
186.18
193.94
183.15
173.88
181.26
171.14
175.59
161.77
171.52
172.09
185.14
180.32
176.25
171.23
180.88
177.57
161.96
171.61
187.32
180.22
165.37
185.99
171.71
165.56
173.03
179.84
159.88
180.6
575.86
921.92
914.54
9.79
5.03
3.81
7.11
8.41
3.47
9.53
8.41
4.77
2.43
-143.96
-183.22
-193.27
-187.73
-193.53
-182.61
-197.35
-189.29
-190.15
-183.39
-193.79
-167.53
-169.01
-173.34
-176.46
-181.83
-183.74
-184.26
-185.13
-174.29
-179.49
-201.59
-197.35
-212.77
-193.27
-201.33
-210.17
-196.22
-207.83
-214.85
-211.65
-200.99
-214.33
-202.07
-222.92
-211.47
-213.12
-206.88
-182.96
-214.16
-189.29
-200.73
-197.26
-193.79
-192.15
-188.42
-206.53
-178.19
-174.29
-179.67
-171
-177.41
-192.67
-166.49
-166.67
-181.31
-177.41
-182.18
-181.05
-182.35
-203.85
-192.75
-203.93
-191.97
-192.23
-204.89
-190.41
-198.99
-202.37
-194.49
63.23
61.36
59.47
57.62
55.89
53.85
51.94
50.22
48.12
46.41
44.4
42.48
40.75
38.72
36.86
35.11
33.09
31.34
29.36
27.55
25.77
23.74
21.85
20.11
18.07
16.19
14.3
12.41
10.67
8.12
5.54
3.04
0.3
-2.32
-4.78
-7.46
-10
-12.04
-13.98
-15.77
-17.73
-19.61
-21.51
-23.39
-25.25
-27.2
-29.1
-30.89
-32.83
-34.66
-36.58
-38.48
-40.32
-42.22
-44.19
-45.99
-47.95
-49.73
-51.73
-53.59
-55.42
-57.38
-59.28
-61.12
-63.07
-64.88
-66.84
-68.73
-70.6
-72.5
-74.41
-75.47
-75.59
-75.61
-75.6
-75.58
-75.48
-75.6
-75.58
-75.48
-75.59
-75.6
-75.22
-73.67
-71.8
-69.72
-67.81
-65.86
-64.03
-62.13
-60.19
-58.37
-56.44
-54.6
-52.67
-50.73
-48.89
-47.01
-45.16
-43.22
-41.27
-39.48
-37.56
-35.58
-33.77
-31.92
-30.06
-28.2
-26.2
-24.35
-22.48
-20.52
-18.72
-16.82
-14.94
-13.04
-11
-8.84
-6.22
-3.57
-1.1
1.72
4.18
6.77
9.56
11.42
13.34
15.31
17.1
19.1
20.9
22.8
24.82
26.56
28.46
30.38
32.11
34.04
35.87
37.82
39.77
41.59
43.46
45.29
47.23
49.14
51.04
52.96
54.98
56.69
58.63
60.62
62.38
64.29
