154
66
89
190.72
200.18
197.53
203.59
193.66
177.86
189.87
186.28
160.17
185.99
188.36
171.52
177.57
181.07
188.17
188.26
189.11
180.98
169.15
175.49
199.24
175.96
192.61
194.03
186.56
190.34
192.05
196.49
191.95
201.51
189.97
182.11
199.62
196.3
186.94
202.55
201.79
182.11
184.38
185.8
189.78
191.95
192.52
184.76
179.46
184.76
192.52
164.42
179.56
176.34
155.15
164.99
173.03
165.56
181.17
184.19
184.76
186.84
183.25
174.17
187.32
191.01
189.78
173.98
193.56
190.91
178.9
178.05
185.24
188.36
177.76
964.21
935.92
932.8
5.81
5.29
1.47
1.13
3.64
7.71
7.89
1.21
2.34
1.56
-195.18
-201.59
-195.61
-198.3
-200.64
-198.65
-202.98
-210
-174.73
-185.82
-186.77
-175.42
-171.43
-179.93
-175.77
-169.18
-171.43
-165.97
-180.62
-178.63
-188.59
-204.45
-205.84
-217.54
-216.93
-221.53
-209.91
-214.25
-207.31
-214.42
-214.16
-202.37
-220.75
-227.51
-224.13
-206.19
-192.23
-221.44
-213.9
-207.83
-217.8
-205.41
-204.28
-201.25
-187.64
-197
-192.41
-191.63
-183.22
-179.06
-207.4
-187.9
-185.47
-210.87
-195.61
-184.61
-186.51
-176.89
-172.65
-173.95
-197.17
-188.59
-175.59
-221.53
-221.01
-213.9
-207.97
-227.68
-218.41
-221.7
63.36
61.46
59.57
57.72
55.98
53.92
52.02
50.28
48.21
46.34
44.44
42.57
40.81
38.76
36.89
35.15
33.13
31.24
29.41
27.57
25.84
23.78
21.88
20.12
18.12
16.21
14.35
12.41
10.65
8.18
5.51
2.88
0.35
-2.29
-4.93
-7.43
-9.98
-12.02
-13.96
-15.77
-17.74
-19.61
-21.52
-23.37
-25.31
-27.17
-29.06
-30.99
-32.79
-34.69
-36.58
-38.48
-40.32
-42.24
-44.17
-45.93
-47.91
-49.8
-51.7
-53.59
-55.39
-57.4
-59.27
-61.16
-63.06
-64.92
-66.82
-68.72
-70.63
-72.49
-74.37
-75.64
-75.64
-75.65
-75.63
-75.65
-75.53
-75.64
-75.64
-75.54
-75.64
-75.62
-75.33
-73.62
-71.75
-69.73
-67.81
-65.86
-64.02
-62.12
-60.25
-58.37
-56.38
-54.56
-52.71
-50.72
-48.9
-46.99
-45.14
-43.22
-41.24
-39.48
-37.53
-35.57
-33.77
-31.91
-30.09
-28.19
-26.19
-24.35
-22.47
-20.52
-18.68
-16.8
-14.92
-13
-10.99
-8.82
-6.23
-3.52
-1.02
1.58
4.1
6.81
9.54
11.44
13.38
15.3
17.11
19.01
20.9
22.8
24.76
26.57
28.45
30.38
32.14
34.03
35.91
37.84
39.67
41.61
43.48
45.35
47.28
49.19
51.09
52.94
54.84
56.73
58.63
60.5
62.4
64.33
