154
66
89
216.83
224.5
212.95
206.52
209.93
190.82
190.82
201.03
199.71
196.02
208.6
213.14
196.21
206.33
224.87
196.59
194.6
203.12
187.13
190.82
187.98
180.32
174.36
188.26
203.87
191.76
197.72
198.01
183.15
196.49
195.26
178.23
190.44
193.37
192.61
212.58
213.12
229.7
229.89
230.65
209.36
215.79
221.47
218.82
197.72
204.82
217.02
179.46
187.41
191.38
185.52
182.3
192.14
203.02
198.76
208.79
207.56
212.67
208.32
224.97
209.83
222.98
228.75
206.43
210.31
226.58
198.86
180.13
195.36
179.09
174.64
552.11
899.22
879.44
6.07
8.23
4.59
8.67
8.15
8.23
7.02
3.64
5.37
5.2
-179.84
-218.23
-233.4
-237.91
-237.91
-230.77
-231.07
-231.29
-229.1
-230.96
-232.41
-231.67
-210.35
-229.64
-230.72
-203.93
-213.21
-195.18
-219.01
-208.53
-207.75
-224.39
-217.71
-229.76
-232.05
-229.14
-231.35
-230.75
-236.52
-232.07
-231.76
-229.55
-233.93
-234.58
-236.66
-228.84
-231.15
-232.45
-192.06
-212.08
-232.36
-204.8
-207.66
-199.6
-208.7
-210.69
-226.9
-212.25
-201.07
-220.05
-227.94
-197.69
-213.21
-213.38
-189.98
-221.96
-226.12
-221.44
-221.7
-222.92
-228.03
-209.13
-219.53
-225.6
-192.49
-207.23
-219.62
-192.58
-216.15
-218.49
63.17
61.47
59.4
57.55
55.84
53.74
51.87
50.17
48.12
46.23
44.36
42.44
40.71
38.67
36.79
35.03
33.03
31.26
29.3
27.48
25.73
23.68
21.78
19.91
18.03
16.27
14.25
12.36
10.6
8.09
5.43
2.8
0.29
-2.25
-5
-7.53
-10.06
-12.06
-14.01
-15.82
-17.8
-19.57
-21.57
-23.46
-25.28
-27.23
-29.14
-30.98
-32.88
-34.75
-36.62
-38.56
-40.38
-42.27
-44.24
-46.1
-48
-49.8
-51.76
-53.65
-55.46
-57.47
-59.34
-61.25
-63.14
-64.94
-66.9
-68.83
-70.64
-72.59
-74.42
-75.51
-75.62
-75.53
-75.64
-75.65
-75.51
-75.61
-75.6
-75.48
-75.62
-75.64
-75.34
-73.71
-71.87
-69.78
-67.89
-65.99
-64.13
-62.16
-60.33
-58.42
-56.48
-54.64
-52.74
-50.8
-48.95
-47.03
-45.22
-43.27
-41.33
-39.56
-37.6
-35.65
-33.84
-31.9
-30.15
-28.26
-26.25
-24.42
-22.55
-20.61
-18.76
-16.87
-14.99
-13.08
-11.11
-8.92
-6.31
-3.65
-1.2
1.67
4.11
6.71
9.41
11.36
13.28
15.24
17.07
19.03
20.84
22.73
24.73
26.52
28.39
30.21
32.06
34.11
35.86
37.79
39.7
41.55
43.41
45.42
47.17
49.23
50.99
52.9
54.94
56.64
58.56
60.6
62.3
64.24
