154
66
89
212.29
210.68
199.8
221.75
204.25
176.72
196.68
193.28
186.94
182.4
205.76
182.4
174.36
182.49
183.25
182.02
186.47
183.15
171.14
192.05
193.84
167.26
186.18
188.17
166.31
168.96
179.18
178.42
177.19
191.57
191.48
180.32
200.28
194.89
180.6
189.49
197.82
177.95
172.94
203.78
190.53
188.07
207.94
203.02
174.83
196.59
192.14
182.11
186.09
196.78
199.05
194.13
214.85
198.86
189.4
198.67
190.16
168.21
197.25
192.8
168.59
186.65
182.78
175.96
177.67
202.74
185.42
169.15
193.66
166.41
149.76
836.3
899.88
887.96
2.6
1.65
-3.12
3.73
1.04
4.33
2.77
4.68
5.46
2.86
-217.45
-219.19
-223.35
-233.49
-241.03
-219.1
-233.23
-229.68
-227.77
-238.26
-237.39
-243.63
-233.66
-240.74
-245.19
-236.09
-242.91
-241.89
-230.63
-243.37
-242.24
-213.99
-222.22
-244.41
-224.3
-222.14
-224.82
-243.02
-227.77
-237.91
-238
-223.44
-243.54
-235.74
-241.55
-238.86
-240.96
-230.2
-218.67
-223.35
-208.53
-193.27
-213.21
-191.37
-191.63
-216.85
-213.47
-209.31
-219.45
-227.08
-243.8
-238.43
-242.94
-229.16
-232.97
-240.16
-240.85
-240.61
-243.88
-243.73
-248.02
-244.36
-247.04
-247.91
-243.86
-248.06
-249.04
-246.03
-250.55
-247.72
63.22
61.38
59.47
57.62
55.85
53.8
51.93
50.2
48.14
46.24
44.36
42.5
40.74
38.7
36.82
35.1
33.1
31.15
29.37
27.56
25.76
23.71
21.85
20.11
18.07
16.21
14.31
12.43
10.67
8.13
5.51
3.05
0.26
-2.36
-4.96
-7.54
-10.03
-12.05
-13.97
-15.75
-17.75
-19.64
-21.52
-23.4
-25.27
-27.23
-29.1
-30.92
-32.86
-34.71
-36.59
-38.48
-40.31
-42.24
-44.16
-45.97
-47.95
-49.84
-51.69
-53.59
-55.52
-57.42
-59.3
-61.18
-63.08
-64.94
-66.84
-68.77
-70.65
-72.51
-74.42
-75.79
-75.81
-75.81
-75.81
-75.8
-75.81
-75.81
-75.82
-75.81
-75.81
-75.81
-75.45
-73.66
-71.88
-69.72
-67.8
-65.89
-64.06
-62.11
-60.26
-58.39
-56.44
-54.61
-52.67
-50.77
-48.94
-47.02
-45.16
-43.23
-41.33
-39.49
-37.57
-35.61
-33.8
-31.9
-30.11
-28.21
-26.22
-24.39
-22.49
-20.56
-18.73
-16.84
-14.95
-13.06
-11.01
-8.88
-6.22
-3.57
-1.12
1.59
4.15
6.75
9.55
11.38
13.32
15.34
17.07
18.97
20.89
22.76
24.79
26.53
28.41
30.37
32.11
34.03
35.89
37.82
39.76
41.6
43.46
45.46
47.23
49.14
51
52.91
54.97
56.64
58.58
60.63
62.34
64.27
