154
66
89
197.63
185.9
189.97
191.38
187.41
182.49
188.45
180.79
182.68
188.83
185.9
183.44
196.4
202.45
190.53
197.53
196.4
185.33
179.18
186.75
181.83
166.6
175.11
176.44
166.31
181.83
184.95
166.5
177.38
188.26
180.6
182.11
194.03
190.44
192.14
192.8
201.32
194.6
191.38
208.79
191.01
191.86
197.91
177.38
182.21
194.98
183.63
175.3
184.19
184.1
187.98
190.25
217.21
159.22
174.55
185.33
166.6
181.92
185.99
168.96
180.41
192.33
182.87
175.21
181.83
177.1
173.5
169.72
177.29
180.79
164.52
791.08
894.77
888.34
5.11
6.5
-0.35
5.89
3.38
4.16
0.43
2.86
6.33
7.28
-185.13
-187.12
-190.24
-179.84
-175.25
-182.96
-172.65
-175.85
-179.23
-178.02
-176.46
-177.33
-181.23
-175.33
-168.66
-184.61
-195.18
-189.63
-185.73
-187.64
-177.24
-181.49
-185.99
-190.15
-178.28
-188.42
-191.19
-177.85
-176.89
-200.38
-189.03
-186.69
-189.03
-179.84
-177.76
-179.75
-180.01
-169.09
-182.18
-179.15
-165.71
-162.68
-170.74
-168.57
-155.83
-175.68
-168.23
-180.97
-184.43
-185.99
-188.77
-186.17
-186.51
-180.45
-184
-191.89
-178.8
-174.29
-186.6
-171.95
-166.75
-184.95
-189.2
-171.61
-168.4
-176.37
-183.48
-182.79
-185.56
-178.19
63.28
61.38
59.63
57.62
55.72
53.79
51.95
50.23
48.19
46.31
44.48
42.55
40.64
38.75
36.86
35.13
33.12
31.21
29.39
27.56
25.62
23.77
21.88
20.11
18.08
16.23
14.31
12.43
10.54
8.18
5.53
3.08
0.37
-2.31
-4.91
-7.44
-10.08
-12.01
-13.97
-15.81
-17.71
-19.58
-21.5
-23.41
-25.3
-27.17
-29.1
-30.98
-32.78
-34.68
-36.55
-38.45
-40.35
-42.25
-44.14
-45.94
-47.93
-49.82
-51.68
-53.59
-55.46
-57.36
-59.24
-61.1
-63.08
-64.92
-66.85
-68.72
-70.61
-72.47
-74.39
-75.72
-75.82
-75.83
-75.72
-75.81
-75.82
-75.8
-75.81
-75.72
-75.81
-75.88
-75.37
-73.59
-71.76
-69.7
-67.77
-65.89
-64.02
-62.12
-60.17
-58.34
-56.45
-54.54
-52.61
-50.73
-48.88
-46.99
-45.14
-43.22
-41.35
-39.46
-37.53
-35.6
-33.75
-31.87
-30.09
-28.16
-26.28
-24.37
-22.47
-20.49
-18.7
-16.8
-14.9
-12.99
-11.08
-8.82
-6.19
-3.53
-1.02
1.6
4.18
6.8
9.41
11.44
13.38
15.36
17.11
19.02
20.93
22.81
24.69
26.57
28.49
30.42
32.16
34.08
35.92
37.84
39.7
41.6
43.49
45.36
47.28
49.2
51.08
52.99
54.87
56.74
58.64
60.64
62.4
64.33
