156
67
90
201.79
187.7
176.82
194.03
197.91
184.86
187.03
177.67
161.68
168.96
176.63
163.1
168.21
163.29
151.46
155.15
170.67
157.52
156.29
160.92
152.22
151.75
172.37
181.83
161.4
157.14
171.33
158.37
173.88
191.29
187.51
175.49
180.41
182.87
171.8
194.41
197.25
180.6
183.82
193.09
176.63
185.14
198.29
185.33
193.09
195.83
197.72
185.9
185.99
179.75
165.94
174.36
167.92
154.68
159.98
160.54
151.56
146.07
149
144.74
156.48
156
162.81
140.58
151.18
152.88
150.61
140.58
152.88
151.27
151.46
145.12
799.69
796.66
796.1
4.42
1.56
4.07
1.82
0.26
5.2
2.86
7.37
2.6
1.3
2.43
-124.63
-167.01
-168.31
-170.83
-168.83
-175.16
-191.02
-186.6
-187.9
-170.65
-169.7
-174.99
-179.67
-188.33
-187.12
-191.11
-201.07
-194.14
-194.75
-204.97
-203.93
-205.06
-215.03
-217.89
-210.35
-206.1
-222.48
-209.57
-199.69
-203.85
-201.59
-189.29
-200.73
-199.77
-187.12
-181.49
-164.93
-161.99
-167.62
-168.49
-171.35
-158.35
-169.61
-158.26
-150.03
-167.19
-169.44
-161.03
-165.63
-160.51
-151.67
-168.4
-175.59
-177.07
-183.48
-192.75
-199.25
-192.75
-209.57
-225.78
-223.18
-226.38
-221.7
-224.3
-225.78
-202.28
-204.19
-217.97
-223.26
-221.53
63.19
61.47
59.42
57.59
55.86
53.8
51.92
50.19
48.1
46.36
44.33
42.49
40.72
38.68
36.8
34.95
33.04
31.33
29.33
27.5
25.73
23.74
21.83
19.92
18.03
16.3
14.28
12.36
10.63
8.07
5.44
2.8
0.28
-2.18
-5
-7.57
-10.06
-12.06
-14
-15.9
-17.78
-19.54
-21.56
-23.44
-25.25
-27.24
-29.13
-30.93
-32.86
-34.65
-36.6
-38.53
-40.34
-42.29
-44.2
-46.03
-47.97
-49.8
-51.73
-53.64
-55.47
-57.43
-59.32
-61.25
-63.08
-64.99
-66.88
-68.77
-70.68
-72.52
-74.42
-75.78
-75.82
-75.69
-75.78
-75.75
-75.69
-75.78
-75.75
-75.69
-75.78
-75.7
-75.75
-75.78
-75.47
-73.85
-71.97
-69.94
-68
-66.08
-64.24
-62.33
-60.42
-58.55
-56.63
-54.74
-52.88
-50.96
-49.16
-47.21
-45.26
-43.46
-41.57
-39.69
-37.78
-35.82
-33.99
-32.12
-30.21
-28.38
-26.51
-24.49
-22.69
-20.74
-18.9
-17
-15.06
-13.21
-11.31
-9.15
-6.5
-3.81
-1.33
1.3
4.05
6.47
9.09
11.21
13.14
15.17
16.93
18.76
20.79
22.59
24.49
26.39
28.2
30.16
31.91
33.83
35.81
37.62
39.46
41.51
43.27
45.26
47.02
48.95
50.96
52.74
54.64
56.54
58.42
60.44
62.16
64.09
