154
66
89
189.85
207.56
191.1
209.83
217.87
174.55
165.46
189.78
150.23
169.25
189.11
156.29
172.27
192.9
180.98
167.17
189.02
192.05
156.57
169.15
188.45
159.03
174.17
179.84
152.5
186.28
185.8
168.87
167.64
188.93
169.06
158.56
188.45
182.21
176.44
195.36
202.36
162.81
180.32
195.26
167.64
178.61
187.98
185.05
166.69
178.71
176.25
150.14
170.29
171.04
138.31
161.58
154.58
150.89
170
170.38
177.48
161.58
174.07
160.64
166.69
182.21
174.55
142.66
179.18
171.04
142.38
161.58
168.3
145.79
157.04
952.01
874.81
853.62
9.97
-0.61
-0.26
5.11
0.69
3.64
-1.21
7.02
1.3
8.93
-165.89
-181.05
-181.14
-171.35
-167.1
-176.63
-178.97
-184.78
-166.93
-175.77
-183.57
-158.61
-148.47
-159.04
-155.14
-159.56
-154.36
-157.05
-171.69
-157.65
-151.93
-177.15
-167.01
-177.76
-173.25
-183.39
-209.22
-185.99
-180.45
-204.89
-200.21
-194.83
-189.11
-206.19
-203.93
-181.4
-177.5
-180.1
-173.69
-175.59
-162.25
-180.45
-180.53
-159.3
-193.1
-177.67
-177.33
-192.84
-176.11
-179.06
-189.2
-181.23
-183.74
-179.23
-195.44
-184.43
-178.45
-200.55
-176.46
-183.83
-196.83
-176.2
-173.77
-180.79
-203.67
-194.92
-191.97
-192.65
-200.21
-211.82
63.21
61.3
59.44
57.55
55.78
53.76
51.87
50.12
48.05
46.16
44.32
42.39
40.64
38.62
36.72
35.01
32.98
31.09
29.38
27.43
25.64
23.62
21.73
19.95
17.96
16.06
14.21
12.26
10.51
7.98
5.31
2.88
0.16
-2.54
-5.07
-7.65
-10.15
-12.16
-14.1
-15.92
-17.91
-19.75
-21.66
-23.54
-25.38
-27.33
-29.25
-31.01
-32.95
-34.83
-36.65
-38.6
-40.48
-42.37
-44.3
-46.09
-48.04
-49.98
-51.87
-53.75
-55.57
-57.52
-59.44
-61.28
-63.18
-65.08
-67.01
-68.88
-70.73
-72.65
-74.56
-75.31
-75.37
-75.42
-75.41
-75.41
-75.26
-75.38
-75.38
-75.27
-75.38
-75.39
-75.15
-73.66
-71.73
-69.72
-67.79
-65.85
-64.03
-62.11
-60.16
-58.35
-56.39
-54.57
-52.64
-50.71
-48.88
-46.96
-45.05
-43.19
-41.26
-39.46
-37.51
-35.57
-33.77
-31.87
-30.07
-28.16
-26.18
-24.34
-22.47
-20.5
-18.69
-16.77
-14.92
-12.97
-11
-8.78
-6.19
-3.45
-1.04
1.62
4.34
6.82
9.59
11.46
13.39
15.38
17.13
19.02
21.05
22.79
24.83
26.62
28.47
30.45
32.17
34.04
35.98
37.86
39.83
41.6
43.5
45.49
47.25
49.2
51.08
52.95
54.98
56.74
58.6
60.71
62.43
64.33
