154
66
89
191.29
194.13
167.83
189.68
204.06
171.33
186.84
201.13
168.96
171.52
183.34
160.92
163.19
174.45
176.25
157.89
184.86
176.44
156.1
168.96
187.51
158.46
180.41
192.61
176.72
188.64
205.58
185.61
195.26
210.59
200.66
180.69
198.86
204.44
173.79
204.35
199.9
174.36
184.38
184.57
175.87
164.9
181.45
167.07
172.18
192.43
194.89
164.99
188.64
194.51
161.11
188.26
190.63
186.65
186.65
189.4
181.83
181.64
185.52
172.75
181.07
187.32
190.44
167.45
181.45
179.75
163.76
177.19
170
170.48
174.92
755.42
920.97
920.12
3.21
3.81
1.73
7.8
-0.61
5.63
3.55
2.77
0
-0.09
-165.89
-207.05
-213.81
-214.16
-214.51
-216.93
-223.09
-226.47
-222.92
-196.48
-218.15
-215.72
-209.22
-220.92
-223.78
-204.8
-213.38
-206.27
-205.84
-198.91
-195.79
-212.77
-196.31
-196.91
-193.19
-187.9
-200.21
-201.59
-194.4
-208.44
-221.44
-206.97
-223.87
-215.64
-215.62
-224.39
-230.8
-226.04
-213.81
-223.7
-223.09
-223.26
-217.8
-204.97
-190.59
-190.07
-187.38
-190.41
-168.75
-181.75
-189.37
-178.71
-180.97
-186.6
-190.59
-190.5
-200.73
-209.22
-189.37
-203.15
-212.69
-197.52
-198.91
-217.71
-210
-210
-228.38
-222.74
-189.2
-201.77
63.19
61.47
59.38
57.57
55.8
53.72
51.85
49.94
48.01
46.31
44.27
42.38
40.63
38.6
36.7
34.85
32.96
31.23
29.26
27.4
25.64
23.6
21.75
19.81
17.92
16.22
14.16
12.27
10.52
7.95
5.31
2.67
0.11
-2.34
-5.13
-7.65
-10.16
-12.18
-14.1
-15.99
-17.9
-19.68
-21.67
-23.57
-25.4
-27.33
-29.25
-31.13
-32.98
-34.75
-36.75
-38.6
-40.43
-42.39
-44.34
-46.12
-48.1
-49.9
-51.88
-53.76
-55.59
-57.55
-59.46
-61.28
-63.21
-65.04
-67
-68.9
-70.77
-72.68
-74.53
-75.58
-75.56
-75.45
-75.58
-75.55
-75.48
-75.56
-75.54
-75.56
-75.54
-75.46
-75.26
-73.66
-71.79
-69.73
-67.76
-65.91
-64.02
-62.06
-60.23
-58.36
-56.4
-54.56
-52.66
-50.68
-48.9
-46.9
-45.12
-43.23
-41.26
-39.5
-37.52
-35.64
-33.77
-31.87
-30.08
-28.19
-26.19
-24.38
-22.47
-20.62
-18.7
-16.71
-14.93
-13
-11.03
-8.81
-6.2
-3.52
-1.07
1.76
4.23
6.78
9.57
11.43
13.35
15.33
17.14
19.02
20.92
22.81
24.82
26.59
28.45
30.27
32.14
34.17
35.93
37.83
39.79
41.56
43.5
45.33
47.22
49.19
51.07
52.96
55.01
56.7
58.63
60.67
62.43
64.49
