154
66
89
204.06
204.83
199.99
189.21
222.13
201.32
191.57
199.24
176.53
184.29
193.09
191.67
189.11
200.56
205.2
188.55
192.14
196.59
176.25
187.03
206.99
173.98
181.92
203.68
200.37
194.98
181.36
202.36
205.1
206.33
213.81
192.33
195.83
192.99
202.08
209.74
215.51
194.22
210.12
204.1
213.14
202.55
225.06
219.2
203.97
206.81
194.51
180.6
187.88
205.86
199.62
171.99
179.37
173.41
183.15
182.87
179.65
177.29
186.65
180.51
186.09
192.33
195.93
171.8
185.9
209.36
175.78
169.72
192.14
178.23
183.06
860.14
867.05
844.53
-0.35
0.69
2.77
5.46
2.95
1.99
-0.09
7.54
7.54
-1.99
-178.54
-196.74
-192.06
-180.45
-181.66
-177.93
-177.41
-182.96
-179.93
-179.32
-176.55
-173.43
-163.37
-168.23
-173.86
-174.9
-179.32
-190.67
-187.55
-183.91
-208.61
-203.66
-198.56
-203.88
-206.37
-223.78
-216.07
-206.97
-217.02
-209.74
-223.44
-197.26
-195.61
-227.77
-211.99
-194.05
-196.83
-201.07
-168.92
-192.58
-214.77
-201.42
-187.9
-202.81
-198.39
-173.43
-200.38
-200.55
-166.93
-187.73
-187.03
-174.03
-183.31
-185.82
-180.62
-201.25
-203.76
-187.21
-187.12
-202.98
-213.55
-177.59
-199.34
-210.26
-187.55
-201.51
-219.62
-194.49
-182.53
-208.87
63.18
61.48
59.33
57.52
55.82
53.72
51.81
49.93
48.01
46.29
44.27
42.36
40.61
38.59
36.71
34.97
32.92
31.09
29.23
27.39
25.65
23.57
21.7
19.91
17.88
16.05
14.15
12.25
10.47
7.93
5.29
2.79
0.07
-2.41
-5.13
-7.67
-10.19
-12.2
-14.13
-15.96
-17.92
-19.7
-21.71
-23.55
-25.4
-27.36
-29.27
-31.17
-32.98
-34.85
-36.75
-38.65
-40.47
-42.39
-44.37
-46.18
-48.11
-49.94
-51.88
-53.77
-55.6
-57.55
-59.45
-61.3
-63.2
-65.04
-67.03
-68.93
-70.75
-72.69
-74.56
-75.44
-75.44
-75.35
-75.44
-75.44
-75.36
-75.44
-75.44
-75.34
-75.41
-75.37
-75.17
-73.7
-71.78
-69.77
-67.84
-65.9
-64.09
-62.21
-60.31
-58.47
-56.49
-54.7
-52.78
-50.88
-49.02
-47.08
-45.27
-43.39
-41.46
-39.63
-37.7
-35.74
-33.97
-32.1
-30.25
-28.38
-26.39
-24.49
-22.66
-20.81
-18.86
-16.9
-15.13
-13.19
-11.17
-9.11
-6.47
-3.9
-1.31
1.38
3.97
6.5
9.3
11.29
13.17
15.16
16.94
18.93
20.69
22.62
24.64
26.39
28.29
30.25
31.94
33.99
35.74
37.63
39.6
41.43
43.35
45.25
47.04
49.12
50.86
52.78
54.84
56.53
58.43
60.5
62.22
64.09
