154
66
89
209.55
215.79
206.9
202.76
216.55
205.48
203.38
212.67
201.22
221.47
214.66
200.75
216.17
214.56
205.01
198.57
207.75
201.79
197.63
207.75
200.37
175.59
185.52
194.13
166.98
181.64
180.79
175.02
173.6
187.22
173.88
177.01
185.05
176.25
176.53
183.63
196.68
174.07
191.38
205.95
175.78
194.51
205.58
189.59
187.41
199.43
188.36
191.95
196.59
181.74
183.44
208.51
202.95
180.98
192.05
198.67
168.96
173.22
180.98
167.83
167.45
188.45
183.72
178.42
193.28
199.99
177.29
192.99
202.26
187.79
184.38
818.33
919.65
912.46
5.98
6.33
5.11
6.33
9.19
8.58
5.29
5.37
8.23
2.25
-205.84
-213.21
-220.14
-219.01
-212.77
-208.53
-209.74
-195.7
-204.97
-209.74
-191.63
-211.73
-218.67
-212.17
-207.31
-224.04
-224.55
-228.81
-223.01
-224.09
-222.57
-228.72
-228.81
-223.26
-219.19
-219.97
-231.76
-213.99
-198.99
-220.4
-199.69
-191.89
-199.17
-189.29
-180.53
-181.23
-185.21
-186.43
-188.85
-207.66
-188.59
-186.51
-204.89
-203.67
-209.83
-223.18
-214.25
-213.64
-216.24
-230.98
-233.92
-231.32
-235.66
-228.9
-213.81
-235.31
-236.52
-212.34
-223.2
-222.81
-226.9
-224.72
-225.52
-235.83
-224.37
-227
-222.99
-218.84
-236.87
-221.53
63.38
61.52
59.59
57.76
56.01
53.93
52.06
50.29
48.23
46.38
44.44
42.6
40.87
38.81
36.92
35.16
33.17
31.26
29.47
27.62
25.84
23.82
21.9
20.02
18.12
16.28
14.39
12.49
10.68
8.23
5.6
2.97
0.44
-2.26
-4.85
-7.39
-10.06
-11.99
-13.9
-15.79
-17.7
-19.55
-21.49
-23.36
-25.27
-27.14
-29.06
-30.92
-32.75
-34.66
-36.55
-38.4
-40.31
-42.21
-44.13
-45.97
-47.92
-49.81
-51.68
-53.55
-55.36
-57.34
-59.24
-61.13
-63
-64.88
-66.79
-68.67
-70.53
-72.44
-74.34
-75.77
-75.79
-75.79
-75.75
-75.79
-75.69
-75.78
-75.78
-75.67
-75.78
-75.77
-75.39
-73.58
-71.71
-69.68
-67.76
-65.83
-63.98
-62.08
-60.19
-58.3
-56.33
-54.52
-52.59
-50.7
-48.85
-46.93
-45.09
-43.19
-41.24
-39.43
-37.48
-35.57
-33.72
-31.85
-30.03
-28.14
-26.12
-24.34
-22.44
-20.48
-18.65
-16.77
-14.91
-12.94
-10.96
-8.76
-6.15
-3.45
-0.99
1.67
4.28
6.78
9.64
11.49
13.39
15.27
17.17
19.05
20.94
22.82
24.82
26.62
28.52
30.32
32.18
34.08
35.95
37.83
39.73
41.65
43.5
45.39
47.29
49.19
51.11
53.03
54.88
56.74
58.7
60.56
62.43
64.35
