156
67
90
184.1
178.23
177.57
191.95
190.16
172.84
184.29
177.57
164.71
169.44
167.64
180.79
164.9
166.69
173.03
170
170.48
165.56
165.27
172.37
171.71
177.01
186.47
181.92
175.49
168.96
177.1
169.63
176.44
187.22
172.56
161.4
163.95
175.02
149.48
178.9
185.8
173.03
173.32
174.92
181.17
170.29
172.27
173.13
181.92
184.67
187.03
162.06
173.13
172.18
163.48
179.84
179.46
163.48
163.38
166.03
163.57
160.35
153.07
161.49
157.14
163.19
175.87
165.56
171.61
177.01
161.02
151.37
176.53
172.27
159.31
178.23
914.83
915.68
904.14
7.02
-1.82
5.46
-1.13
2.95
2.95
1.91
5.2
2.43
0.69
0.09
-152.28
-192.06
-189.29
-179.84
-183.65
-199.43
-185.82
-185.82
-188.51
-181.31
-181.57
-187.47
-186.77
-202.55
-203.41
-198.21
-209.13
-201.16
-206.19
-193.01
-192.75
-222.14
-208.01
-197.61
-208.96
-187.03
-178.63
-182.35
-173.08
-176.37
-182.53
-164.5
-185.39
-189.72
-191.11
-181.66
-183.74
-196.65
-191.02
-191.71
-205.93
-194.83
-186.43
-184.87
-195.09
-176.55
-188.85
-180.97
-167.79
-168.05
-169.96
-169.44
-161.9
-169.79
-169.7
-181.14
-179.67
-183.65
-194.75
-205.75
-206.79
-202.98
-200.73
-225.69
-217.28
-206.62
-220.66
-211.3
-199.17
-200.64
63.15
61.45
59.36
57.52
55.79
53.73
51.86
49.95
48.04
46.33
44.28
42.4
40.67
38.63
36.76
34.88
32.99
31.26
29.29
27.45
25.69
23.68
21.79
19.87
17.97
16.21
14.22
12.31
10.56
8.01
5.38
2.91
0.17
-2.31
-5.06
-7.57
-10.08
-12.14
-14.05
-15.87
-17.82
-19.61
-21.61
-23.47
-25.43
-27.28
-29.18
-31.09
-32.91
-34.72
-36.68
-38.6
-40.4
-42.36
-44.27
-46.13
-48.03
-49.86
-51.81
-53.64
-55.51
-57.5
-59.36
-61.28
-63.14
-64.97
-66.92
-68.81
-70.69
-72.6
-74.48
-75.83
-75.87
-75.75
-75.85
-75.85
-75.75
-75.85
-75.84
-75.86
-75.88
-75.77
-75.81
-75.82
-75.51
-73.94
-72.02
-70.02
-68.08
-66.09
-64.29
-62.4
-60.45
-58.63
-56.71
-54.84
-52.95
-50.98
-49.19
-47.26
-45.36
-43.49
-41.58
-39.67
-37.8
-35.86
-34.05
-32.18
-30.25
-28.44
-26.55
-24.63
-22.71
-20.8
-18.97
-17.07
-15.16
-13.27
-11.37
-9.24
-6.59
-3.89
-1.39
1.23
3.96
6.39
9.07
11.2
13.11
15.07
16.86
18.74
20.76
22.52
24.43
26.32
28.2
30.18
31.87
33.8
35.74
37.55
39.4
41.33
43.22
45.18
46.97
48.87
50.92
52.69
54.58
56.44
58.36
60.38
62.13
64.04
