154
66
89
228.85
224.59
229.61
223.91
223.11
236.61
233.2
223.83
200.75
210.02
215.04
211.82
193.18
210.78
224.69
200.56
210.4
229.42
196.12
203.97
209.27
214.47
212.77
224.65
223.68
225.16
223.34
223.16
218.73
225.97
222.78
221.09
230.27
231.88
198.1
212.86
224.01
219.86
208.51
215.7
215.79
191.29
219.29
221.66
215.51
208.41
221.19
202.08
202.83
218.16
180.13
189.49
199.71
210.78
195.74
209.55
215.04
198.76
195.83
211.82
213.52
202.93
231.31
227.9
212.2
230.27
218.54
198.29
218.82
209.27
202.74
384
926.93
921.73
1.21
3.21
5.81
3.47
1.56
4.07
-1.73
3.29
2.51
2.77
-173.25
-211.65
-206.27
-196.48
-205.75
-217.28
-217.89
-228.38
-216.33
-207.05
-212.86
-212.17
-190.15
-197
-206.53
-176.03
-184.95
-176.2
-175.85
-173.43
-190.24
-209.05
-195.7
-210.95
-207.31
-196.22
-213.38
-214.94
-186.25
-195.87
-205.75
-197.52
-200.81
-213.21
-229.59
-212.25
-207.4
-223.78
-206.62
-224.22
-219.1
-207.31
-215.98
-217.11
-211.04
-214.77
-216.46
-212.51
-207.05
-204.89
-219.19
-194.66
-199.69
-213.12
-204.63
-210
-211.21
-211.65
-208.01
-211.99
-216.24
-207.14
-205.75
-220.75
-218.84
-221.7
-220.83
-203.5
-220.92
-203.59
63.21
61.48
59.4
57.55
55.84
53.76
51.88
49.96
48.08
46.36
44.29
42.46
40.69
38.66
36.8
34.92
33.02
31.28
29.3
27.51
25.71
23.68
21.81
19.92
18.02
16.27
14.28
12.34
10.6
8.04
5.57
2.78
0.21
-2.27
-5.04
-7.57
-10.03
-12.1
-14.05
-15.9
-17.78
-19.58
-21.57
-23.47
-25.29
-27.26
-29.15
-31.06
-32.89
-34.65
-36.65
-38.55
-40.38
-42.31
-44.16
-46.11
-48
-49.85
-51.78
-53.64
-55.54
-57.46
-59.29
-61.24
-63.14
-65.01
-66.91
-68.8
-70.63
-72.57
-74.41
-75.72
-75.75
-75.66
-75.75
-75.77
-75.64
-75.75
-75.66
-75.75
-75.75
-75.64
-75.44
-73.7
-71.88
-69.83
-67.85
-66
-64.09
-62.16
-60.36
-58.43
-56.47
-54.65
-52.72
-50.86
-48.96
-47.03
-45.25
-43.3
-41.35
-39.56
-37.53
-35.74
-33.82
-31.9
-30.15
-28.27
-26.27
-24.44
-22.56
-20.71
-18.77
-16.8
-15
-13.05
-11.1
-8.94
-6.3
-3.81
-1.2
1.65
4.07
6.69
9.45
11.37
13.29
15.17
17.05
19.03
20.81
22.75
24.74
26.53
28.37
30.21
32.06
34.09
35.83
37.75
39.71
41.53
43.43
45.23
47.17
49.22
51.01
52.88
54.91
56.61
58.54
60.43
62.3
64.39
