154
66
89
170
174.55
189.3
178.14
167.07
180.88
180.13
164.71
181.07
180.98
175.96
192.43
194.98
185.71
175.59
193.75
192.05
177.48
180.98
182.78
179.65
168.87
173.41
160.17
167.36
175.11
172.46
158.94
172.75
174.55
170.86
184.01
182.3
165.18
178.42
182.11
175.49
177.38
187.03
184.76
169.82
178.42
190.82
166.13
174.45
174.73
171.33
174.64
180.41
176.63
172.94
185.61
186.84
164.99
166.22
166.6
162.72
170.19
161.87
152.5
165.56
166.79
152.5
152.79
155.91
145.41
149.66
151.56
146.16
136.33
141.06
917
899.22
885.69
2.95
6.85
4.16
6.15
2.51
5.98
3.21
2.34
5.63
7.37
-154.88
-167.53
-170.48
-164.07
-170.57
-161.21
-164.59
-168.75
-171.26
-166.23
-162.42
-174.73
-167.71
-166.93
-161.81
-158.69
-163.03
-167.36
-167.88
-170.05
-156.96
-165.8
-174.55
-177.67
-169.87
-175.25
-192.75
-173.69
-176.03
-192.67
-186.86
-183.83
-185.13
-170.91
-171
-165.11
-168.75
-160.95
-168.4
-168.92
-159.56
-147.25
-171.09
-162.77
-154.79
-166.58
-162.51
-173.69
-173.34
-188.85
-192.23
-182.53
-193.1
-195.44
-183.83
-189.63
-186.34
-168.57
-182.01
-168.83
-168.49
-172.21
-172.91
-158.69
-165.11
-162.42
-158.95
-175.25
-174.03
-164.85
63.21
61.29
59.55
57.52
55.62
53.74
51.83
49.93
48.04
46.14
44.38
42.41
40.46
38.58
36.68
34.8
32.92
31.06
29.37
27.4
25.5
23.53
21.7
19.78
17.9
16.08
14.12
12.23
10.37
7.94
5.25
2.85
0.07
-2.66
-4.96
-7.72
-10.28
-12.16
-14.16
-15.93
-17.93
-19.79
-21.57
-23.57
-25.48
-27.37
-29.3
-31.06
-32.98
-34.87
-36.67
-38.65
-40.57
-42.43
-44.36
-46.2
-48.13
-50
-51.83
-53.79
-55.66
-57.58
-59.48
-61.29
-63.25
-65.14
-66.94
-68.9
-70.83
-72.7
-74.56
-75.44
-75.54
-75.51
-75.44
-75.53
-75.54
-75.56
-75.56
-75.54
-75.52
-75.54
-75.22
-73.68
-71.81
-69.75
-67.83
-65.94
-64.05
-62.13
-60.19
-58.37
-56.48
-54.58
-52.68
-50.83
-48.92
-47
-45.08
-43.25
-41.35
-39.49
-37.56
-35.61
-33.79
-31.94
-30.03
-28.19
-26.26
-24.39
-22.5
-20.55
-18.73
-16.87
-14.87
-13.05
-11.1
-8.88
-6.2
-3.66
-1.09
1.58
4.26
6.74
9.41
11.43
13.35
15.19
17.1
18.99
20.99
22.71
24.69
26.55
28.42
30.38
32.11
34.01
36.05
37.83
39.65
41.58
43.49
45.43
47.23
49.15
51.18
52.95
54.86
56.69
58.63
60.47
62.44
64.3
