150
64
87
224.31
210.43
211.16
224.78
208.06
222.79
201.22
208.51
215.6
211.63
193.28
199.8
202.93
210.87
207.73
209.15
210.97
221.47
205.39
188.83
201.41
215.04
200.18
187.03
196.78
208.98
190.72
197.91
198.01
185.9
203.4
209.45
166.69
199.14
205.95
181.26
193.56
181.92
203.21
191.48
191.2
195.17
191.67
192.61
191.48
179.84
193.84
201.22
174.45
184.95
206.05
180.88
170.38
182.87
204.53
190.82
184.86
179.94
177.1
193.56
202.64
176.91
198.2
217.78
190.63
184.01
201.03
189.97
172.94
575.67
945.38
937.34
2.69
4.51
4.94
3.9
3.55
4.68
3.9
4.85
-4.25
0.69
-197
-209.91
-223.78
-221.96
-212.25
-211.04
-226.56
-231.58
-213.12
-204.63
-210.61
-210.17
-200.81
-209.74
-188.51
-211.91
-192.84
-212.77
-223.61
-214.77
-222.48
-234.88
-215.55
-238.17
-212.34
-201.51
-211.04
-207.75
-194.4
-210.26
-194.75
-216.76
-203.24
-214.68
-237.48
-223.87
-220.75
-213.21
-216.59
-220.92
-202.63
-221.18
-223.78
-217.71
-228.12
-216.15
-229.1
-228.1
-231.58
-239.04
-235.48
-223.18
-236.09
-229.83
-230.68
-230.7
-218.93
-213.29
-220.05
-226.47
-231.35
-227.25
-228.99
-234.32
-231.31
-233.3
-236.94
-233.47
59.51
57.68
55.78
54
51.96
50.07
48.28
46.26
44.37
42.49
40.58
38.85
36.84
34.95
33.23
31.2
29.33
27.5
25.6
23.84
21.83
19.95
18.15
16.17
14.28
12.4
10.53
8.25
5.49
2.83
0.41
-2.39
-4.98
-7.51
-10.16
-11.98
-14.02
-15.89
-17.78
-19.64
-21.58
-23.32
-25.37
-27.13
-29.11
-31.04
-32.77
-34.72
-36.62
-38.44
-40.43
-42.21
-44.21
-46.07
-47.88
-49.86
-51.77
-53.59
-55.52
-57.36
-59.31
-61.22
-63.04
-64.99
-66.94
-68.77
-70.66
-72.48
-74.45
-75.61
-75.49
-75.6
-75.64
-75.51
-75.61
-75.51
-75.62
-75.62
-75.52
-75.58
-75.33
-73.69
-71.88
-69.75
-67.86
-66.02
-64.08
-62.23
-60.36
-58.5
-56.57
-54.66
-52.82
-50.94
-48.98
-47.17
-45.32
-43.42
-41.5
-39.58
-37.73
-35.88
-33.91
-32.11
-30.26
-28.39
-26.46
-24.47
-22.69
-20.81
-18.83
-17
-15.07
-13.23
-11.31
-9.01
-6.5
-3.97
-1.22
1.29
3.9
6.49
9.14
11.32
13.13
15.04
17.02
18.8
20.67
22.56
24.47
26.45
28.25
30.08
32.03
33.84
35.7
37.73
39.45
41.52
43.29
45.12
47.12
48.94
50.86
52.72
54.63
56.66
58.38
60.27
