154
66
89
196.02
185.05
186.28
197.82
186.47
159.88
171.04
165.94
162.63
179.37
180.13
170.67
167.36
180.32
166.5
154.96
176.82
181.55
163.76
173.5
173.03
169.15
173.03
190.91
165.18
174.26
194.89
173.03
165.46
191.76
171.99
165.56
173.03
173.13
162.63
186.37
180.79
167.83
176.91
182.87
177.1
170.29
183.63
186.65
168.4
191.67
199.43
153.92
171.52
186.28
164.23
157.04
171.23
178.8
170.48
173.32
184.38
159.03
177.57
177.1
160.92
165.56
174.17
171.71
181.55
201.98
176.91
159.41
179.18
166.03
155.81
474.91
918.23
915.77
9.45
10.83
9.01
4.68
7.45
11.09
5.89
8.06
6.85
4.94
-190.85
-185.13
-188.77
-193.45
-198.47
-200.99
-184.69
-184.95
-175.77
-158.69
-181.66
-185.47
-162.51
-177.07
-182.96
-169.35
-160.6
-164.33
-178.11
-172.91
-184
-181.49
-169.35
-187.73
-201.07
-190.41
-192.67
-186.95
-167.62
-181.49
-182.7
-162.16
-171
-176.63
-164.67
-151.07
-160.6
-163.55
-152.19
-169.87
-179.58
-171
-181.31
-187.73
-180.79
-190.67
-201.33
-186.34
-177.93
-194.23
-169.44
-162.07
-179.75
-168.75
-150.37
-154.19
-158.78
-165.28
-164.15
-176.98
-188.68
-150.89
-163.81
-161.64
-163.98
-162.77
-173.34
-181.83
-184.61
-191.97
63.19
61.31
59.62
57.62
55.86
53.81
51.92
50.2
48.15
46.27
44.35
42.48
40.74
38.7
36.83
35.05
33.08
31.2
29.36
27.54
25.79
23.74
21.85
20.09
18.05
16.22
14.3
12.39
10.64
8.18
5.48
3
0.32
-2.31
-4.97
-7.46
-10.01
-12.06
-13.95
-15.77
-17.75
-19.61
-21.51
-23.4
-25.23
-27.2
-29.09
-30.96
-32.81
-34.69
-36.58
-38.49
-40.34
-42.24
-44.19
-45.97
-47.96
-49.83
-51.71
-53.61
-55.45
-57.4
-59.29
-61.12
-63.07
-64.95
-66.85
-68.74
-70.6
-72.5
-74.42
-75.53
-75.61
-75.61
-75.52
-75.61
-75.53
-75.61
-75.6
-75.5
-75.61
-75.61
-75.36
-73.68
-71.79
-69.73
-67.78
-65.9
-64.03
-62.11
-60.2
-58.36
-56.42
-54.56
-52.69
-50.76
-48.9
-46.99
-45.09
-43.22
-41.26
-39.5
-37.54
-35.59
-33.82
-31.91
-30.11
-28.21
-26.24
-24.39
-22.49
-20.53
-18.7
-16.82
-14.97
-13.01
-11
-8.86
-6.23
-3.58
-1.11
1.57
4.19
6.74
9.54
11.44
13.35
15.34
17.1
19
20.87
22.79
24.79
26.56
28.47
30.4
32.11
34.04
35.92
37.83
39.77
41.57
43.46
45.43
47.21
49.18
51.05
52.93
54.99
56.71
58.61
60.61
62.38
64.28
