154
66
89
216.79
217.69
211.91
221.56
225.73
200.37
199.8
201.41
177.57
178.99
193.37
192.71
184.19
195.26
214
198.29
212.1
221.94
206.62
200.85
217.68
196.68
201.03
207.37
192.24
207.85
200.28
202.74
201.41
223.27
196.78
202.08
217.5
205.2
215.32
216.27
219.42
222.98
226.1
221.56
229.42
216.51
217.05
219.77
214.94
220.05
220.81
193.94
209.36
201.03
185.61
191.38
189.4
180.32
193.94
194.22
202.45
206.81
212.39
201.32
207.56
220.43
219.48
211.25
221.19
224.69
194.79
199.9
207.18
197.44
199.99
941.79
925.33
928.35
0.69
3.12
4.68
3.73
3.64
0.26
2.34
3.64
-0.95
0
-181.23
-180.1
-172.56
-174.38
-179.32
-181.23
-179.32
-176.03
-161.64
-165.02
-163.98
-164.85
-159.21
-165.37
-163.55
-153.84
-157.91
-160.69
-158.87
-157.74
-166.49
-176.89
-167.88
-172.73
-185.73
-169.79
-181.4
-179.84
-175.68
-185.65
-177.67
-168.31
-186.08
-194.83
-191.28
-167.53
-169.01
-199.51
-174.12
-172.13
-198.13
-175.68
-176.81
-168.66
-175.94
-172.47
-172.56
-177.24
-166.75
-175.94
-192.41
-172.39
-182.53
-179.93
-164.15
-176.46
-172.99
-161.21
-174.55
-167.97
-166.41
-152.63
-158.26
-178.28
-164.76
-184.95
-189.37
-182.01
-204.8
-215.46
63.13
61.29
59.32
57.49
55.78
53.71
51.8
49.92
48.03
46.1
44.25
42.34
40.61
38.58
36.71
34.81
32.94
31.17
29.22
27.37
25.58
23.57
21.7
19.78
17.9
16.02
14.14
12.24
10.5
7.9
5.06
2.63
0.04
-2.56
-5.16
-7.67
-10.18
-12.2
-14.18
-16.08
-17.92
-19.81
-21.68
-23.6
-25.44
-27.39
-29.25
-31.16
-33.03
-34.89
-36.75
-38.67
-40.48
-42.44
-44.34
-46.23
-48.1
-50
-51.89
-53.79
-55.61
-57.57
-59.47
-61.33
-63.29
-65.13
-67.04
-68.92
-70.75
-72.7
-74.58
-75.41
-75.41
-75.3
-75.4
-75.41
-75.31
-75.4
-75.41
-75.41
-75.4
-75.41
-75.23
-73.71
-71.79
-69.79
-67.82
-65.94
-64.1
-62.19
-60.36
-58.45
-56.49
-54.7
-52.81
-50.93
-49.05
-47.15
-45.28
-43.36
-41.41
-39.62
-37.69
-35.84
-33.95
-32.07
-30.27
-28.35
-26.39
-24.56
-22.65
-20.78
-18.87
-16.9
-15.1
-13.2
-11.19
-9.12
-6.47
-3.93
-1.31
1.28
3.95
6.5
9.31
11.25
13.18
15.04
16.94
18.83
20.7
22.59
24.62
26.37
28.27
30.1
31.94
33.85
35.73
37.61
39.62
41.41
43.3
45.14
47.04
49
50.88
52.78
54.81
56.55
58.45
60.3
62.19
64.09
