156
67
90
211.85
220.62
219.1
211.71
209.64
213.81
224.69
201.7
205.48
226.29
213.33
210.78
212.65
224.69
212.2
221.56
211.8
216.55
211.35
214
202.55
186.37
194.79
186.84
193.28
193.75
192.61
186.56
201.32
191.86
182.11
194.7
188.55
196.68
199.52
210.87
231.12
215.79
220.14
227.62
214.85
213.81
216.93
205.76
200.47
198.86
195.64
196.12
200.37
191.57
177.38
208.89
218.91
184.67
186.47
190.16
186.37
187.98
197.34
190.82
187.13
198.1
189.68
183.44
190.63
195.45
195.93
196.4
195.26
196.87
200.28
205.67
904.04
877.74
866.01
7.02
4.94
3.38
1.65
9.1
11.61
8.84
5.03
6.15
8.58
5.2
-168.23
-199.17
-204.28
-199.86
-201.33
-198.39
-195.27
-209.83
-196.83
-199.95
-192.84
-184.52
-193.62
-180.79
-174.81
-187.55
-205.84
-195.09
-200.64
-198.56
-178.71
-183.31
-201.77
-194.66
-200.55
-195.96
-207.14
-204.97
-209.39
-228.2
-223.78
-225.95
-228.29
-213.47
-207.92
-202.72
-198.65
-187.9
-181.14
-186.77
-183.65
-175.16
-180.1
-184.69
-182.27
-188.07
-187.21
-190.93
-190.07
-202.81
-205.49
-209.39
-219.19
-213.12
-221.96
-217.11
-214.51
-208.87
-217.11
-210
-199.17
-217.19
-208.01
-198.04
-198.47
-219.1
-192.23
-190.07
-213.47
-201.51
63.25
61.37
59.5
57.63
55.89
53.88
51.97
50.2
48.18
46.29
44.37
42.53
40.77
38.78
36.86
35.15
33.13
31.37
29.37
27.54
25.75
23.77
21.85
20.12
18.11
16.36
14.29
12.42
10.67
8.19
5.51
3.1
0.31
-2.17
-4.89
-7.46
-9.98
-12.01
-13.98
-15.72
-17.72
-19.49
-21.53
-23.37
-25.22
-27.2
-29.1
-30.88
-32.8
-34.6
-36.57
-38.41
-40.29
-42.24
-44.17
-45.93
-47.93
-49.74
-51.66
-53.58
-55.42
-57.38
-59.28
-61.11
-63.04
-64.87
-66.83
-68.73
-70.6
-72.49
-74.38
-75.75
-75.84
-75.74
-75.86
-75.84
-75.75
-75.85
-75.85
-75.77
-75.86
-75.84
-75.85
-75.91
-75.47
-73.84
-71.9
-69.88
-67.97
-66.06
-64.16
-62.27
-60.36
-58.53
-56.63
-54.67
-52.83
-50.91
-49.06
-47.16
-45.23
-43.41
-41.49
-39.53
-37.68
-35.74
-33.94
-32.07
-30.16
-28.35
-26.44
-24.44
-22.62
-20.78
-18.86
-16.97
-15.01
-13.18
-11.24
-8.93
-6.47
-3.89
-1.27
1.39
4.1
6.52
9.18
11.4
13.2
15.07
16.96
18.83
20.86
22.62
24.51
26.56
28.31
30.25
31.97
33.89
35.88
37.64
39.5
41.56
43.32
45.31
47.1
48.98
51.08
52.81
54.69
56.69
58.47
60.48
62.23
64.15
