154
66
89
184.67
168.4
168.59
178.71
186.75
156.19
168.21
185.14
153.73
169.53
191.01
158.27
178.14
195.36
168.11
168.77
188.26
175.21
156.76
174.55
173.13
156.67
180.03
182.4
161.3
160.45
174.17
182.87
161.68
200.28
194.7
164.52
187.51
192.61
174.17
191.2
198.39
157.23
180.41
178.8
169.63
164.61
185.14
168.59
152.5
173.32
166.79
139.54
154.39
160.83
139.45
171.42
166.41
140.96
159.79
166.03
164.9
147.3
163.95
152.12
144.27
164.23
153.83
128.47
158.65
150.7
127.43
142.29
143.14
131.22
151.08
881.71
814.92
812.75
0.87
3.64
1.3
7.28
5.29
3.03
2.51
1.39
5.98
1.13
-162.07
-162.68
-169.27
-164.5
-165.11
-157.91
-159.73
-171.52
-160.17
-153.41
-163.37
-173.34
-147.6
-156.96
-164.76
-155.92
-158.17
-155.83
-180.79
-158
-153.49
-182.01
-160.43
-183.48
-183.22
-162.16
-176.46
-173.08
-158.78
-173.95
-184.43
-175.42
-186.51
-179.06
-186.69
-169.44
-171.87
-197.52
-167.53
-174.29
-194.92
-161.47
-171.43
-172.04
-177.33
-175.25
-186.77
-189.03
-174.21
-177.5
-185.82
-163.98
-174.64
-179.06
-169.09
-167.01
-173.77
-178.19
-156.27
-173.34
-184.35
-155.75
-157.83
-189.55
-157.83
-161.47
-184
-151.07
-157.83
-164.59
63.17
61.28
59.38
57.54
55.82
53.72
51.87
50.14
48.08
46.2
44.33
42.44
40.55
38.67
36.8
35.01
33.06
31.16
29.28
27.5
25.55
23.68
21.78
20.02
18.02
16.15
14.24
12.37
10.47
8.11
5.43
2.94
0.21
-2.39
-5.03
-7.56
-10.18
-12.09
-14.02
-15.82
-17.8
-19.69
-21.57
-23.45
-25.4
-27.25
-29.15
-31.01
-32.89
-34.76
-36.65
-38.54
-40.37
-42.31
-44.22
-45.99
-48.01
-49.92
-51.76
-53.66
-55.58
-57.44
-59.35
-61.2
-63.14
-64.99
-66.91
-68.77
-70.73
-72.54
-74.47
-75.45
-75.57
-75.59
-75.56
-75.59
-75.58
-75.57
-75.56
-75.49
-75.54
-75.54
-75.28
-73.68
-71.84
-69.79
-67.85
-65.96
-64.08
-62.19
-60.3
-58.45
-56.45
-54.63
-52.74
-50.79
-48.94
-47.05
-45.21
-43.28
-41.41
-39.55
-37.63
-35.63
-33.85
-31.98
-30.14
-28.26
-26.33
-24.44
-22.56
-20.58
-18.76
-16.88
-15
-13.1
-11.15
-8.96
-6.28
-3.6
-1.18
1.48
4.11
6.74
9.33
11.37
13.27
15.26
17.05
18.96
20.82
22.72
24.77
26.51
28.38
30.36
32.08
33.98
35.85
37.74
39.6
41.53
43.43
45.4
47.16
49.13
50.99
52.89
54.81
56.67
58.56
60.57
62.34
64.18
