141
64
87
221.28
211.17
214.13
210.21
208.26
208.78
198.57
199.9
215.23
214.66
188.36
194.32
227.52
204.35
222.79
212.48
194.22
218.73
208.6
178.8
201.89
202.93
223.08
204.72
202.55
224.78
196.4
208.6
216.83
190.72
201.98
206.05
173.98
213.14
209.17
198.76
207.94
208.04
209.08
207.18
194.98
199.8
196.87
196.78
202.93
195.55
210.31
197.06
185.42
191.86
181.92
170.1
169.72
167.73
178.9
174.64
180.22
171.71
176.91
182.21
183.34
166.5
181.92
199.24
175.21
184.86
201.98
206.14
180.22
403.49
941.22
935.54
6.59
5.03
7.71
6.5
6.33
1.73
7.89
5.11
7.63
9.01
-173.08
-233.14
-246.58
-234.36
-227.86
-220.66
-226.64
-222.92
-231.58
-212.86
-209.13
-217.71
-205.67
-217.28
-217.97
-234.27
-221.79
-246.49
-257.02
-254.21
-255.72
-261.99
-257.7
-259.39
-257.18
-255.14
-254.84
-256.09
-244.24
-254.47
-259.34
-261.1
-255.7
-257.41
-265.37
-259.43
-257.78
-256.76
-260.58
-258.04
-258.54
-261.25
-256.89
-256.18
-259.67
-256.81
-257.39
-256.72
-248.92
-237.65
-246.32
-253.82
-251
-262.57
-259.02
-257.31
-254.16
-259.75
-255.49
59.72
57.7
55.82
54.04
52
50.13
48.35
46.3
44.41
42.55
40.64
38.89
36.88
34.98
33.28
31.24
29.54
27.57
25.64
23.89
21.87
19.97
18.23
16.22
14.45
12.42
10.57
8.33
5.52
2.89
0.5
-2.34
-4.92
-7.47
-10.1
-11.92
-13.97
-15.85
-17.63
-19.58
-21.43
-23.39
-25.28
-27.1
-29.1
-30.96
-32.71
-34.69
-36.57
-38.48
-40.38
-42.16
-44.17
-46.05
-47.85
-49.8
-51.69
-53.6
-55.48
-57.32
-59.3
-61.19
-63.03
-64.92
-66.84
-68.73
-70.62
-72.45
-74.39
-75.64
-75.56
-75.66
-75.66
-75.68
-75.66
-75.55
-75.64
-75.66
-75.58
-75.65
-75.34
-73.78
-71.99
-69.88
-67.99
-66.06
-64.14
-62.27
-60.44
-58.5
-56.62
-54.67
-52.82
-50.95
-49.02
-47.18
-45.31
-43.43
-41.51
-39.61
-37.72
-35.84
-33.88
-32.09
-30.25
-28.34
-26.46
-24.42
-22.64
-20.77
-18.76
-16.97
-15.02
-13.19
-11.23
-8.99
-6.48
-3.85
-1.16
1.36
3.92
6.56
9.14
11.4
13.2
15.06
17.05
18.85
20.81
22.62
24.56
26.52
28.29
30.12
32.08
33.88
35.87
37.63
39.53
41.53
43.32
