154
66
89
197.63
183.72
170.48
189.97
194.79
165.08
178.23
168.59
166.31
181.07
182.97
177.29
178.14
194.98
183.63
183.15
192.8
186.47
184.38
188.17
180.13
180.79
187.03
186.94
185.52
178.71
189.21
184.67
183.25
193.28
180.32
175.96
183.53
191.1
189.02
201.32
202.64
169.34
180.88
190.82
189.49
193.66
193.84
179.65
175.59
190.25
186.65
164.9
175.11
176.34
155.62
171.04
161.96
161.68
178.05
182.68
164.52
183.06
180.51
166.13
179.37
188.93
184.19
167.45
185.71
184.29
175.3
190.82
193.37
161.4
182.02
928.54
910.1
897.42
6.85
0.95
2.34
1.56
4.42
-1.56
-0.09
2.95
0.52
4.25
-200.38
-203.07
-201.68
-193.45
-191.97
-193.79
-204.37
-201.77
-194.83
-192.67
-193.62
-190.93
-185.04
-183.91
-178.37
-171.61
-169.09
-173.25
-175.77
-184.78
-182.27
-187.99
-186.43
-217.71
-204.71
-205.15
-217.8
-211.99
-202.98
-217.45
-204.02
-183.05
-209.57
-211.99
-218.58
-199.17
-178.37
-190.76
-183.91
-191.45
-196.39
-180.36
-200.03
-189.29
-185.21
-201.25
-207.23
-187.12
-193.19
-185.99
-190.85
-179.67
-192.32
-176.2
-165.8
-176.11
-178.37
-171.69
-170.83
-176.2
-181.75
-167.71
-178.45
-186.69
-184
-202.55
-216.24
-203.24
-203.76
-214.59
63.18
61.29
59.38
57.57
55.66
53.78
51.88
50.17
48.09
46.2
44.31
42.45
40.55
38.68
36.79
35.05
33.03
31.19
29.46
27.5
25.55
23.71
21.82
20.04
18.05
16.14
14.34
12.36
10.5
8.07
5.42
2.96
0.27
-2.39
-4.95
-7.51
-10.15
-12.11
-14.02
-15.79
-17.81
-19.68
-21.59
-23.47
-25.36
-27.25
-29.15
-31.05
-32.87
-34.74
-36.63
-38.55
-40.44
-42.31
-44.2
-46
-48.08
-49.9
-51.74
-53.64
-55.56
-57.44
-59.34
-61.18
-63.13
-65.02
-66.89
-68.75
-70.68
-72.56
-74.42
-75.61
-75.71
-75.75
-75.73
-75.73
-75.75
-75.72
-75.72
-75.64
-75.74
-75.71
-75.43
-73.69
-71.88
-69.77
-67.87
-65.94
-64.06
-62.18
-60.3
-58.4
-56.5
-54.61
-52.74
-50.86
-48.95
-47.05
-45.2
-43.28
-41.33
-39.5
-37.58
-35.66
-33.83
-32
-30.13
-28.28
-26.34
-24.39
-22.56
-20.59
-18.79
-16.87
-14.98
-13.06
-11.17
-8.91
-6.28
-3.61
-1.14
1.52
4.09
6.71
9.33
11.39
13.3
15.3
17.05
18.95
20.81
22.73
24.65
26.53
28.42
30.36
32.08
34.04
35.85
37.76
39.62
41.55
43.44
45.42
47.19
49.13
50.99
52.91
54.81
56.64
58.55
60.58
62.34
64.28
