154
66
89
197.75
202.01
199.85
224.31
199.36
202.93
207.66
198.76
179.65
196.02
189.49
187.22
195.64
204.63
199.14
198.57
216.27
199.33
191.48
202.45
181.36
174.17
181.74
189.3
164.61
170.48
191.86
169.91
172.56
172.18
165.27
169.44
191.67
182.68
164.33
184.01
186.28
173.6
178.52
195.74
187.03
185.14
192.24
189.21
188.07
193.28
176.63
176.06
188.93
191.57
188.45
197.44
217.5
167.92
178.61
177.38
163.57
175.59
180.98
175.02
169.72
185.14
177.86
172.18
178.33
173.98
159.69
156.38
174.45
159.31
152.41
912.55
904.04
898.55
2.51
4.94
-0.09
2.25
1.47
3.47
3.9
0.52
-2.86
3.03
-183.05
-196.13
-203.41
-188.51
-197.87
-210.43
-205.32
-211.13
-204.8
-200.73
-194.23
-203.24
-198.91
-203.33
-200.55
-207.49
-210
-217.45
-224.74
-212.07
-207.75
-213.47
-218.23
-211.91
-197.26
-205.84
-212.95
-183.65
-195.35
-203.33
-190.59
-198.73
-191.28
-176.55
-172.56
-180.01
-173.86
-161.03
-175.85
-183.05
-168.23
-173.17
-196.48
-184.69
-166.58
-193.1
-185.73
-190.59
-199.6
-200.81
-205.58
-211.91
-209.57
-205.93
-204.37
-221.09
-199.51
-187.38
-203.24
-187.73
-202.46
-218.06
-227.16
-227.34
-228.38
-213.39
-213.41
-211.42
-218.37
-213.39
63.15
61.28
59.35
57.53
55.66
53.72
51.9
50.1
48.01
46.17
44.27
42.43
40.55
38.64
36.75
35.02
33.03
31.11
29.31
27.47
25.54
23.65
21.78
20.02
17.97
16.14
14.27
12.32
10.46
8.02
5.39
2.94
0.18
-2.47
-5.03
-7.6
-10.18
-12.12
-14.03
-15.84
-17.82
-19.7
-21.61
-23.48
-25.4
-27.27
-29.18
-30.96
-32.91
-34.81
-36.68
-38.55
-40.46
-42.34
-44.27
-46.03
-48.02
-49.9
-51.8
-53.69
-55.59
-57.49
-59.36
-61.18
-63.13
-65.03
-66.94
-68.8
-70.69
-72.6
-74.47
-75.65
-75.75
-75.75
-75.73
-75.74
-75.72
-75.75
-75.75
-75.65
-75.73
-75.69
-75.44
-73.73
-71.93
-69.85
-67.89
-65.97
-64.15
-62.27
-60.35
-58.47
-56.55
-54.66
-52.74
-50.85
-48.99
-47.08
-45.24
-43.35
-41.43
-39.58
-37.65
-35.7
-33.86
-32.02
-30.17
-28.28
-26.36
-24.44
-22.57
-20.59
-18.8
-16.89
-15.02
-13.11
-11.17
-8.96
-6.3
-3.65
-1.2
1.51
4.05
6.65
9.28
11.32
13.25
15.27
17.03
18.89
20.8
22.66
24.61
26.5
28.4
30.32
32.02
33.97
35.83
37.73
39.69
41.51
43.4
45.39
47.12
49.05
50.96
52.87
54.74
56.64
58.47
60.55
62.27
64.21
