156
67
90
233.05
237.27
212.77
222.6
233.95
208.13
201.98
208.89
191.57
201.41
210.78
207.75
189.78
215.79
229.23
213.52
232.35
231.69
216.64
215.7
221.66
221.28
226.29
230.17
233.67
219.39
223.74
225.16
211.44
228.56
229.7
218.25
220.43
233.58
214.85
225.82
234
237.17
238.5
234.15
224.02
235.94
230.66
230.66
236.13
239.07
234.4
230.78
231.82
231.44
223.55
215.51
225.35
224.12
214.18
225.63
229.7
217.4
228.85
234.43
219.86
236.98
232.25
226.77
237.36
235.63
236.23
217.97
251.55
229.7
203.21
216.08
900.73
902.05
895.34
4.33
3.38
9.71
4.42
2.6
5.2
1.73
1.21
0.78
1.47
4.42
-224.91
-227.6
-245.1
-231.24
-230.8
-218.28
-217.22
-225.17
-222.14
-215.81
-202.63
-202.63
-201.85
-200.21
-203.5
-207.31
-200.55
-204.89
-212.08
-219.36
-218.93
-225.43
-233.58
-231.41
-220.31
-226.21
-226.21
-212.51
-226.12
-221.88
-224.91
-212.17
-220.75
-213.38
-219.97
-217.89
-197.43
-208.44
-213.9
-227.16
-206.19
-209.39
-209.39
-200.03
-204.45
-213.29
-207.75
-199.17
-200.9
-191.89
-188.51
-196.39
-199.69
-201.59
-200.38
-201.68
-190.24
-185.21
-176.81
-179.49
-176.2
-173.43
-190.07
-193.79
-188.85
-215.63
-224.56
-210.09
-213.29
-220.83
63.18
61.33
59.41
57.57
55.71
53.89
51.86
50
48.07
46.16
44.31
42.44
40.48
38.78
36.75
34.85
33.14
31.12
29.27
27.44
25.5
23.77
21.73
19.85
18.12
16.1
14.21
12.29
10.4
8.14
5.38
2.72
0.27
-2.52
-5.1
-7.65
-10.22
-12.05
-14.09
-15.98
-17.75
-19.74
-21.65
-23.5
-25.46
-27.21
-29.21
-31.14
-32.86
-34.84
-36.68
-38.61
-40.54
-42.37
-44.33
-46.14
-48.07
-49.96
-51.82
-53.71
-55.62
-57.51
-59.4
-61.32
-63.17
-65.07
-66.99
-68.87
-70.77
-72.65
-74.52
-76.44
-76.63
-76.63
-76.64
-76.61
-76.65
-76.59
-76.63
-76.66
-76.65
-76.63
-76.63
-76.54
-75.71
-73.63
-71.73
-69.72
-67.73
-65.9
-64
-62.12
-60.21
-58.3
-56.44
-54.55
-52.57
-50.75
-48.87
-46.95
-45.12
-43.12
-41.3
-39.46
-37.45
-35.63
-33.77
-31.88
-30.08
-28.06
-26.24
-24.34
-22.37
-20.58
-18.69
-16.8
-14.92
-12.87
-11.07
-8.83
-5.99
-3.63
-1.01
1.65
4.21
6.97
9.46
11.46
13.51
15.26
17.16
19.04
20.93
22.83
24.7
26.63
28.61
30.3
32.14
34.11
35.94
37.85
39.71
41.61
43.66
45.38
47.25
49.19
51.08
53
54.88
56.74
58.8
60.52
62.43
64.32
