154
66
89
236.88
239.58
239.44
241.68
240.5
240.67
239.13
233.41
229.39
232.98
234.9
236.32
230.95
231.54
233.11
227.9
234.34
210.78
209.55
223.08
223.46
199.9
204.53
202.26
197.91
204.16
200.75
211.16
207.94
217.78
216.36
214.28
209.74
203.12
208.6
224.69
227.43
223.08
230.02
230.27
228.75
229.79
226.86
233.2
230.95
221.85
227.81
218.73
218.35
213.9
201.89
227.15
229.79
195.26
218.35
214.28
190.16
199.43
207.28
196.4
191.2
202.74
212.67
198.95
208.79
211.91
211.54
222.42
203.31
210.21
216.36
988.9
949.55
941.69
7.11
3.81
6.41
5.29
5.03
4.85
11.61
4.25
0.87
2.17
-182.09
-170.74
-176.37
-171.87
-170.65
-166.84
-168.23
-168.4
-168.83
-166.49
-164.15
-170.31
-185.99
-194.05
-193.88
-194.75
-215.11
-217.54
-206.19
-219.1
-209.91
-195.09
-198.21
-204.11
-195.35
-194.4
-210.61
-193.45
-176.81
-202.72
-191.11
-185.91
-191.45
-179.93
-167.97
-164.33
-172.3
-169.35
-165.89
-180.1
-175.77
-157.74
-166.32
-165.97
-152.8
-156.79
-163.63
-160.95
-160.69
-168.75
-186.43
-191.97
-175.77
-199.17
-205.23
-216.85
-207.4
-210.63
-211.89
-210.89
-213.38
-213.77
-215.46
-219.93
-219.08
-219.77
-222.05
-215.05
-214.44
-214.36
63.21
61.34
59.41
57.59
55.86
53.8
51.93
50
48.1
46.23
44.31
42.48
40.72
38.65
36.82
34.91
33.06
31.16
29.33
27.5
25.74
23.7
21.83
19.95
18.03
16.16
14.29
12.38
10.62
8.11
5.44
2.89
0.27
-2.39
-4.93
-7.51
-10.03
-12.06
-14
-16
-17.79
-19.66
-21.56
-23.42
-25.25
-27.24
-29.11
-31.03
-32.83
-34.74
-36.6
-38.51
-40.36
-42.29
-44.21
-46.08
-47.99
-49.88
-51.75
-53.65
-55.47
-57.44
-59.33
-61.24
-63.11
-64.94
-66.87
-68.75
-70.65
-72.53
-74.42
-75.65
-75.67
-75.69
-75.68
-75.69
-75.58
-75.71
-75.7
-75.68
-75.71
-75.68
-75.35
-73.68
-71.8
-69.81
-67.84
-65.97
-64.08
-62.16
-60.31
-58.43
-56.46
-54.64
-52.73
-50.86
-48.96
-47.05
-45.18
-43.3
-41.33
-39.54
-37.57
-35.7
-33.84
-31.94
-30.12
-28.25
-26.24
-24.4
-22.54
-20.63
-18.73
-16.87
-14.99
-13.06
-11.04
-8.86
-6.24
-3.69
-1.09
1.53
4.11
6.71
9.5
11.45
13.31
15.17
17.06
18.98
20.83
22.76
24.76
26.52
28.42
30.18
32.08
33.99
35.85
37.79
39.73
41.51
43.46
45.29
47.18
49.11
51
52.92
54.94
56.66
58.58
60.49
62.35
64.26
