154
66
89
197.44
215.13
177.86
199.05
208.6
181.64
184.86
191.86
173.22
180.51
184.95
180.22
177.29
176.63
191.38
172.94
191.1
169.06
149.95
174.73
160.17
146.73
165.46
162.72
166.5
166.22
160.73
171.52
176.72
198.67
204.72
178.99
195.36
199.8
188.17
205.2
218.91
196.12
200.94
198.01
205.29
195.55
203.02
210.4
194.41
208.6
214.66
213.43
201.41
205.39
183.25
183.15
198.2
188.55
166.69
172.09
206.81
174.64
171.52
172.27
163.85
176.06
180.03
179.75
178.23
195.17
168.68
160.73
172.65
165.08
156
753.34
930.34
923.72
4.94
6.67
6.33
7.54
6.07
6.15
5.72
7.02
4.33
8.41
-157.22
-171.09
-182.35
-187.81
-185.21
-181.75
-189.29
-187.9
-188.51
-164.41
-183.48
-199.34
-174.55
-189.2
-206.79
-209.39
-189.29
-205.49
-204.89
-201.33
-208.44
-208.44
-201.42
-219.53
-212.69
-177.67
-179.49
-198.73
-181.14
-189.72
-201.07
-185.73
-185.3
-217.54
-205.84
-183.74
-201.33
-186.17
-174.73
-181.49
-201.07
-158.61
-157.48
-165.54
-161.73
-157.31
-166.67
-154.1
-150.72
-154.62
-147.51
-148.29
-158.78
-163.98
-158.69
-172.04
-182.79
-181.49
-177.5
-189.63
-199.34
-172.56
-181.75
-185.73
-187.73
-183.74
-196.57
-188.42
-176.2
-199.25
63.31
61.58
59.49
57.65
55.91
53.84
52
50.24
48.15
46.42
44.37
42.5
40.74
38.68
36.82
35.08
33.08
31.17
29.34
27.5
25.71
23.73
21.85
20.06
18.04
16.29
14.25
12.36
10.61
8.08
5.49
2.98
0.26
-2.24
-5.03
-7.54
-10.05
-12.08
-14
-15.8
-17.79
-19.68
-21.6
-23.46
-25.3
-27.23
-29.13
-30.94
-32.87
-34.65
-36.63
-38.51
-40.39
-42.3
-44.26
-46.04
-47.95
-49.9
-51.76
-53.64
-55.48
-57.45
-59.32
-61.15
-63.1
-64.92
-66.9
-68.78
-70.64
-72.57
-74.43
-75.37
-75.47
-75.48
-75.46
-75.47
-75.36
-75.48
-75.47
-75.38
-75.48
-75.36
-75.22
-73.87
-71.95
-69.99
-68.05
-66.1
-64.26
-62.31
-60.49
-58.57
-56.62
-54.82
-52.93
-50.97
-49.13
-47.23
-45.37
-43.45
-41.48
-39.72
-37.74
-35.85
-34.04
-32.06
-30.3
-28.45
-26.42
-24.58
-22.69
-20.74
-18.93
-17.04
-15.17
-13.22
-11.24
-9.18
-6.52
-3.87
-1.38
1.41
3.89
6.45
9.24
11.24
13.13
15.1
16.92
18.8
20.69
22.56
24.59
26.35
28.27
30.19
31.91
33.95
35.7
37.58
39.56
41.36
43.28
45.26
47.02
49.1
50.83
52.73
54.8
56.5
58.39
60.44
62.16
64.23
