156
67
90
194.7
206.52
170.86
183.25
202.36
189.21
180.6
184.76
176.25
171.61
180.88
175.3
160.45
173.88
167.64
156.38
159.6
169.06
144.37
159.22
177.1
165.18
170
182.21
174.64
172.94
187.6
177.48
174.07
185.9
175.49
171.04
176.91
181.55
164.42
187.32
206.05
170.67
175.68
184.86
168.77
156
176.82
171.23
168.3
182.21
181.83
152.98
170.1
164.14
147.87
156.85
171.52
149.29
159.31
162.72
164.9
152.88
163.38
160.17
148.81
161.11
166.6
141.81
154.68
169.44
153.92
148.62
155.06
148.72
156.19
147.39
896.19
885.59
885.31
0.09
4.85
2.08
3.38
3.9
2.69
1.39
2.95
0.26
1.82
5.2
-142.83
-165.54
-168.92
-171.09
-171.52
-173.69
-179.06
-179.06
-187.47
-169.96
-167.71
-158.17
-159.99
-171.09
-162.68
-155.57
-173.17
-155.83
-169.53
-172.47
-157.05
-179.23
-178.37
-190.24
-184.95
-175.68
-198.04
-189.98
-169.09
-176.55
-189.63
-180.53
-193.27
-185.73
-200.47
-197.78
-188.68
-188.85
-177.33
-189.11
-183.13
-176.11
-185.13
-178.02
-171.09
-173.08
-179.75
-171.87
-164.41
-168.14
-173.51
-162.33
-155.57
-154.71
-154.01
-175.77
-171.61
-164.33
-170.57
-180.36
-184.52
-180.53
-185.04
-194.4
-189.37
-212.95
-209.22
-170.65
-188.16
-186.77
63.2
61.58
59.46
57.62
55.93
53.86
51.96
50.26
48.22
46.44
44.38
42.55
40.78
38.74
36.86
35.14
33.09
31.38
29.4
27.58
25.81
23.79
21.88
20.12
18.1
16.35
14.37
12.43
10.66
8.2
5.52
3.14
0.34
-2.28
-4.89
-7.43
-9.97
-12.02
-13.95
-15.75
-17.71
-19.48
-21.49
-23.39
-25.19
-27.15
-29.08
-30.9
-32.82
-34.58
-36.58
-38.45
-40.3
-42.24
-44.14
-46.01
-47.91
-49.74
-51.66
-53.59
-55.39
-57.35
-59.26
-61.12
-63.04
-64.84
-66.84
-68.73
-70.56
-72.46
-74.39
-75.75
-75.73
-75.65
-75.73
-75.75
-75.64
-75.75
-75.76
-75.75
-75.74
-75.66
-75.75
-75.75
-75.44
-73.86
-71.92
-69.88
-67.93
-66.01
-64.16
-62.29
-60.35
-58.54
-56.6
-54.74
-52.8
-50.89
-49.03
-47.13
-45.22
-43.4
-41.49
-39.63
-37.69
-35.79
-33.93
-32.08
-30.14
-28.33
-26.39
-24.42
-22.64
-20.69
-18.84
-16.98
-15
-13.16
-11.3
-8.91
-6.4
-3.9
-1.26
1.42
4.08
6.58
9.2
11.44
13.22
15.2
16.99
18.9
20.86
22.64
24.56
26.57
28.32
30.12
32.01
33.92
35.91
37.67
39.53
41.58
43.34
45.33
47.08
48.99
51.05
52.83
54.71
56.71
58.47
60.52
62.26
64.15
