154
66
89
197.16
201.79
189.02
207.66
210.59
170.67
169.44
176.82
154.39
165.08
176.72
156.76
160.92
176.25
178.05
174.64
189.59
173.22
155.81
175.11
187.51
173.79
183.25
185.71
172.27
173.32
184.1
188.55
176.91
196.02
186.28
171.14
171.8
169.72
159.5
174.73
182.49
163.1
172.84
178.33
152.5
168.59
178.14
168.77
158.46
172.27
170.67
165.75
176.72
182.78
150.61
167.36
161.58
145.69
166.88
164.52
164.04
162.34
173.79
159.31
166.69
173.88
173.41
154.87
185.52
178.61
149.76
175.3
162.44
156.67
159.88
928.54
912.74
901.11
9.88
5.98
9.27
9.88
2.6
8.84
6.67
8.15
5.55
4.77
-181.05
-185.82
-181.14
-191.19
-185.99
-168.31
-183.22
-187.64
-177.15
-168.66
-174.47
-167.36
-163.03
-167.1
-160.86
-158.26
-163.2
-159.04
-170.48
-174.29
-174.29
-186.95
-179.49
-195.87
-176.29
-154.97
-176.98
-176.89
-160.08
-178.8
-176.29
-163.89
-182.18
-181.66
-200.12
-191.89
-188.07
-211.65
-206.71
-207.49
-211.65
-186.17
-190.5
-194.49
-175.16
-184
-198.21
-183.22
-179.32
-186.08
-177.85
-169.7
-172.21
-184.61
-179.58
-167.1
-180.62
-155.92
-164.07
-173.34
-178.54
-172.3
-175.59
-195.53
-186.43
-198.47
-191.9
-205.23
-208.18
-219.88
63.18
61.25
59.31
57.52
55.76
53.66
51.77
50.05
47.94
46.1
44.24
42.34
40.42
38.58
36.63
34.89
32.92
31.01
29.19
27.32
25.47
23.54
21.61
19.72
17.88
16.01
14.09
12.19
10.33
7.85
5.23
2.73
0.03
-2.62
-5.2
-7.75
-10.23
-12.25
-14.21
-15.98
-18.02
-19.85
-21.74
-23.6
-25.43
-27.43
-29.3
-31.11
-33.03
-34.92
-36.81
-38.68
-40.52
-42.48
-44.37
-46.17
-48.17
-50.06
-51.96
-53.79
-55.69
-57.59
-59.52
-61.32
-63.3
-65.18
-67.07
-68.96
-70.8
-72.72
-74.59
-75.51
-75.61
-75.58
-75.6
-75.56
-75.48
-75.58
-75.6
-75.48
-75.59
-75.58
-75.33
-73.71
-71.87
-69.78
-67.85
-65.92
-64.08
-62.14
-60.3
-58.45
-56.5
-54.62
-52.74
-50.79
-48.96
-47.05
-45.19
-43.26
-41.37
-39.53
-37.6
-35.64
-33.83
-31.98
-30.14
-28.26
-26.23
-24.42
-22.54
-20.56
-18.74
-16.87
-15
-13.06
-11.04
-8.92
-6.35
-3.57
-1.2
1.54
4.11
6.69
9.32
11.41
13.28
15.31
17.08
18.95
20.84
22.75
24.64
26.52
28.42
30.31
32.09
33.98
35.84
37.78
39.7
41.54
43.45
45.41
47.13
49.14
51
52.89
54.93
56.64
58.56
60.62
62.33
64.24
