154
66
89
194.95
178.99
189.02
194.32
208.51
154.87
189.11
191.01
152.12
181.07
196.87
160.64
180.22
190.82
176.72
173.32
193.37
173.69
167.17
202.45
183.53
168.49
192.14
181.83
154.49
187.13
205.29
155.53
180.51
198.67
170.86
161.77
186.37
180.22
165.37
188.83
190.72
166.03
190.34
194.89
172.75
177.76
191.76
166.79
177.19
196.97
172.09
156.48
182.97
183.44
153.07
187.6
175.3
157.89
171.14
183.25
165.75
177.1
177.67
174.73
167.54
198.67
184.48
156.29
188.93
192.14
150.52
171.71
180.03
158.56
165.94
825.05
821.64
817.57
5.11
1.91
-1.04
2.6
0.09
6.24
3.64
1.65
3.47
1.13
-207.57
-174.73
-179.41
-180.19
-171.52
-186.6
-200.64
-173.25
-175.68
-182.79
-173.17
-171.69
-162.33
-169.61
-166.49
-169.87
-166.58
-154.19
-173.17
-171.09
-160.17
-190.5
-185.99
-186.51
-189.81
-197.87
-217.45
-187.64
-182.96
-205.58
-176.89
-198.99
-210.35
-175.77
-205.84
-199.77
-171.09
-191.54
-190.15
-192.15
-180.1
-183.74
-192.84
-166.32
-184.78
-192.67
-173.34
-191.54
-193.19
-182.7
-193.19
-187.12
-181.14
-180.53
-181.57
-178.45
-162.33
-178.89
-172.39
-165.63
-181.92
-179.93
-160.86
-180.71
-191.89
-203.07
-203.07
-217.63
-201.16
-193.62
63.13
61.18
59.32
57.51
55.6
53.66
51.82
50.07
48.03
46.16
44.27
42.36
40.49
38.63
36.72
34.99
32.99
31.09
29.25
27.44
25.52
23.65
21.73
19.96
17.94
16.09
14.2
12.26
10.41
7.98
5.32
2.89
0.2
-2.54
-4.94
-7.64
-10.26
-12.17
-14.08
-15.89
-17.89
-19.75
-21.63
-23.52
-25.45
-27.3
-29.23
-31.03
-32.92
-34.82
-36.71
-38.6
-40.51
-42.36
-44.24
-46.09
-48.06
-49.94
-51.83
-53.7
-55.62
-57.54
-59.42
-61.28
-63.19
-65.07
-66.97
-68.86
-70.77
-72.66
-74.5
-75.34
-75.44
-75.44
-75.44
-75.43
-75.43
-75.44
-75.44
-75.34
-75.44
-75.45
-75.2
-73.71
-71.92
-69.9
-67.96
-66.02
-64.2
-62.33
-60.43
-58.58
-56.68
-54.81
-52.91
-50.96
-49.15
-47.24
-45.39
-43.5
-41.59
-39.74
-37.82
-35.87
-34.05
-32.19
-30.35
-28.48
-26.55
-24.66
-22.76
-20.8
-18.99
-17.11
-15.12
-13.33
-11.37
-9.25
-6.62
-3.94
-1.44
1.22
3.95
6.4
9.02
11.15
13.06
15.08
16.82
18.7
20.6
22.47
24.35
26.27
28.14
30.11
31.81
33.77
35.62
37.52
39.36
41.26
43.19
45.21
46.92
48.88
50.78
52.66
54.55
56.41
58.32
60.31
62.13
64.02
