154
66
89
219.1
225.82
201.22
213.71
204.14
204.72
202.26
224.69
189.87
192.71
209.74
208.89
194.89
201.41
196.68
183.06
187.13
191.01
172.27
175.87
188.17
169.34
180.41
191.1
186.47
170.57
188.64
193.66
194.41
203.97
194.22
175.49
197.06
199.05
183.53
203.49
214.56
183.63
197.06
203.87
213.24
212.95
225.35
221.94
202.64
214.28
213.52
186.94
191.38
203.97
162.63
181.17
188.74
172.37
184.19
179.37
175.59
173.22
176.91
166.79
159.41
176.91
185.14
154.49
162.81
185.42
153.07
157.33
172.46
155.44
163.85
985.78
924.66
926.75
3.21
6.76
5.55
5.55
4.25
7.28
10.4
1.73
3.29
5.98
-200.38
-189.55
-198.91
-192.15
-205.84
-198.82
-201.85
-207.14
-190.07
-203.33
-209.39
-212.43
-211.73
-234.62
-234.79
-229.42
-239.73
-227.34
-237.13
-237.56
-233.14
-239.7
-236.88
-239.96
-244.9
-238.09
-242.08
-241.82
-242.24
-240.58
-240.77
-213.12
-237.44
-235.57
-236.92
-236.88
-222.57
-239.99
-220.83
-228.98
-236.87
-207.83
-220.83
-204.97
-202.55
-205.32
-216.07
-197.35
-197.26
-195.35
-225.52
-199.08
-213.29
-224.48
-215.98
-230.11
-241.64
-230.72
-237.64
-236.61
-240.15
-235.75
-236.19
-245.91
-240.08
-236.42
-243.77
-240.34
-237.23
-239.98
63.15
61.3
59.34
57.55
55.83
53.74
51.88
50.17
48.07
46.17
44.3
42.45
40.66
38.67
36.77
35.02
33.06
31.16
29.3
27.47
25.59
23.68
21.81
19.94
18
16.13
14.26
12.36
10.43
8.08
5.43
2.74
0.22
-2.42
-5
-7.58
-10.18
-12.13
-14.02
-15.82
-17.81
-19.68
-21.57
-23.45
-25.27
-27.27
-29.15
-31.07
-32.89
-34.79
-36.66
-38.55
-40.37
-42.32
-44.24
-46.02
-48
-49.9
-51.77
-53.68
-55.51
-57.49
-59.35
-61.2
-63.16
-65
-66.9
-68.83
-70.64
-72.57
-74.44
-75.52
-75.64
-75.63
-75.61
-75.64
-75.55
-75.63
-75.64
-75.53
-75.64
-75.61
-75.34
-73.75
-71.85
-69.84
-67.88
-65.94
-64.09
-62.17
-60.34
-58.45
-56.47
-54.65
-52.74
-50.81
-48.97
-47.12
-45.26
-43.3
-41.36
-39.57
-37.63
-35.65
-33.84
-31.98
-30.16
-28.26
-26.26
-24.43
-22.59
-20.7
-18.79
-16.89
-15
-13.07
-11.18
-8.94
-6.33
-3.8
-1.14
1.53
4.07
6.7
9.29
11.37
13.28
15.16
17.04
18.92
20.79
22.73
24.61
26.5
28.38
30.29
32.04
33.95
35.82
37.72
39.58
41.51
43.4
45.26
47.15
49.06
50.98
52.85
54.76
56.67
58.53
60.43
62.32
64.21
