154
66
89
199.52
188.93
185.71
177.19
199.99
170.67
181.36
177.01
180.32
186.84
185.8
185.9
183.44
190.72
193.47
179.65
194.79
186.84
176.82
190.53
193.75
186.84
194.51
191.01
189.3
178.23
179.18
187.7
176.63
200.75
186.09
173.98
193.56
191.95
181.55
207.18
210.97
190.53
186.56
203.12
208.32
197.44
207.18
211.25
191.01
209.74
203.02
170.86
179.65
177.1
180.51
169.63
167.36
173.32
174.45
167.45
170.57
165.94
175.59
177.38
168.02
184.48
187.98
175.59
176.63
182.59
193.75
171.33
167.45
167.36
165.08
527.51
917.76
904.04
0.61
5.98
1.04
6.5
1.39
5.37
2.69
4.25
1.91
-1.04
-176.55
-177.67
-177.33
-178.19
-184.61
-178.19
-181.14
-185.65
-176.2
-166.49
-166.06
-166.32
-153.93
-161.38
-163.63
-156.44
-164.85
-173.86
-189.55
-181.92
-200.9
-196.33
-212.86
-197.45
-201.68
-198.39
-199.95
-198.73
-197.24
-197.54
-220.92
-209.48
-208.09
-209.57
-206.62
-174.55
-177.76
-174.38
-163.81
-169.96
-167.27
-163.55
-169.27
-163.72
-179.75
-179.32
-190.15
-180.36
-175.59
-179.84
-185.91
-173.69
-170.65
-165.45
-172.04
-175.25
-163.89
-177.24
-171.43
-167.71
-198.47
-186.86
-189.37
-199.51
-188.42
-187.03
-183.31
-197.09
-189.98
-188.94
63.22
61.35
59.59
57.59
55.72
53.79
51.91
50.2
48.13
46.23
44.5
42.49
40.58
38.71
36.82
35.08
33.06
31.19
29.49
27.54
25.69
23.74
21.84
20.04
18.06
16.15
14.42
12.39
10.64
8.14
5.5
3
0.3
-2.37
-4.78
-7.5
-10.06
-12.09
-14
-15.78
-17.75
-19.62
-21.45
-23.41
-25.23
-27.22
-29.09
-30.92
-32.86
-34.75
-36.54
-38.51
-40.36
-42.27
-44.23
-45.97
-47.95
-49.84
-51.66
-53.65
-55.54
-57.45
-59.28
-61.17
-63.11
-64.99
-66.82
-68.77
-70.66
-72.55
-74.38
-75.55
-75.61
-75.63
-75.52
-75.62
-75.51
-75.64
-75.64
-75.52
-75.64
-75.64
-75.29
-73.66
-71.81
-69.75
-67.84
-65.92
-64.08
-62.2
-60.29
-58.48
-56.57
-54.69
-52.81
-50.87
-49.05
-47.12
-45.2
-43.4
-41.44
-39.58
-37.73
-35.78
-33.99
-32.11
-30.15
-28.38
-26.38
-24.58
-22.66
-20.71
-18.88
-17.01
-15.04
-13.19
-11.29
-9.13
-6.5
-3.79
-1.32
1.33
4.09
6.49
9.27
11.24
13.14
15.13
16.91
18.8
20.69
22.59
24.51
26.38
28.27
30.21
31.94
33.87
35.83
37.62
39.62
41.38
43.3
45.27
47.05
48.95
51.02
52.77
54.8
56.52
58.42
60.44
62.2
64.08
