154
66
89
235.19
237.55
231.88
239.01
237.19
240.96
242.23
237.38
235.47
241.14
240.26
238.69
241.16
240.83
239.39
235.48
237
236
222.13
238.02
225.63
205.95
214.28
217.68
200.09
220.05
214.66
212.58
213.24
228.19
225.92
221.75
239.25
236.89
233.86
235.98
238.46
235.89
237.19
242.7
238.16
236.31
240.48
240.2
229.89
229.7
222.98
218.63
231.5
213.9
209.36
240.3
236.8
212.48
221.47
235.47
212.29
221.56
228.38
193.47
207.18
221
216.36
213.52
215.7
213.81
198.2
206.52
209.27
209.36
203.59
916.53
901.86
885.4
7.89
9.88
2.34
6.15
6.5
9.01
4.51
4.16
10.31
4.94
-197.43
-179.32
-182.01
-190.76
-183.65
-179.06
-188.68
-196.65
-185.56
-192.23
-197
-192.84
-196.39
-198.39
-185.3
-193.79
-208.18
-196.39
-199.25
-214.85
-191.28
-187.12
-189.63
-200.47
-187.21
-187.55
-218.67
-200.21
-185.91
-220.57
-216.33
-211.47
-220.31
-221.18
-196.83
-189.89
-199.86
-187.38
-179.67
-194.4
-186.95
-164.41
-182.18
-182.44
-181.49
-180.88
-181.14
-189.46
-180.71
-193.27
-204.45
-205.32
-218.23
-205.32
-203.59
-208.81
-209.68
-209.09
-210.18
-226.73
-210.2
-209.35
-208.92
-209.53
-225.6
-209.18
-201.85
-188.51
-196.91
-198.82
63.18
61.31
59.4
57.55
55.68
53.79
51.93
50.13
48.07
46.24
44.34
42.44
40.58
38.71
36.79
35.03
33.03
31.16
29.5
27.49
25.57
23.72
21.79
20.05
18.02
16.15
14.26
12.35
10.48
8.06
5.42
2.85
0.26
-2.42
-4.98
-7.55
-10.16
-12.07
-14.01
-15.78
-17.8
-19.67
-21.52
-23.46
-25.38
-27.22
-29.16
-30.96
-32.86
-34.79
-36.56
-38.51
-40.44
-42.31
-44.23
-46.02
-47.99
-49.91
-51.69
-53.66
-55.54
-57.42
-59.36
-61.16
-63.14
-64.98
-66.86
-68.78
-70.71
-72.56
-74.44
-75.77
-75.76
-75.78
-75.75
-75.75
-75.77
-75.75
-75.75
-75.75
-75.78
-75.76
-75.41
-73.68
-71.88
-69.8
-67.85
-65.94
-64.09
-62.16
-60.25
-58.45
-56.53
-54.65
-52.71
-50.84
-48.97
-47.05
-45.15
-43.29
-41.41
-39.52
-37.6
-35.68
-33.84
-31.94
-30.08
-28.25
-26.32
-24.43
-22.55
-20.68
-18.78
-16.9
-15.05
-13.07
-11.16
-8.93
-6.27
-3.6
-1.16
1.54
4.24
6.68
9.35
11.38
13.28
15.29
17.07
18.96
20.97
22.73
24.64
26.49
28.42
30.34
32.04
33.97
35.95
37.75
39.59
41.51
43.39
45.42
47.16
49.09
51.15
52.89
54.78
56.61
58.6
60.44
62.32
64.24
