154
66
89
227.78
227.73
229.58
233.91
235.66
231.21
228.4
227.69
215.41
222.98
236.42
211.91
215.89
211.16
219.96
218.63
228.75
225.82
200.56
211.82
234.43
205.58
225.16
221.56
203.59
218.16
211.06
211.72
217.4
233.01
223.83
199.9
216.46
224.69
199.33
221.47
232.73
205.76
213.9
219.96
225.44
229.42
236.42
229.08
225.68
226.67
227.9
217.12
227.9
213.24
178.8
193.84
200.37
186.47
189.59
201.32
216.83
197.63
204.16
209.17
202.55
216.93
218.91
211.16
226.39
212.67
193.94
196.59
198.48
196.87
192.43
997.23
931.38
931.57
3.03
0.61
2.08
2.77
2.77
5.29
4.68
4.33
3.29
5.29
-186.86
-182.27
-184.78
-182.35
-186.17
-195.35
-196.65
-207.75
-188.51
-185.04
-192.32
-185.47
-173.17
-176.81
-182.87
-162.85
-163.46
-173.25
-191.19
-172.65
-173.25
-214.07
-198.99
-202.03
-205.67
-207.49
-215.2
-214.07
-183.57
-206.45
-204.54
-195.61
-189.2
-202.81
-216.15
-196.31
-190.07
-215.46
-190.15
-195.27
-211.99
-201.16
-193.97
-194.92
-193.45
-197.78
-199.95
-186.6
-184.17
-190.24
-210
-188.94
-186.77
-201.77
-196.39
-198.3
-195.53
-195.96
-201.59
-213.73
-208.97
-208.09
-219.97
-212.85
-208.82
-209.51
-211.42
-221.96
-219.01
-225.78
63.35
61.43
59.54
57.72
56.04
53.93
52.01
50.14
48.2
46.35
44.47
42.58
40.84
38.85
36.95
35.05
33.22
31.31
29.49
27.62
25.89
23.85
21.98
20.05
18.17
16.28
14.4
12.5
10.73
8.29
5.65
3.18
0.47
-2.17
-4.8
-7.39
-9.87
-11.95
-13.88
-15.76
-17.63
-19.5
-21.43
-23.31
-25.22
-27.11
-28.99
-30.89
-32.71
-34.58
-36.5
-38.39
-40.31
-42.16
-44.07
-45.94
-47.8
-49.75
-51.64
-53.49
-55.34
-57.3
-59.18
-61.06
-62.98
-64.84
-66.75
-68.62
-70.5
-72.39
-74.34
-75.38
-75.37
-75.37
-75.37
-75.38
-75.27
-75.4
-75.39
-75.36
-75.39
-75.41
-75.11
-73.58
-71.72
-69.67
-67.72
-65.85
-63.92
-62.04
-60.14
-58.28
-56.32
-54.48
-52.59
-50.68
-48.81
-46.92
-45.03
-43.12
-41.16
-39.39
-37.43
-35.51
-33.68
-31.86
-29.99
-28.11
-26.11
-24.26
-22.39
-20.53
-18.59
-16.73
-14.85
-12.89
-10.99
-8.71
-6.09
-3.53
-0.96
1.7
4.31
6.9
9.66
11.55
13.44
15.33
17.22
19.1
21
22.83
24.91
26.66
28.53
30.49
32.25
34.13
35.99
37.92
39.87
41.67
43.53
45.41
47.31
49.27
51.14
53.03
55.07
56.78
58.72
60.61
62.5
64.4
