154
66
89
214.47
197.94
206.24
212.77
218.63
195.45
198.86
210.21
191.86
186.56
184.01
181.26
176.53
172.56
164.71
165.27
177.48
179.18
166.79
174.55
199.14
170.48
183.44
202.64
184.95
184.19
203.59
207.94
190.16
214.37
203.78
188.64
192.14
181.92
173.22
190.34
204.53
174.45
175.3
178.9
186.37
177.29
200.94
206.24
205.01
212.01
210.12
195.64
198.86
209.55
172.84
187.51
188.64
166.6
179.37
185.14
180.32
173.88
173.98
156.19
152.88
173.13
175.02
158.56
170.29
183.44
159.69
161.11
190.06
196.97
179.84
956.92
883.13
870.36
6.07
2.69
4.16
0.87
5.37
4.25
2.6
-0.09
2.51
-0.43
-184.26
-181.75
-173.69
-162.51
-162.16
-167.19
-168.92
-168.66
-150.81
-152.97
-158.78
-161.47
-157.22
-174.29
-173.69
-164.41
-169.79
-170.05
-177.5
-184
-184.35
-194.31
-182.35
-201.33
-200.81
-183.22
-203.33
-192.23
-158.69
-162.68
-169.96
-156.87
-164.41
-182.35
-175.42
-166.41
-172.65
-180.79
-173.08
-191.45
-201.59
-174.81
-182.18
-182.96
-161.9
-173.34
-182.61
-176.63
-159.13
-158.61
-183.13
-155.57
-162.16
-163.29
-152.71
-158.52
-168.14
-149.33
-168.92
-167.71
-165.63
-170.05
-178.45
-189.37
-171.61
-179.84
-198.13
-178.02
-181.23
-183.83
63.31
61.41
59.48
57.63
55.87
53.83
51.93
50.23
48.12
46.23
44.37
42.47
40.57
38.68
36.8
35.05
33.06
31.15
29.32
27.49
25.6
23.66
21.83
20.06
18.02
16.12
14.24
12.32
10.47
8.07
5.44
2.98
0.22
-2.41
-5.02
-7.57
-10.06
-12.12
-14.05
-15.82
-17.81
-19.71
-21.57
-23.44
-25.4
-27.24
-29.15
-30.98
-32.9
-34.75
-36.67
-38.56
-40.39
-42.32
-44.24
-46.04
-48
-49.92
-51.79
-53.68
-55.59
-57.46
-59.37
-61.24
-63.15
-65.01
-66.91
-68.8
-70.7
-72.56
-74.46
-75.42
-75.53
-75.51
-75.52
-75.51
-75.52
-75.52
-75.51
-75.41
-75.51
-75.51
-75.25
-73.56
-71.71
-69.62
-67.68
-65.79
-63.91
-62.02
-60.15
-58.27
-56.37
-54.45
-52.55
-50.62
-48.78
-46.91
-45.05
-43.12
-41.18
-39.37
-37.46
-35.52
-33.72
-31.81
-29.99
-28.11
-26.08
-24.25
-22.4
-20.43
-18.59
-16.72
-14.86
-12.91
-10.91
-8.73
-6.08
-3.38
-0.94
1.7
4.3
6.9
9.51
11.56
13.43
15.44
17.24
19.11
21.01
22.89
24.9
26.68
28.55
30.5
32.23
34.15
36.04
37.94
39.75
41.73
43.58
45.55
47.36
49.26
51.12
53.05
54.99
56.81
58.72
60.63
62.5
64.44
