154
66
89
243.21
243.23
232.06
241.57
246.97
240.2
242.68
239.82
234.24
243.8
242.47
238.21
246.16
249.02
245.48
248.67
252.05
249.85
248.1
252.59
245.69
228.47
240.58
223.65
200.56
212.29
188.55
200.28
196.12
200.18
190.34
195.93
210.02
194.98
198.67
225.73
232.54
232.35
246.26
253.28
247.96
246.52
246.92
246.37
247.32
245.19
242.54
235
243.23
219.01
210.59
242.19
242.83
210.31
221.66
228.56
217.4
223.36
242.09
227.05
232.63
241.34
234.62
226.29
224.12
225.25
214.94
225.63
216.55
205.76
205.2
986.91
931.29
935.07
5.89
5.11
3.81
7.37
1.56
9.01
4.07
9.19
3.21
4.77
-209.48
-219.19
-232.88
-233.92
-229.33
-221.01
-240.6
-244.41
-228.98
-238.34
-236.87
-228.46
-238.86
-218.75
-216.24
-226.56
-237.74
-230.2
-244.06
-242.62
-240.6
-237.56
-239.07
-241.17
-242.06
-238.39
-249.31
-240.45
-240.13
-245.09
-244.03
-242.53
-242.97
-238.35
-222.74
-183.91
-197.95
-187.81
-178.54
-200.38
-182.27
-192.41
-206.79
-190.24
-201.68
-209.48
-212.43
-233.49
-233.4
-239.82
-241.43
-241.47
-245.2
-244.5
-239.39
-244.44
-239.85
-239.21
-239.73
-238.26
-232.8
-234.01
-239.11
-224.65
-240.77
-242.32
-242.53
-238.18
-241.38
-232.62
63.29
61.35
59.47
57.62
55.92
53.84
51.93
50.16
48.1
46.2
44.34
42.48
40.75
38.68
36.79
34.92
33.06
31.15
29.33
27.48
25.69
23.64
21.79
19.88
17.98
16.12
14.22
12.3
10.57
8.05
5.41
2.78
0.21
-2.44
-5.04
-7.57
-10.19
-12.1
-14.02
-15.95
-17.82
-19.69
-21.61
-23.47
-25.37
-27.28
-29.2
-31.06
-32.91
-34.79
-36.66
-38.55
-40.38
-42.32
-44.25
-46.1
-48.01
-49.9
-51.79
-53.7
-55.5
-57.48
-59.38
-61.24
-63.18
-65.04
-66.93
-68.8
-70.67
-72.6
-74.45
-75.69
-75.72
-75.7
-75.71
-75.72
-75.61
-75.7
-75.7
-75.71
-75.71
-75.7
-75.39
-73.86
-72.02
-70
-68.07
-66.12
-64.23
-62.36
-60.5
-58.62
-56.65
-54.84
-52.91
-50.98
-49.17
-47.24
-45.36
-43.49
-41.51
-39.73
-37.81
-35.89
-34.03
-32.15
-30.32
-28.45
-26.52
-24.62
-22.74
-20.77
-18.93
-17.07
-15.21
-13.34
-11.27
-9.22
-6.54
-3.98
-1.36
1.25
3.8
6.42
9.21
11.17
13.1
15
16.87
18.74
20.65
22.5
24.56
26.32
28.21
30.01
31.87
33.8
35.67
37.56
39.56
41.33
43.24
45.12
46.95
48.9
50.78
52.71
54.6
56.44
58.37
60.23
62.16
64.03
