154
66
89
194.51
206.71
198.76
216.93
217.02
195.07
205.01
197.25
161.02
188.83
175.96
166.98
169.25
167.64
174.64
188.64
216.93
224.5
191.1
205.86
184.38
161.87
177.67
188.36
198.86
184.57
194.79
181.92
182.59
192.9
181.64
194.79
206.43
216.27
174.64
200.28
199.43
166.03
172.18
175.68
186.09
188.64
192.8
186.47
183.25
188.64
189.21
198.2
205.95
203.31
184.38
197.82
199.8
188.17
168.21
170.38
181.07
180.13
185.42
182.11
184.95
190.63
199.05
187.22
200.75
221.19
206.05
182.87
202.74
191.01
178.33
794.02
906.31
898.27
9.01
6.85
9.45
5.03
6.76
2.6
10.92
5.55
2.86
6.33
-168.66
-180.88
-196.39
-189.55
-187.47
-184.09
-188.94
-190.5
-192.23
-171
-179.23
-183.39
-171.78
-161.55
-166.06
-177.15
-170.57
-185.65
-190.93
-184.87
-178.71
-195.09
-191.54
-192.32
-187.21
-166.41
-168.83
-177.33
-169.53
-163.29
-170.48
-185.13
-170.65
-177.07
-208.96
-203.93
-190.59
-194.83
-199.17
-192.75
-179.15
-178.45
-173.51
-165.11
-182.53
-172.65
-175.33
-179.58
-171.26
-165.45
-193.27
-191.45
-188.85
-202.81
-212.25
-185.56
-170.91
-177.93
-171.43
-177.59
-191.11
-195.61
-168.23
-204.8
-211.65
-201.07
-209.57
-202.81
-202.2
-184.09
63.22
61.34
59.59
57.55
55.83
53.78
51.87
50.11
48.06
46.2
44.41
42.4
40.65
38.63
36.74
35.02
32.99
31.1
29.37
27.4
25.61
23.63
21.72
19.96
17.93
16.06
14.32
12.29
10.54
7.94
5.31
2.87
0.16
-2.53
-5.06
-7.66
-10.15
-12.19
-14.11
-15.94
-17.88
-19.76
-21.58
-23.57
-25.37
-27.36
-29.23
-31.04
-32.96
-34.85
-36.72
-38.62
-40.54
-42.4
-44.34
-46.1
-48.07
-50.01
-51.86
-53.79
-55.56
-57.54
-59.46
-61.25
-63.23
-65.07
-67.01
-68.88
-70.73
-72.73
-74.55
-75.44
-75.51
-75.53
-75.53
-75.53
-75.44
-75.53
-75.51
-75.47
-75.51
-75.52
-75.24
-73.66
-71.75
-69.72
-67.81
-65.87
-63.97
-62.09
-60.19
-58.36
-56.46
-54.54
-52.68
-50.75
-48.88
-46.95
-45.15
-43.2
-41.25
-39.48
-37.5
-35.57
-33.77
-31.92
-30.06
-28.15
-26.28
-24.33
-22.47
-20.52
-18.67
-16.8
-14.92
-13.04
-10.98
-8.85
-6.17
-3.54
-1.05
1.6
4.21
6.82
9.47
11.45
13.39
15.39
17.15
19.04
20.97
22.81
24.81
26.6
28.49
30.42
32.14
34.04
36.06
37.87
39.83
41.61
43.52
45.49
47.24
49.17
51.2
52.98
54.87
56.72
58.66
60.66
62.44
64.32
