154
66
89
217.25
214.17
214.36
217.89
218.29
208.7
225.92
219.01
210.21
207.56
208.41
202.64
209.93
215.7
202.45
206.05
214.18
210.31
203.21
216.83
210.21
197.82
205.2
210.49
180.41
188.26
205.1
202.08
181.64
194.89
210.12
201.98
201.51
212.67
195.45
209.08
211.54
209.08
209.17
211.63
197.72
198.76
216.93
207.37
206.81
210.12
202.08
195.64
225.54
211.16
193.94
224.31
228.38
201.79
193.94
202.83
193.66
179.37
200.85
183.72
180.03
206.52
197.16
163.48
185.52
192.24
184.29
180.13
193.37
182.3
174.45
938
913.12
909.34
3.64
3.55
2.51
4.16
5.2
1.99
7.63
2.43
-1.13
4.51
-198.73
-205.41
-206.62
-196.22
-200.12
-191.19
-191.11
-211.47
-207.14
-198.39
-202.72
-207.14
-206.45
-224.74
-219.97
-215.03
-226.43
-226.34
-225.71
-226.58
-236
-228.03
-226.04
-227.51
-225.69
-223
-228.05
-226.04
-205.75
-225.95
-232.54
-228.38
-227.03
-226.1
-233.84
-209.74
-219.45
-236.18
-216.41
-224.91
-222.31
-186.17
-211.21
-208.96
-208.09
-208.79
-202.46
-220.05
-207.49
-220.57
-219.01
-206.36
-225.95
-231.58
-188.25
-212.08
-220.92
-221.61
-231.32
-232.88
-225.52
-218.75
-226.73
-227.77
-218.06
-223.87
-229.37
-229.42
-225.56
-225.8
63.19
61.31
59.41
57.59
55.69
53.76
51.9
50.04
48.14
46.2
44.31
42.5
40.56
38.71
36.81
34.93
33.07
31.2
29.35
27.46
25.58
23.73
21.82
19.95
18.02
16.16
14.26
12.37
10.46
8.08
5.47
2.84
0.26
-2.4
-4.97
-7.55
-10.02
-12.08
-14.01
-15.93
-17.78
-19.65
-21.55
-23.44
-25.34
-27.23
-29.11
-30.97
-32.82
-34.75
-36.62
-38.51
-40.34
-42.28
-44.21
-46.02
-47.97
-49.87
-51.73
-53.66
-55.47
-57.41
-59.3
-61.19
-63.11
-65
-66.87
-68.79
-70.64
-72.56
-74.42
-75.58
-75.67
-75.68
-75.67
-75.68
-75.58
-75.66
-75.68
-75.58
-75.67
-75.67
-75.37
-73.7
-71.82
-69.8
-67.82
-65.9
-64.08
-62.16
-60.3
-58.44
-56.45
-54.64
-52.69
-50.8
-48.97
-47.05
-45.15
-43.3
-41.33
-39.52
-37.6
-35.69
-33.82
-31.95
-30.11
-28.27
-26.26
-24.41
-22.54
-20.57
-18.75
-16.87
-15.02
-13.07
-11.05
-8.94
-6.22
-3.6
-1.15
1.53
4.1
6.7
9.34
11.43
13.3
15.17
17.07
18.97
20.83
22.74
24.63
26.5
28.43
30.25
32.07
33.97
35.87
37.74
39.6
41.53
43.45
45.27
47.21
49.13
51
52.91
54.94
56.64
58.57
60.56
62.35
64.26
