154
66
89
204.23
221.56
206.88
210.03
210.53
226.1
205.37
226.77
196.4
207.47
212.29
170.76
189.87
199.05
193.18
204.06
212.1
219.39
186.65
201.03
205.11
190.72
208.79
203.05
213.05
216.27
223.55
215.51
219.48
203.48
224.02
187.6
199.14
203.02
172.84
188.64
203.49
159.22
178.23
177.76
186.47
187.79
205.48
221.09
215.13
221.19
210.49
182.02
201.32
197.06
147.96
165.37
171.8
148.62
137.55
151.84
154.87
146.07
151.93
155.44
144.84
159.6
163.57
136.42
151.08
159.6
137.37
152.79
159.41
138.5
140.11
943.59
894.01
889.28
5.11
5.63
0.87
2.25
5.89
5.2
3.99
2.86
3.81
1.39
-164.85
-164.85
-162.25
-152.89
-153.41
-161.55
-157.22
-166.32
-156.01
-150.11
-147.86
-155.66
-143.87
-147.95
-149.94
-156.7
-165.97
-164.93
-186.86
-183.22
-177.24
-223.18
-196.05
-202.55
-223.96
-208.44
-213.55
-209.65
-180.97
-195.01
-196.05
-183.74
-184.17
-184.43
-217.19
-189.46
-181.75
-212.95
-196.65
-214.68
-225
-226.12
-217.11
-210.95
-221.35
-219.97
-222.57
-205.18
-200.29
-200.55
-203.32
-189.2
-186.17
-180.27
-193.97
-191.71
-183.91
-200.38
-194.05
-185.47
-203.38
-209.13
-201.16
-204.46
-225.69
-221.61
-204.49
-223.09
-215.37
-203.15
63.29
61.39
59.66
57.67
55.79
53.86
51.99
50.07
48.16
46.32
44.41
42.55
40.65
38.78
36.9
35.16
33.16
31.26
29.53
27.58
25.69
23.78
21.91
20.15
18.12
16.25
14.48
12.48
10.59
8.22
5.53
3.05
0.41
-2.28
-4.72
-7.39
-10.08
-11.99
-13.94
-15.8
-17.68
-19.58
-21.48
-23.33
-25.26
-27.17
-29.06
-30.94
-32.77
-34.67
-36.58
-38.42
-40.33
-42.21
-44.12
-45.93
-47.87
-49.79
-51.59
-53.53
-55.45
-57.36
-59.19
-61.1
-63.02
-64.9
-66.75
-68.67
-70.62
-72.45
-74.37
-75.34
-75.43
-75.45
-75.43
-75.42
-75.44
-75.46
-75.44
-75.35
-75.44
-75.47
-75.14
-73.61
-71.75
-69.73
-67.78
-65.92
-64.02
-62.16
-60.3
-58.42
-56.47
-54.61
-52.71
-50.81
-48.96
-47.07
-45.19
-43.32
-41.43
-39.57
-37.65
-35.73
-33.9
-32.04
-30.13
-28.31
-26.4
-24.5
-22.6
-20.68
-18.79
-16.92
-15.07
-13.14
-11.21
-9.04
-6.4
-3.85
-1.26
1.43
3.99
6.62
9.2
11.31
13.19
15.21
17.03
18.86
20.79
22.63
24.57
26.47
28.31
30.3
31.99
33.93
35.89
37.7
39.53
41.43
43.39
45.36
47.07
49.02
51.08
52.78
54.73
56.57
58.47
60.36
62.26
64.19
