154
66
89
220.62
204.44
204.66
206.57
209.48
203.59
205.79
205.34
201.41
214.85
213.71
221.37
209.83
211.44
220.9
195.17
197.91
200.18
166.98
163.95
187.13
168.4
175.11
172.37
191.86
179.56
186.94
200.75
186.47
193.66
203.21
184.76
186.65
190.82
181.45
189.59
196.87
182.21
173.6
179.84
197.63
183.53
189.68
215.41
190.82
190.16
202.36
179.28
196.68
192.99
172.09
175.02
178.05
192.8
180.13
186.47
205.2
192.71
193.47
170.38
169.53
173.41
174.92
155.15
166.88
171.8
158.84
156.76
168.49
171.52
160.35
969.98
928.64
920.97
0.09
0.26
4.94
1.56
5.29
5.2
3.99
4.51
1.73
-1.3
-174.47
-204.28
-187.55
-187.55
-194.75
-196.13
-193.19
-206.71
-199.17
-198.99
-209.13
-201.68
-198.3
-214.77
-223.61
-195.7
-202.55
-192.49
-215.29
-208.44
-217.63
-229.89
-233.66
-227.94
-228.63
-214.51
-232.1
-228.93
-195.09
-211.47
-209.74
-200.29
-210.95
-215.81
-230.72
-213.64
-211.82
-223.96
-214.16
-220.83
-230.11
-195.79
-209.13
-206.45
-211.04
-215.72
-224.13
-204.63
-189.98
-193.71
-225.52
-197.61
-201.77
-225
-223.35
-237.48
-228.98
-232.36
-238.43
-226.18
-231.75
-227.74
-229.3
-236.97
-232.42
-230.58
-235.58
-225.94
-234.01
-229.59
63.35
61.45
59.53
57.71
55.99
53.9
52.02
50.27
48.22
46.34
44.44
42.59
40.68
38.84
36.93
35.18
33.19
31.26
29.43
27.61
25.74
23.84
21.95
20.16
18.18
16.29
14.38
12.5
10.75
8.22
5.58
3.15
0.37
-2.24
-4.79
-7.34
-9.91
-11.97
-13.91
-15.68
-17.64
-19.54
-21.46
-23.3
-25.16
-27.13
-29.01
-30.83
-32.75
-34.62
-36.49
-38.42
-40.31
-42.13
-44.1
-45.95
-47.86
-49.76
-51.62
-53.55
-55.36
-57.31
-59.18
-61.04
-62.98
-64.85
-66.76
-68.67
-70.52
-72.44
-74.31
-75.25
-75.4
-75.38
-75.37
-75.37
-75.27
-75.4
-75.33
-75.26
-75.39
-75.37
-75.09
-73.58
-71.72
-69.68
-67.75
-65.9
-64.02
-62.12
-60.24
-58.4
-56.5
-54.59
-52.69
-50.78
-48.92
-47.06
-45.22
-43.26
-41.33
-39.54
-37.62
-35.67
-33.87
-31.99
-30.15
-28.28
-26.28
-24.41
-22.56
-20.64
-18.77
-16.89
-15.04
-13.07
-11.17
-9
-6.34
-3.76
-1.23
1.43
4.09
6.64
9.29
11.38
13.26
15.14
17.04
18.94
20.79
22.7
24.72
26.49
28.35
30.32
32.01
33.95
35.81
37.71
39.71
41.53
43.42
45.39
47.15
49.09
50.95
52.81
54.74
56.64
58.5
60.41
62.33
64.23
