154
66
89
220.15
224.36
217.83
218.56
223.2
220.81
226.67
218.42
223.74
211.82
216.64
213.24
199.8
211.63
217.68
185.05
198.76
219.58
184.1
186.94
208.32
200.28
204.06
210.31
220.71
207.28
221.47
220.9
205.48
220.33
225.82
197.16
200.47
206.14
198.1
227.81
219.11
217.21
211.25
209.36
225.06
222.98
231.69
217.97
216.64
220.14
213.52
192.8
199.05
202.64
189.11
190.16
195.07
207.09
181.36
205.95
212.48
197.63
210.59
207.66
184.29
197.25
200.94
186.09
199.33
218.35
188.93
204.06
209.27
203.31
196.02
995.71
931.29
930.15
6.33
6.24
7.54
8.67
5.29
7.28
8.23
1.47
5.37
4.25
-184.78
-184.35
-178.11
-189.2
-174.99
-171.69
-183.91
-180.1
-177.85
-174.47
-184.61
-178.89
-166.15
-185.3
-170.83
-156.44
-171.35
-174.21
-163.89
-167.01
-178.19
-185.73
-186.08
-199.77
-207.05
-189.37
-208.27
-200.64
-178.8
-205.49
-184.17
-170.13
-190.15
-204.8
-193.53
-193.53
-181.66
-187.55
-166.84
-188.07
-192.93
-168.57
-188.33
-178.37
-174.55
-184.87
-203.67
-157.13
-163.63
-182.79
-168.05
-158.69
-169.09
-171.52
-147.69
-168.4
-178.71
-153.67
-184.95
-194.57
-200.73
-199.77
-217.89
-213.73
-202.81
-220.4
-214.25
-190.41
-212.69
-211.99
63.22
61.35
59.43
57.59
55.88
53.81
51.91
50.2
48.14
46.24
44.35
42.5
40.71
38.71
36.82
34.92
33.09
31.21
29.33
27.54
25.74
23.74
21.82
19.95
18.06
16.19
14.29
12.39
10.63
8.11
5.45
2.81
0.27
-2.31
-4.95
-7.48
-9.99
-12.06
-14.01
-15.77
-17.79
-19.67
-21.54
-23.41
-25.24
-27.2
-29.16
-31.03
-32.86
-34.69
-36.58
-38.47
-40.34
-42.24
-44.21
-46.06
-47.93
-49.86
-51.75
-53.65
-55.46
-57.4
-59.28
-61.2
-63.11
-64.97
-66.87
-68.74
-70.62
-72.5
-74.42
-75.47
-75.6
-75.57
-75.58
-75.59
-75.49
-75.58
-75.58
-75.58
-75.57
-75.56
-75.31
-73.68
-71.77
-69.78
-67.81
-65.97
-64.06
-62.19
-60.28
-58.4
-56.44
-54.61
-52.71
-50.85
-48.91
-47.03
-45.17
-43.26
-41.29
-39.5
-37.57
-35.7
-33.77
-31.96
-30.13
-28.22
-26.26
-24.4
-22.53
-20.63
-18.7
-16.85
-14.98
-13.04
-11.04
-8.89
-6.26
-3.7
-1.11
1.59
4.16
6.72
9.49
11.43
13.34
15.21
17.1
18.97
20.85
22.76
24.78
26.55
28.42
30.26
32.09
34.01
35.87
37.74
39.75
41.56
43.46
45.44
47.21
49.14
51.01
52.94
54.96
56.69
58.61
60.5
62.37
64.26
