154
66
89
213.18
210.84
217.31
212.09
214.36
201.41
199.14
231.5
205.29
186.09
200.37
191.2
190.16
205.01
186.28
186.37
201.6
194.7
181.64
190.06
203.87
176.63
181.83
198.01
198.86
205.01
208.32
220.71
225.35
212.94
216.64
223.17
229.61
227.43
201.7
221.94
215.35
208.7
216.46
212.95
223.08
196.21
211.16
206.05
197.06
206.9
208.7
185.71
184.38
209.55
172.46
184.57
201.79
173.79
179.28
202.45
201.7
185.99
202.36
193.94
178.05
198.95
207.47
178.42
183.53
184.19
168.11
163.95
171.61
171.61
174.92
796.95
911.8
901.39
4.25
1.65
1.82
1.13
3.73
4.51
1.91
0.87
5.98
6.07
-154.1
-178.28
-174.38
-173.25
-177.15
-176.89
-178.63
-194.4
-182.35
-166.67
-171.09
-180.1
-167.97
-164.41
-178.02
-186.6
-154.79
-172.47
-179.67
-153.93
-167.19
-188.07
-172.82
-182.09
-189.46
-180.27
-186.51
-210.87
-210.43
-192.23
-197.63
-219.27
-191.19
-224.22
-200.12
-203.33
-201.33
-208.01
-197.26
-197.95
-214.94
-197.93
-197.35
-208.09
-203.5
-167.97
-198.99
-181.66
-155.31
-177.24
-179.41
-175.85
-174.12
-187.03
-185.3
-174.47
-186.69
-196.65
-168.4
-179.75
-182.87
-167.53
-180.36
-195.18
-184.26
-185.65
-209.91
-217.11
-188.94
-205.58
63.15
61.25
59.31
57.51
55.74
53.67
51.78
50.07
47.96
46.09
44.17
42.33
40.58
38.55
36.65
34.92
32.89
30.99
29.18
27.37
25.56
23.54
21.68
19.89
17.88
16.12
14.09
12.22
10.47
7.93
5.2
2.8
0.04
-2.48
-5.22
-7.77
-10.19
-12.23
-14.19
-15.98
-17.98
-19.76
-21.72
-23.59
-25.46
-27.42
-29.3
-31.13
-33.03
-34.92
-36.79
-38.68
-40.5
-42.47
-44.39
-46.17
-48.14
-50.06
-51.86
-53.81
-55.65
-57.6
-59.48
-61.35
-63.29
-65.18
-67.09
-68.93
-70.83
-72.71
-74.62
-75.46
-75.58
-75.61
-75.58
-75.68
-75.48
-75.58
-75.57
-75.49
-75.6
-75.59
-75.31
-73.77
-71.8
-69.78
-67.85
-65.95
-64.09
-62.16
-60.3
-58.42
-56.47
-54.61
-52.74
-50.8
-48.91
-47.05
-45.2
-43.26
-41.31
-39.53
-37.57
-35.64
-33.84
-31.91
-30.11
-28.28
-26.22
-24.42
-22.52
-20.6
-18.75
-16.87
-15
-13.14
-11.05
-8.96
-6.3
-3.58
-1.12
1.46
4.11
6.7
9.5
11.37
13.33
15.31
17.07
19.07
20.84
22.73
24.67
26.51
28.4
30.35
32.08
33.98
35.86
37.76
39.72
41.5
43.46
45.42
47.19
49.15
50.97
52.91
54.97
56.67
58.55
60.6
62.33
64.38
