154
66
89
225.82
226.1
219.1
207.71
205.74
224.4
208.46
214.66
198.48
226.2
225.73
211.63
208.13
215.98
199.9
189.02
202.08
187.32
175.78
205.67
202.83
173.98
202.93
199.99
173.88
199.9
193.94
183.91
187.79
179.28
181.17
178.14
177.01
174.26
155.62
171.52
188.74
181.17
192.43
212.48
187.7
201.6
206.71
191.57
201.79
205.86
193.37
210.4
219.67
214
187.03
220.52
206.92
182.59
187.7
199.33
171.33
180.32
174.45
174.26
161.21
175.59
167.73
161.58
179.28
183.63
173.98
191.38
195.55
195.64
194.51
407.18
908.68
903.57
2.86
1.73
9.27
6.76
4.68
3.9
7.54
8.23
9.36
5.03
-161.47
-192.75
-189.46
-188.33
-172.65
-164.76
-163.2
-158.87
-153.06
-157.74
-158
-151.41
-172.47
-174.73
-171.61
-195.79
-204.97
-199.69
-211.47
-217.37
-204.54
-183.57
-202.37
-191.02
-177.5
-178.37
-187.55
-166.23
-174.99
-184.26
-159.91
-172.73
-171.26
-171.35
-160.25
-155.4
-153.84
-161.55
-158.61
-168.49
-162.07
-169.27
-171.87
-153.15
-178.28
-183.31
-172.73
-178.8
-184.61
-178.02
-169.87
-169.79
-181.66
-174.38
-172.21
-186.08
-179.49
-199.17
-212.51
-216.85
-219.01
-215.55
-192.62
-207.66
-207.05
-195.52
-215.98
-191.8
-203.93
-192.84
63.21
61.48
59.43
57.59
55.86
53.81
51.93
50.01
48.1
46.4
44.33
42.47
40.72
38.69
36.82
35.07
33.07
31.33
29.35
27.5
25.74
23.74
21.85
20.07
18.05
16.32
14.29
12.37
10.64
8.08
5.43
3
0.28
-2.41
-4.95
-7.54
-10.03
-12.06
-14
-15.75
-17.76
-19.64
-21.59
-23.41
-25.25
-27.26
-29.13
-30.87
-32.84
-34.67
-36.63
-38.49
-40.35
-42.31
-44.21
-46
-47.97
-49.79
-51.73
-53.62
-55.46
-57.43
-59.35
-61.21
-63.08
-64.9
-66.85
-68.77
-70.63
-72.5
-74.43
-75.57
-75.61
-75.56
-75.64
-75.68
-75.6
-75.64
-75.64
-75.68
-75.64
-75.57
-75.36
-73.65
-71.79
-69.78
-67.81
-65.97
-64.04
-62.08
-60.3
-58.41
-56.44
-54.65
-52.71
-50.78
-48.94
-46.97
-45.19
-43.28
-41.31
-39.53
-37.59
-35.63
-33.8
-31.94
-30.11
-28.21
-26.21
-24.38
-22.55
-20.56
-18.74
-16.85
-14.99
-13.06
-11.04
-8.86
-6.3
-3.62
-1.12
1.54
4.1
6.69
9.5
11.41
13.32
15.31
17.07
18.96
20.9
22.73
24.74
26.55
28.44
30.35
32.11
33.99
35.89
37.78
39.76
41.53
43.46
45.42
47.18
49.26
51.01
52.93
54.95
56.69
58.62
60.43
62.34
64.44
