154
66
89
232.44
225.35
217.21
224.4
225.35
222.98
213.33
210.4
190.72
203.97
213.71
207.37
194.22
208.32
225.35
205.29
227.52
215.04
201.41
202.17
223.93
200.75
224.02
218.54
225.35
219.1
220.62
216.72
223.46
216.6
224.12
203.49
210.59
210.78
198.2
223.27
234.15
201.51
214.75
218.54
211.72
207.28
233.11
228.94
217.87
230.08
220.43
217.68
221.47
216.55
179.37
191.76
195.93
182.49
178.33
190.91
197.53
170.48
192.05
187.6
183.72
202.26
200.09
191.57
205.01
213.43
189.02
196.3
215.04
197.63
191.95
888.05
922.02
910.76
7.63
4.16
4.07
8.93
6.85
10.14
6.07
5.2
5.81
11.79
-221.61
-209.83
-209.65
-211.82
-208.79
-200.12
-216.41
-217.63
-191.97
-199.77
-202.11
-189.46
-174.64
-189.89
-192.75
-180.97
-193.88
-185.73
-203.67
-205.41
-214.42
-215.61
-219.79
-214.55
-228.64
-218.15
-215.56
-223.26
-191.19
-221.88
-208.27
-200.38
-222.92
-208.09
-215.52
-216.15
-210.09
-217.89
-207.57
-223.09
-214.26
-211.39
-224.74
-215.37
-196.65
-212.86
-223.61
-200.21
-204.71
-205.32
-211.99
-186.95
-201.94
-206.36
-190.15
-199.34
-189.55
-177.67
-190.67
-197.78
-208.61
-198.99
-202.29
-214.07
-210.17
-216.93
-215.81
-204.19
-212.34
-206.97
63.18
61.3
59.41
57.56
55.7
53.76
51.9
50.14
48.1
46.21
44.34
42.48
40.54
38.66
36.81
35.04
33.07
31.17
29.28
27.48
25.58
23.72
21.82
20.04
18.04
16.14
14.24
12.36
10.46
8.08
5.45
2.94
0.23
-2.41
-4.91
-7.5
-10.14
-12.12
-14.01
-15.82
-17.79
-19.66
-21.57
-23.44
-25.38
-27.23
-29.2
-30.93
-32.86
-34.76
-36.63
-38.54
-40.46
-42.31
-44.22
-46.03
-48
-49.9
-51.76
-53.64
-55.56
-57.46
-59.34
-61.14
-63.12
-65.01
-66.88
-68.78
-70.66
-72.56
-74.46
-75.71
-75.84
-75.81
-75.82
-75.82
-75.82
-75.84
-75.83
-75.71
-75.82
-75.8
-75.47
-73.66
-71.89
-69.78
-67.85
-65.92
-64.09
-62.16
-60.32
-58.44
-56.5
-54.61
-52.72
-50.8
-48.95
-47.05
-45.11
-43.33
-41.4
-39.51
-37.59
-35.67
-33.86
-31.98
-30.15
-28.23
-26.34
-24.4
-22.56
-20.66
-18.75
-16.87
-15
-13.09
-11.17
-8.92
-6.29
-3.63
-1.13
1.52
4.08
6.68
9.32
11.38
13.3
15.31
17.08
18.94
20.81
22.77
24.62
26.52
28.42
30.35
32.04
33.99
35.87
37.71
39.59
41.47
43.45
45.38
47.16
49.1
50.99
52.9
54.77
56.66
58.54
60.63
62.37
64.23
