154
66
89
207.28
206.52
174.83
189.4
191.57
174.64
177.95
176.72
165.75
155.91
166.88
178.23
168.49
172.75
179.75
159.41
173.88
169.15
164.14
169.34
173.03
150.8
164.42
178.05
188.45
169.06
192.71
182.4
173.13
193.56
180.13
168.3
178.33
195.17
168.21
199.9
202.55
181.83
188.64
188.26
183.82
179.65
183.34
166.6
173.22
185.14
170.38
152.03
163.57
175.96
149.1
161.02
159.6
154.87
165.94
166.22
164.23
161.96
172.18
169.82
152.31
168.96
171.33
145.79
159.41
159.69
159.5
146.26
163.57
146.07
149.76
830.44
917
908.39
2.51
3.64
4.33
-0.17
2.25
4.59
6.24
5.46
5.11
3.21
-154.97
-157.74
-167.79
-165.63
-164.41
-164.15
-172.21
-173.69
-177.59
-171
-174.99
-168.92
-173.34
-183.65
-171.78
-153.06
-155.49
-154.88
-162.77
-164.67
-162.25
-179.58
-173.69
-184.69
-179.49
-180.01
-193.71
-179.41
-174.47
-191.45
-193.53
-179.32
-200.9
-198.04
-191.54
-199.51
-181.57
-183.31
-181.75
-189.03
-188.94
-175.42
-183.74
-179.23
-182.44
-180.53
-185.56
-171.43
-165.02
-172.82
-176.03
-160.08
-166.23
-159.39
-155.23
-165.19
-168.4
-165.37
-158.17
-166.75
-166.23
-161.29
-163.2
-172.21
-186.86
-188.16
-189.03
-188.77
-179.67
-186.95
63.17
61.42
59.34
57.49
55.77
53.71
51.81
50.08
48
46.26
44.18
42.34
40.57
38.58
36.69
34.9
32.92
31.05
29.2
27.31
25.6
23.54
21.68
19.91
17.89
16.02
14.12
12.19
10.48
7.89
5.23
2.75
0.05
-2.62
-5.2
-7.73
-10.18
-12.24
-14.15
-15.95
-17.92
-19.74
-21.71
-23.59
-25.43
-27.39
-29.31
-31.09
-32.99
-34.82
-36.79
-38.72
-40.5
-42.42
-44.35
-46.16
-48.14
-49.99
-51.91
-53.8
-55.66
-57.61
-59.47
-61.35
-63.26
-65.07
-67.03
-68.92
-70.77
-72.7
-74.58
-75.41
-75.51
-75.41
-75.54
-75.49
-75.4
-75.51
-75.48
-75.41
-75.51
-75.42
-75.24
-73.71
-71.8
-69.78
-67.87
-65.92
-64.07
-62.12
-60.29
-58.4
-56.44
-54.6
-52.72
-50.81
-48.91
-46.98
-45.17
-43.26
-41.3
-39.5
-37.57
-35.65
-33.83
-31.87
-30.13
-28.23
-26.22
-24.41
-22.53
-20.63
-18.73
-16.79
-14.98
-13.05
-11.06
-8.9
-6.26
-3.62
-1.1
1.7
4.11
6.76
9.52
11.44
13.27
15.21
17.09
19.1
20.88
22.76
24.75
26.54
28.42
30.24
32.08
34.14
35.86
37.83
39.77
41.56
43.49
45.44
47.19
49.27
51.03
52.91
54.97
56.68
58.57
60.61
62.39
64.4
