154
66
89
218.44
186.57
207.85
208.41
185.22
184.38
173.5
181.74
159.98
151.56
164.71
172.75
149.66
158.46
176.91
157.52
171.04
167.92
155.06
161.21
176.72
164.8
172.75
178.8
170.95
168.87
187.88
187.51
174.73
194.7
186.09
167.83
166.03
178.61
154.3
177.67
185.24
175.11
170.67
171.61
177.1
166.13
184.38
186.75
187.98
183.15
185.99
162.06
172.56
170.29
164.04
147.39
167.36
166.88
146.16
157.42
156.57
146.54
154.96
149.19
137.37
157.8
170.48
155.72
157.71
177.76
160.64
150.33
174.73
153.73
149.38
379.46
917.38
906.12
6.67
8.32
7.11
4.59
6.33
8.49
4.68
9.01
7.63
9.01
-161.29
-181.23
-180.79
-181.66
-181.14
-186.6
-177.15
-190.07
-181.66
-163.72
-166.06
-172.65
-156.61
-168.05
-166.41
-169.01
-168.14
-180.79
-182.96
-174.99
-184
-210.26
-196.05
-206.19
-204.8
-189.46
-205.15
-190.41
-184.69
-176.11
-195.79
-178.63
-180.97
-187.64
-201.07
-183.57
-180.27
-189.46
-184.95
-191.37
-194.14
-183.39
-192.93
-198.91
-187.21
-192.58
-198.21
-190.85
-176.72
-187.9
-184.35
-170.57
-174.9
-184.17
-168.05
-166.75
-174.38
-176.37
-173.86
-181.4
-194.49
-184.43
-189.81
-203.67
-197.35
-201.42
-219.88
-206.71
-208.18
-209.39
63.28
61.55
59.46
57.64
55.93
53.83
51.96
50.26
48.17
46.44
44.4
42.55
40.74
38.75
36.9
35.1
33.12
31.33
29.38
27.58
25.81
23.77
21.88
20.12
18.12
16.35
14.33
12.44
10.67
8.18
5.54
3.08
0.36
-2.15
-4.9
-7.45
-9.95
-12.02
-13.94
-15.75
-17.69
-19.49
-21.48
-23.35
-25.19
-27.16
-29.06
-30.86
-32.79
-34.66
-36.55
-38.45
-40.29
-42.24
-44.15
-45.93
-47.9
-49.82
-51.69
-53.59
-55.4
-57.35
-59.25
-61.12
-63.05
-64.91
-66.81
-68.72
-70.55
-72.49
-74.36
-75.51
-75.62
-75.62
-75.61
-75.6
-75.5
-75.63
-75.6
-75.51
-75.63
-75.54
-75.34
-73.63
-71.75
-69.7
-67.77
-65.85
-64.01
-62.02
-60.22
-58.33
-56.38
-54.56
-52.64
-50.72
-48.88
-46.92
-45.12
-43.21
-41.26
-39.44
-37.52
-35.57
-33.74
-31.88
-30.04
-28.19
-26.16
-24.37
-22.44
-20.51
-18.69
-16.71
-14.91
-12.97
-10.97
-8.77
-6.17
-3.5
-1.07
1.78
4.21
6.8
9.57
11.46
13.36
15.35
17.17
19.03
20.92
22.8
24.84
26.59
28.45
30.45
32.14
34.05
35.94
37.84
39.82
41.63
43.5
45.49
47.25
49.21
51.1
52.98
55.01
56.74
58.66
60.68
62.44
64.47
