156
67
90
178.71
180.22
174.45
183.34
191.67
164.99
177.67
184.67
168.4
163.85
180.13
203.02
179.09
180.03
201.32
185.05
181.83
187.6
179.09
184.01
189.59
170.57
170.29
189.4
184.1
181.83
201.6
192.24
188.74
198.76
183.72
177.67
188.93
196.4
172.75
201.79
200.66
184.95
187.6
186.18
186.75
175.3
190.91
179.09
173.6
183.34
187.7
158.84
175.49
170.19
160.17
177.01
190.82
182.68
179.18
188.74
190.82
184.48
186.84
195.74
185.8
200.18
200.85
178.23
186.56
197.16
182.59
170.38
183.44
178.61
161.68
290.81
924.95
917.38
914.07
3.73
3.9
2.69
1.65
1.91
1.56
1.73
1.65
1.56
5.37
3.73
-174.73
-196.83
-195.79
-199.6
-204.02
-206.79
-206.79
-211.39
-223.09
-192.23
-184.69
-191.19
-179.49
-182.18
-178.45
-182.09
-168.92
-170.31
-173.86
-171.87
-166.49
-198.13
-199.86
-204.02
-208.79
-201.16
-215.2
-211.91
-210.09
-214.07
-219.1
-217.97
-204.8
-215.72
-219.97
-202.2
-192.58
-206.36
-186.6
-184.17
-180.88
-180.01
-177.93
-193.62
-188.42
-194.23
-203.85
-192.84
-187.12
-202.72
-210.69
-193.79
-211.56
-208.09
-195.01
-207.83
-205.23
-199.08
-196.91
-192.67
-192.58
-184
-182.79
-183.91
-190.07
-192.58
-205.49
-199.77
-192.84
-208.18
63.31
61.44
59.53
57.69
55.98
53.93
52.04
50.28
48.22
46.33
44.43
42.59
40.82
38.78
36.92
35.13
33.16
31.24
29.43
27.62
25.69
23.81
21.89
20.14
18.15
16.27
14.39
12.49
10.74
8.22
5.6
3.13
0.42
-2.25
-4.85
-7.42
-9.87
-11.97
-13.88
-15.7
-17.66
-19.54
-21.44
-23.34
-25.17
-27.11
-29.03
-30.84
-32.76
-34.55
-36.51
-38.43
-40.28
-42.18
-44.07
-45.91
-47.88
-49.67
-51.68
-53.55
-55.38
-57.33
-59.22
-61.06
-63.01
-64.87
-66.79
-68.69
-70.52
-72.43
-74.33
-75.56
-75.61
-75.56
-75.65
-75.66
-75.59
-75.66
-75.64
-75.54
-75.67
-75.64
-75.64
-75.68
-75.34
-73.8
-71.86
-69.85
-67.92
-66.02
-64.09
-62.22
-60.31
-58.47
-56.58
-54.61
-52.78
-50.91
-49.02
-47.1
-45.17
-43.33
-41.44
-39.52
-37.64
-35.78
-33.9
-32.03
-30.19
-28.31
-26.43
-24.39
-22.6
-20.73
-18.8
-16.92
-14.97
-13.14
-11.19
-8.91
-6.35
-3.83
-1.26
1.43
4.16
6.6
9.25
11.45
13.23
15.14
17.02
18.9
20.9
22.68
24.57
26.56
28.34
30.16
32.03
33.93
35.94
37.7
39.55
41.63
43.4
45.36
47.15
49.05
51.05
52.82
54.71
56.75
58.52
60.4
62.29
64.18
