154
66
89
190.25
200.09
198.39
216.08
202.17
209.36
204.61
202.08
212.67
207.33
203.79
206.62
203.31
205.54
220.81
212.67
227.43
211.63
188.55
205.76
181.17
172.37
186.37
182.3
181.55
190.72
184.38
190.72
172.09
189.49
192.61
180.32
185.42
184.19
179.09
196.3
189.02
193.09
203.49
213.24
191.38
185.99
210.68
192.71
187.13
195.17
178.42
169.82
198.01
192.71
166.69
206.81
219.29
178.23
192.05
204.44
175.11
175.49
178.23
171.99
165.46
168.21
172.84
170.19
174.07
173.5
164.99
165.27
168.96
163.67
161.4
472.74
929.96
909.72
2.34
3.81
2.25
2.08
4.07
5.81
3.29
3.03
0.69
5.29
-147.51
-185.3
-186.34
-181.14
-185.47
-177.5
-177.24
-200.64
-192.67
-191.97
-196.91
-199.43
-205.75
-211.65
-217.45
-223.44
-216.31
-218.06
-221.61
-216.35
-221.01
-200.38
-195.35
-206.62
-191.45
-195.7
-218.58
-202.89
-210.69
-216.41
-214.16
-215.11
-216.41
-220.05
-204.19
-182.18
-206.27
-190.76
-188.85
-204.97
-188.68
-175.59
-181.66
-178.11
-189.63
-182.35
-188.59
-193.71
-189.37
-201.16
-199.17
-216.33
-219.62
-207.92
-218.19
-219.21
-219.69
-223.35
-221.98
-221.9
-222.76
-221.96
-220.68
-229.68
-217.39
-232.97
-211.99
-194.57
-196.91
-187.81
63.24
61.35
59.51
57.62
55.89
53.85
51.93
50.21
48.16
46.29
44.34
42.48
40.77
38.71
36.85
35.08
33.12
31.2
29.41
27.57
25.73
23.71
21.85
20.07
18.08
16.19
14.44
12.41
10.64
8.13
5.52
3.04
0.32
-2.33
-4.92
-7.48
-10.02
-12.02
-13.94
-15.78
-17.75
-19.6
-21.41
-23.4
-25.21
-27.18
-29.1
-30.93
-32.83
-34.72
-36.49
-38.45
-40.31
-42.25
-44.18
-45.98
-47.93
-49.83
-51.66
-53.61
-55.43
-57.4
-59.28
-61.13
-63.06
-64.95
-66.77
-68.72
-70.66
-72.5
-74.41
-75.53
-75.62
-75.61
-75.5
-75.62
-75.53
-75.6
-75.61
-75.5
-75.63
-75.61
-75.32
-73.65
-71.75
-69.77
-67.83
-65.89
-64.02
-62.12
-60.21
-58.38
-56.42
-54.57
-52.68
-50.78
-48.91
-46.97
-45.09
-43.26
-41.29
-39.49
-37.57
-35.61
-33.8
-31.91
-30.02
-28.23
-26.21
-24.37
-22.5
-20.52
-18.7
-16.83
-14.94
-13.03
-11.02
-8.87
-6.23
-3.55
-1.06
1.58
4.19
6.72
9.54
11.44
13.36
15.32
17.14
18.98
21
22.76
24.8
26.56
28.45
30.4
32.11
34.04
36.02
37.79
39.67
41.56
43.47
45.45
47.24
49.13
51.21
52.94
54.84
56.72
58.63
60.66
62.4
64.27
