154
66
89
175.96
171.52
189.11
190.72
190.06
176.15
181.74
197.82
187.51
186.75
198.2
178.61
189.3
189.21
180.41
182.3
183.53
188.07
179.75
186.47
177.57
166.6
193.75
191.57
175.11
190.82
190.91
185.99
190.72
190.63
195.93
198.39
195.45
206.99
169.72
199.05
202.64
178.33
186.47
182.97
184.67
182.3
179.65
163
178.61
175.68
171.61
176.44
185.24
183.82
173.98
187.51
204.91
179.46
175.68
189.21
178.9
181.26
191.01
180.98
161.21
170.67
181.74
163.29
182.3
190.91
171.52
164.61
176.06
158.84
161.87
841.41
901.39
889.85
3.47
0.09
4.42
5.72
1.56
3.47
3.99
2.34
0.61
-0.52
-4.25
-186.51
-175.51
-193.1
-187.73
-179.15
-189.11
-190.76
-176.72
-171
-179.49
-181.66
-192.41
-189.55
-174.12
-185.73
-179.93
-183.22
-180.88
-182.87
-176.46
-162.59
-166.67
-172.04
-163.37
-159.13
-172.82
-170.39
-179.67
-182.79
-172.39
-180.01
-186.6
-188.77
-189.37
-195.35
-188.59
-197.61
-189.63
-179.49
-175.94
-175.07
-169.87
-166.32
-178.11
-173.25
-185.47
-174.38
-173.43
-179.58
-175.16
-188.42
-182.96
-186.17
-183.83
-177.24
-178.54
-185.99
-183.65
-183.22
-180.27
-185.47
-182.27
-181.05
-165.45
-161.29
-180.53
-172.13
-160.51
-155.4
63.11
61.38
59.33
57.45
55.74
53.66
51.77
50.03
47.98
46.07
44.21
42.33
40.56
38.53
36.65
34.85
32.9
31.01
29.15
27.31
25.55
23.51
21.64
19.87
17.87
15.98
14.09
12.19
10.44
7.82
5.2
2.81
-0.01
-2.64
-5.21
-7.78
-10.23
-12.26
-14.19
-16
-17.98
-19.78
-21.76
-23.65
-25.43
-27.42
-29.37
-31.11
-33.03
-34.93
-36.72
-38.72
-40.51
-42.47
-44.41
-46.17
-48.17
-50.07
-51.99
-53.83
-55.66
-57.63
-59.52
-61.34
-63.31
-65.15
-67.08
-68.98
-70.81
-72.76
-74.63
-75.45
-75.53
-75.51
-75.54
-75.54
-75.48
-75.54
-75.53
-75.44
-75.57
-75.5
-75.29
-73.73
-71.8
-69.81
-67.86
-65.95
-64.09
-62.18
-60.33
-58.43
-56.47
-54.64
-52.73
-50.82
-48.97
-47.04
-45.21
-43.32
-41.33
-39.53
-37.6
-35.64
-33.85
-31.98
-30.13
-28.27
-26.25
-24.43
-22.52
-20.6
-18.8
-16.81
-15
-13.08
-11.08
-8.97
-6.31
-3.66
-1.18
1.49
4.06
6.71
9.46
11.36
13.28
15.29
17.03
18.95
20.83
22.73
24.69
26.56
28.4
30.32
32.07
34.01
35.99
37.75
39.73
41.52
43.45
45.39
47.18
49.11
51.13
52.88
54.94
56.67
58.56
60.6
62.33
64.26
