154
66
89
184.38
184.1
171.9
180.41
195.64
173.41
169.63
190.16
156.19
165.75
184.01
162.53
166.69
183.91
191.48
180.51
187.41
185.99
176.91
184.38
190.53
174.26
177.48
189.97
180.88
175.96
187.79
196.3
195.36
207.18
194.98
186.75
198.2
204.25
175.96
202.83
220.9
164.99
179.18
188.17
185.52
172.46
188.07
180.69
179.18
185.99
197.63
168.77
164.71
190.25
150.33
171.23
181.55
168.49
169.63
189.02
181.92
165.56
176.34
181.64
163.29
177.19
187.32
160.17
170.29
192.43
157.42
160.45
179.65
172.27
155.62
687.77
901.96
894.77
4.68
1.56
4.51
6.5
-0.09
3.47
2.69
7.28
2.86
0.78
-172.21
-215.11
-218.84
-209.74
-222.83
-233.4
-220.14
-233.49
-220.49
-207.31
-218.84
-216.41
-205.75
-215.63
-220.31
-214.59
-204.28
-213.64
-227.77
-206.79
-208.44
-234.18
-213.81
-233.92
-233.14
-228.46
-229.94
-222.44
-226.3
-233.66
-222.37
-236.61
-223.09
-225.23
-230.19
-233.14
-222.92
-233.66
-217.89
-222.74
-219.19
-217.63
-212.51
-212.51
-219.36
-209.48
-216.67
-212.51
-190.33
-203.07
-218.23
-194.92
-196.65
-195.96
-198.3
-194.66
-194.75
-206.45
-191.71
-198.65
-214.25
-204.71
-198.65
-212.43
-210.78
-214.25
-221.01
-204.28
-197.35
-211.04
63.18
61.42
59.35
57.51
55.79
53.69
51.81
49.94
48.01
46.28
44.24
42.34
40.6
38.61
36.69
34.97
32.92
31.19
29.21
27.37
25.64
23.51
21.7
19.93
17.88
16.03
14.14
12.22
10.48
7.93
5.21
2.81
0.06
-2.48
-5.14
-7.73
-10.18
-12.22
-14.16
-16.05
-17.95
-19.72
-21.71
-23.57
-25.46
-27.37
-29.27
-31.09
-32.99
-34.8
-36.78
-38.65
-40.49
-42.41
-44.3
-46.11
-48.12
-49.97
-51.9
-53.77
-55.61
-57.57
-59.46
-61.34
-63.24
-65.07
-67.05
-68.92
-70.77
-72.69
-74.58
-75.56
-75.64
-75.54
-75.64
-75.64
-75.54
-75.63
-75.63
-75.56
-75.64
-75.51
-75.36
-73.72
-71.82
-69.78
-67.82
-65.95
-64.04
-62.14
-60.28
-58.38
-56.42
-54.58
-52.71
-50.78
-48.94
-46.96
-45.19
-43.23
-41.28
-39.49
-37.58
-35.6
-33.8
-31.89
-30.11
-28.24
-26.23
-24.37
-22.51
-20.56
-18.74
-16.83
-14.97
-13.05
-11.02
-8.87
-6.24
-3.59
-1.11
1.54
4.17
6.75
9.51
11.43
13.33
15.31
17.11
19.08
20.87
22.78
24.79
26.57
28.43
30.38
32.13
34.02
35.9
37.8
39.81
41.55
43.47
45.42
47.2
49.17
51.04
52.91
54.99
56.67
58.6
60.64
62.36
64.39
