154
66
89
172.09
169.25
170.57
184.38
176.25
164.9
165.27
169.72
158.27
167.83
170.1
172.09
168.3
163.29
179.56
180.22
187.22
183.63
176.63
171.52
183.82
171.23
175.21
182.02
173.6
165.65
179.09
191.67
187.13
206.05
198.2
184.29
187.6
187.6
164.71
188.83
195.83
179.09
170.76
180.22
184.29
174.26
181.26
175.59
163.76
174.36
181.74
163.48
166.88
176.44
173.13
172.18
176.72
175.87
176.15
181.36
166.69
175.59
178.33
164.14
172.65
181.55
183.25
164.8
175.96
190.25
166.03
166.98
180.13
169.72
155.72
598.28
929.39
919.08
2.43
3.73
3.03
3.9
3.73
2.6
1.13
3.21
0
1.39
-184.35
-174.64
-184.69
-180.62
-177.5
-170.05
-180.97
-181.75
-171.95
-158.43
-164.93
-169.27
-171.52
-161.99
-158.09
-161.73
-164.67
-158.35
-171.52
-171.95
-167.36
-169.53
-170.13
-171.09
-166.93
-161.9
-181.66
-186.6
-178.28
-177.76
-178.97
-188.07
-185.65
-185.04
-186.17
-184.61
-178.97
-180.71
-173.43
-184.78
-176.89
-173.34
-169.09
-170.65
-176.98
-182.61
-172.91
-183.57
-176.46
-168.49
-170.05
-181.66
-167.19
-177.33
-172.99
-168.83
-165.02
-157.91
-173.51
-164.15
-155.4
-158.61
-158.17
-164.5
-167.27
-169.09
-172.21
-156.96
-167.79
-172.65
63.3
61.62
59.55
57.72
55.96
53.94
52.05
50.31
48.24
46.49
44.44
42.62
40.83
38.82
36.95
35.2
33.19
31.45
29.47
27.64
25.88
23.81
21.95
20.16
18.18
16.43
14.43
12.53
10.77
8.26
5.65
3.2
0.45
-2.05
-4.76
-7.35
-9.88
-11.95
-13.85
-15.65
-17.64
-19.42
-21.41
-23.31
-25.12
-27.08
-28.99
-30.79
-32.71
-34.59
-36.45
-38.41
-40.19
-42.14
-44.07
-45.89
-47.84
-49.73
-51.62
-53.5
-55.33
-57.28
-59.19
-61.01
-62.98
-64.77
-66.75
-68.63
-70.49
-72.4
-74.32
-75.36
-75.41
-75.32
-75.44
-75.43
-75.32
-75.41
-75.43
-75.33
-75.47
-75.34
-75.17
-73.56
-71.66
-69.64
-67.74
-65.79
-63.98
-61.99
-60.16
-58.26
-56.3
-54.48
-52.58
-50.64
-48.77
-46.8
-45.05
-43.15
-41.19
-39.39
-37.46
-35.52
-33.68
-31.74
-30
-28.1
-26.08
-24.27
-22.39
-20.42
-18.62
-16.62
-14.85
-12.91
-10.91
-8.71
-6.09
-3.41
-0.92
1.75
4.29
6.9
9.65
11.55
13.45
15.43
17.22
19.13
20.98
22.87
24.89
26.67
28.55
30.51
32.23
34.12
36.02
37.93
39.9
41.7
43.56
45.59
47.32
49.39
51.15
53.12
55.08
56.81
58.73
60.76
62.51
64.57
