154
66
89
215.02
221.75
214.64
215.82
213.89
214.78
227.05
209.36
217.87
214.47
202.26
204.44
207.56
195.17
189.21
187.98
188.83
189.49
198.48
192.61
188.17
197.91
207.85
207.28
203.97
207.47
212.2
203.21
211.06
211.06
198.1
203.87
189.78
189.97
200.47
216.83
214.47
195.07
198.86
193.09
198.39
204.53
216.83
198.39
212.58
218.44
216.64
212.86
208.22
214
203.68
212.67
206.52
202.36
214.37
209.64
193.56
206.05
198.86
183.53
194.03
214.37
212.67
208.13
212.2
210.02
202.83
206.9
206.62
221.75
234.24
947.94
905.36
896.85
6.24
8.84
7.97
5.81
4.42
3.73
5.72
8.67
6.59
6.07
-189.89
-188.42
-185.82
-184.95
-178.19
-173.25
-178.63
-178.63
-174.73
-171.69
-174.99
-178.37
-171.78
-177.07
-176.55
-179.15
-177.24
-181.75
-176.72
-185.3
-183.91
-180.88
-187.38
-184.09
-178.45
-181.23
-174.81
-173.86
-178.63
-176.03
-170.22
-167.19
-178.71
-187.73
-178.97
-179.49
-172.56
-174.9
-176.2
-190.5
-186.51
-182.09
-178.02
-177.15
-174.73
-181.57
-189.2
-180.27
-170.74
-172.47
-172.39
-182.79
-177.33
-173.77
-168.23
-169.53
-179.15
-178.37
-178.37
-181.75
-178.11
-190.85
-206.1
-193.79
-201.51
-192.41
-220.4
-209.83
-208.01
-206.27
63.16
61.26
59.37
57.49
55.6
53.72
51.81
50.05
48.04
46.11
44.22
42.33
40.44
38.55
36.68
34.94
32.91
31.03
29.34
27.34
25.45
23.57
21.69
19.88
17.92
16
14.25
12.21
10.34
7.85
5.24
2.78
0.06
-2.62
-4.95
-7.75
-10.32
-12.23
-14.16
-16.06
-17.9
-19.81
-21.64
-23.6
-25.51
-27.41
-29.3
-31.16
-33.03
-34.89
-36.77
-38.72
-40.59
-42.45
-44.37
-46.24
-48.17
-50.03
-52.01
-53.81
-55.66
-57.59
-59.48
-61.36
-63.24
-65.15
-66.96
-68.97
-70.87
-72.67
-74.57
-75.33
-75.4
-75.41
-75.3
-75.41
-75.41
-75.41
-75.39
-75.28
-75.41
-75.39
-75.12
-73.74
-71.91
-69.82
-67.83
-65.92
-64.08
-62.18
-60.24
-58.43
-56.52
-54.64
-52.71
-50.86
-48.96
-47.06
-45.22
-43.29
-41.4
-39.53
-37.59
-35.73
-33.85
-31.96
-30.08
-28.25
-26.33
-24.44
-22.53
-20.57
-18.75
-16.86
-14.9
-13.06
-11.14
-8.93
-6.27
-3.63
-1.16
1.53
4.24
6.69
9.34
11.38
13.3
15.28
17.07
18.96
20.95
22.76
24.63
26.53
28.42
30.33
32.09
34.01
36.01
37.77
39.58
41.53
43.42
45.27
47.19
49.1
51.13
52.91
54.78
56.64
58.56
60.45
62.34
64.24
