154
66
89
219.58
216.83
196.78
194.79
215.04
197.16
205.2
201.32
172.27
171.71
179.28
174.45
167.36
175.21
182.3
178.52
180.41
183.25
178.9
187.32
196.4
182.97
191.2
196.68
200.85
191.29
191.01
184.29
185.33
191.2
180.13
170.76
179.65
188.07
171.52
199.24
197.34
175.21
181.55
195.07
183.25
191.2
195.93
179.56
181.83
181.36
196.97
169.72
177.86
181.36
170.1
169.25
168.49
168.68
169.72
179.37
166.79
174.36
174.83
166.98
182.4
184.38
190.82
175.02
186.84
184.1
178.71
177.19
177.38
171.04
183.34
452.4
907.92
903.66
0.87
4.16
3.12
0.95
1.13
7.37
3.55
1.21
-0.52
-1.65
-190.41
-216.33
-210.61
-196.65
-198.13
-199.6
-203.85
-202.03
-195.87
-194.66
-197.78
-178.89
-173.51
-191.28
-187.21
-180.01
-189.63
-190.41
-195.79
-197.69
-203.33
-213.21
-206.45
-224.74
-225.26
-217.11
-211.85
-216.07
-214.94
-225.69
-217.37
-189.37
-209.91
-211.21
-223.96
-208.79
-202.81
-210
-201.59
-207.05
-198.56
-202.2
-203.5
-199.43
-210.52
-214.77
-224.22
-196.13
-193.53
-195.96
-199.69
-189.98
-186.6
-171.17
-182.87
-180.36
-172.3
-176.72
-178.54
-184.43
-201.68
-201.33
-203.15
-210.48
-223.26
-211.31
-214.27
-222.83
-228.03
-226.12
63.23
61.47
59.41
57.54
55.86
53.79
51.88
50.17
48.1
46.2
44.3
42.44
40.72
38.69
36.82
35.06
33.06
31.17
29.34
27.5
25.71
23.7
21.81
20.06
18.02
16.29
14.25
12.35
10.5
8.04
5.45
2.83
0.25
-2.22
-4.98
-7.55
-10.06
-12.1
-14.02
-15.82
-17.78
-19.56
-21.59
-23.41
-25.27
-27.23
-29.14
-30.97
-32.84
-34.65
-36.62
-38.51
-40.36
-42.31
-44.24
-45.98
-47.97
-49.79
-51.76
-53.64
-55.46
-57.42
-59.34
-61.23
-63.11
-64.91
-66.91
-68.77
-70.65
-72.53
-74.42
-75.68
-75.68
-75.58
-75.67
-75.68
-75.57
-75.66
-75.67
-75.65
-75.67
-75.58
-75.37
-73.7
-71.85
-69.78
-67.85
-65.92
-64.09
-62.18
-60.27
-58.4
-56.43
-54.62
-52.73
-50.78
-48.95
-47.05
-45.21
-43.32
-41.36
-39.55
-37.61
-35.65
-33.84
-31.88
-30.17
-28.25
-26.24
-24.43
-22.55
-20.59
-18.76
-16.77
-15.01
-13.06
-11.11
-8.92
-6.29
-3.76
-1.11
1.65
4.11
6.71
9.48
11.41
13.29
15.2
17.06
19.04
20.83
22.76
24.73
26.51
28.4
30.25
32.08
34.1
35.84
37.77
39.77
41.54
43.43
45.29
47.16
49.12
51
52.88
54.93
56.66
58.54
60.4
62.34
64.4
