154
66
89
214
203.01
203.68
217.12
204.67
210.87
219.96
220.05
201.22
210.78
206.71
212.01
189.3
187.88
211.91
192.43
186.28
193.84
164.8
181.45
172.37
165.08
186.65
184.48
200.37
186.56
192.33
204.35
191.76
212.01
218.91
216.08
202.49
224.4
178.8
204.44
226.67
201.41
203.02
192.14
206.71
187.13
194.32
192.71
186.65
192.9
191.67
185.61
200.56
200.28
174.55
177.29
181.64
161.77
167.07
170.48
175.11
168.11
164.04
161.11
176.44
171.52
159.22
156.67
176.53
192.71
163.95
170.57
162.63
158.56
154.96
473.31
909.34
902.81
3.21
5.63
6.59
5.2
5.11
5.72
14.99
4.77
5.72
-1.73
-168.83
-193.01
-187.64
-194.92
-193.62
-193.27
-193.53
-191.63
-207.31
-195.09
-204.54
-205.75
-182.01
-190.67
-209.05
-210.26
-200.99
-215.2
-236.7
-229.42
-240.86
-237.02
-234.25
-232.47
-240.94
-213.03
-227.42
-240.6
-221.27
-235.66
-232.36
-235.79
-229.42
-233.62
-240.34
-235.01
-241.38
-233.73
-233.03
-236.05
-236.63
-229.68
-227.6
-227.51
-228.46
-221.96
-225.95
-215.63
-190.15
-208.35
-216.33
-198.82
-214.07
-214.25
-219.27
-232.8
-231.41
-234.18
-226.9
-238.34
-238.99
-231.93
-231.91
-237.26
-233.21
-233.71
-236.18
-232.08
-229.85
-226.21
63.21
61.32
59.44
57.57
55.87
53.79
51.9
50.2
48.12
46.24
44.35
42.48
40.71
38.7
36.85
35.09
33.05
31.19
29.32
27.52
25.74
23.7
21.85
20.07
18.05
16.15
14.29
12.38
10.64
8.08
5.54
2.99
0.28
-2.38
-4.97
-7.47
-10.02
-12.06
-13.97
-15.81
-17.76
-19.55
-21.55
-23.44
-25.25
-27.21
-29.11
-30.93
-32.83
-34.64
-36.64
-38.52
-40.38
-42.27
-44.22
-46.02
-47.93
-49.78
-51.72
-53.61
-55.45
-57.43
-59.35
-61.16
-63.08
-64.92
-66.88
-68.75
-70.62
-72.52
-74.41
-75.57
-75.65
-75.65
-75.66
-75.67
-75.57
-75.68
-75.64
-75.57
-75.67
-75.66
-75.35
-73.68
-71.78
-69.79
-67.82
-65.93
-64.06
-62.16
-60.26
-58.37
-56.44
-54.61
-52.72
-50.8
-48.95
-47.04
-45.19
-43.26
-41.31
-39.53
-37.56
-35.63
-33.82
-31.89
-30.11
-28.25
-26.23
-24.4
-22.5
-20.59
-18.75
-16.76
-14.99
-13.05
-11.04
-8.9
-6.3
-3.57
-1.11
1.71
4.12
6.71
9.47
11.44
13.3
15.31
17.1
18.97
20.87
22.76
24.77
26.53
28.43
30.38
32.09
34.01
35.95
37.77
39.76
41.54
43.46
45.41
47.15
49.13
51.02
52.91
54.95
56.68
58.55
60.6
62.38
64.42
