120
50
71
208.16
204.53
216.27
210.59
191.57
188.93
185.61
163
179.46
174.45
176.34
179.18
192.05
186.47
192.14
198.95
200.09
199.52
209.93
207.78
226.48
208.18
206.79
224.59
208.35
211.63
210.87
219.96
219.39
207.85
201.22
220.52
200.28
200.56
222.7
222.89
193.56
214.94
203.4
181.17
193.56
198.2
169.06
169.15
189.59
172.27
164.14
171.52
161.21
157.52
183.25
185.9
163.95
183.63
951.44
924.95
917.66
6.07
5.81
5.98
6.67
3.03
5.55
6.67
8.67
3.38
5.63
-194.23
-208.7
-205.23
-212.25
-201.07
-191.63
-203.59
-218.06
-207.4
-212.43
-212.69
-206.19
-220.57
-225.86
-224.65
-227.25
-235.75
-233.71
-227.42
-236.66
-234.6
-239.3
-234.04
-236.07
-233.58
-229.24
-240.28
-236.01
-233
-240.1
-241.27
-238.65
-238.17
-243.61
-234.95
-213.47
-230.8
-217.02
-193.53
-228.98
-227.08
-197.09
-191.97
-207.83
-202.2
-202.29
-212.51
-224.48
-219.62
-233.71
-231.93
-226.9
-235.96
31.06
29.21
27.4
25.47
23.59
21.69
19.79
18.03
16.05
14.2
12.39
10.39
7.94
5.29
2.69
0.26
-2.56
-5.12
-7.71
-10.26
-12.17
-14.09
-16.04
-17.78
-19.77
-21.7
-23.55
-25.48
-27.37
-29.26
-31.15
-32.99
-34.88
-36.75
-38.63
-40.54
-42.42
-44.33
-46.17
-48.04
-50.01
-51.87
-53.71
-55.66
-57.52
-59.47
-61.35
-63.15
-65.14
-66.98
-68.9
-70.81
-72.67
-74.55
-75.55
-75.47
-75.54
-75.54
-75.47
-75.58
-75.57
-75.56
-75.56
-75.44
-75.54
-75.26
-73.72
-71.83
-69.75
-67.79
-65.95
-64.02
-62.16
-60.3
-58.45
-56.53
-54.66
-52.78
-50.91
-48.95
-47.11
-45.26
-43.31
-41.5
-39.63
-37.68
-35.83
-33.87
-32.04
-30.22
-28.29
-26.44
-24.53
-22.64
-20.77
-18.75
-17
-15.13
-13.21
-11.25
-9.12
-6.42
-3.87
-1.15
1.4
3.98
6.54
9.16
11.28
13.2
15.07
17.06
18.83
20.73
22.73
24.55
26.41
28.29
30.12
32.07
