154
66
89
169.91
184.01
168.02
178.23
188.64
149.19
158.27
179.84
148.15
154.96
173.5
153.07
154.96
163.95
176.82
161.87
172.46
174.07
152.5
166.41
166.41
154.77
171.33
184.86
175.3
168.49
176.53
170.67
176.06
186.75
195.55
164.42
180.69
182.59
160.17
172.09
187.98
173.32
171.9
172.65
169.34
162.91
163
160.45
152.31
168.68
171.04
159.88
166.03
174.83
164.61
154.68
168.96
168.49
165.46
166.13
169.06
165.46
171.42
158.75
156.57
160.92
180.13
166.13
167.54
184.01
160.35
165.75
161.02
155.34
145.5
543.69
926.27
921.45
4.77
5.46
2.08
0
2.25
3.03
2.51
3.64
2.6
2.69
-158.61
-165.71
-163.03
-173.6
-169.27
-158.35
-161.38
-172.04
-166.67
-148.81
-162.07
-174.29
-161.12
-150.98
-162.85
-170.65
-155.83
-160.86
-167.19
-163.46
-161.12
-174.81
-169.79
-171
-180.71
-154.53
-159.99
-163.2
-152.63
-161.03
-171.35
-173.08
-169.27
-173.86
-187.64
-168.23
-161.81
-180.01
-174.29
-181.57
-185.82
-171.95
-170.31
-159.73
-172.13
-169.79
-169.87
-167.36
-158.87
-161.64
-170.57
-160.77
-165.28
-171.61
-160.25
-159.21
-155.66
-160.95
-153.15
-152.63
-174.9
-159.13
-155.66
-167.27
-159.65
-165.54
-173.86
-164.5
-160.43
-154.71
63.34
61.48
59.52
57.72
55.96
53.89
52.01
50.28
48.22
46.36
44.48
42.58
40.83
38.79
36.93
35.17
33.19
31.3
29.58
27.64
25.85
23.84
21.95
20.19
18.15
16.29
14.53
12.5
10.75
8.29
5.65
3.14
0.39
-2.07
-4.86
-7.39
-9.91
-11.95
-13.87
-15.65
-17.65
-19.54
-21.44
-23.29
-25.13
-27.1
-29
-30.82
-32.74
-34.63
-36.51
-38.4
-40.23
-42.16
-44.07
-45.88
-47.86
-49.69
-51.61
-53.51
-55.35
-57.32
-59.21
-61.03
-62.99
-64.84
-66.76
-68.64
-70.56
-72.41
-74.29
-75.36
-75.47
-75.49
-75.37
-75.47
-75.37
-75.47
-75.46
-75.37
-75.46
-75.47
-75.2
-73.58
-71.69
-69.66
-67.68
-65.8
-63.94
-61.99
-60.16
-58.29
-56.35
-54.5
-52.6
-50.68
-48.8
-46.86
-45.09
-43.14
-41.19
-39.35
-37.46
-35.53
-33.68
-31.83
-29.98
-28.11
-26.09
-24.27
-22.39
-20.46
-18.6
-16.74
-14.84
-12.91
-10.9
-8.73
-6.08
-3.43
-0.96
1.67
4.29
6.9
9.68
11.52
13.46
15.4
17.21
19.09
21.09
22.89
24.89
26.66
28.55
30.48
32.2
34.08
36.12
37.92
39.88
41.7
43.58
45.61
47.33
49.25
51.16
53.05
55.07
56.8
58.7
60.74
62.51
64.6
