156
67
90
223.74
208
206.52
228.38
209.27
200.94
207.82
214.75
201.7
230.08
221.28
216.83
226.67
228.66
204.82
201.51
214.47
193.28
187.32
190.34
189.4
157.42
171.52
172.37
158.56
173.69
177.48
167.92
183.91
180.22
171.61
181.07
194.89
184.86
185.24
196.49
224.78
212.1
208.62
211.84
225.35
209.57
226.39
208.7
224.21
208.13
194.6
200.75
202.74
198.67
183.06
199.14
210.78
183.06
191.01
206.52
184.57
199.99
203.59
193.09
184.38
198.57
183.53
181.74
199.71
192.61
174.45
184.19
202.83
201.7
186.94
298.19
913.22
912.08
908.68
8.06
6.85
3.9
4.42
8.41
5.63
5.46
8.32
6.33
8.75
9.97
-168.92
-194.14
-187.12
-182.35
-190.24
-185.82
-187.12
-191.54
-187.9
-187.55
-182.53
-179.93
-185.56
-185.73
-183.91
-188.68
-191.63
-175.77
-184.61
-190.24
-188.51
-193.71
-191.8
-199.51
-197.52
-193.88
-213.55
-207.92
-209.48
-215.81
-209.05
-205.23
-205.41
-190.67
-185.73
-179.67
-177.5
-170.83
-163.2
-164.24
-171.61
-167.01
-159.47
-165.02
-159.21
-165.28
-166.75
-182.44
-174.99
-188.59
-180.88
-180.1
-190.41
-194.4
-193.79
-208.09
-203.24
-208.44
-210.26
-214.51
-211.73
-209.65
-218.49
-204.54
-197.52
-212.51
-209.74
-194.49
-198.82
-208.09
63.2
61.33
59.57
57.57
55.82
53.78
51.93
50.13
48.12
46.23
44.48
42.44
40.74
38.68
36.78
35.08
33.08
31.17
29.35
27.51
25.73
23.7
21.81
20.02
18.02
16.19
14.39
12.38
10.61
8.07
5.44
3.03
0.28
-2.39
-4.89
-7.51
-10.03
-12.07
-14.01
-15.77
-17.78
-19.69
-21.47
-23.46
-25.27
-27.27
-29.13
-30.93
-32.88
-34.76
-36.6
-38.54
-40.36
-42.27
-44.2
-46.02
-47.95
-49.86
-51.79
-53.64
-55.45
-57.44
-59.33
-61.14
-63.11
-64.99
-66.88
-68.76
-70.68
-72.54
-74.44
-75.62
-75.73
-75.73
-75.75
-75.74
-75.64
-75.71
-75.75
-75.63
-75.72
-75.75
-75.64
-75.73
-75.43
-73.9
-71.99
-69.97
-68.03
-66.12
-64.19
-62.34
-60.47
-58.59
-56.7
-54.71
-52.9
-51.03
-49.05
-47.22
-45.37
-43.45
-41.54
-39.62
-37.77
-35.88
-33.95
-32.11
-30.29
-28.42
-26.5
-24.52
-22.7
-20.81
-18.86
-17.05
-15.16
-13.22
-11.32
-9.03
-6.5
-3.96
-1.21
1.29
4.03
6.47
9.14
11.34
13.14
15.01
16.92
18.8
20.79
22.57
24.49
26.47
28.24
30.09
32.04
33.81
35.69
37.6
39.43
41.5
43.31
45.12
47.15
48.91
50.97
52.76
54.63
56.64
58.4
60.26
62.32
64.09
