156
67
90
240.87
237.32
240.3
235.66
237.34
233.39
217.12
238.69
217.4
199.05
221.28
230.55
205.39
229.51
231.21
221.85
233.3
236.66
233.32
235.81
238.12
239.63
234.9
235.55
227.71
207.09
219.96
220.81
189.4
208.6
206.43
220.71
214.85
235.78
229.04
218.63
225.82
231.5
212.67
226.2
238.59
218.91
235.19
231.59
219.48
233.96
234.62
234.53
215.7
231.88
220.71
217.97
234.62
241.53
199.9
203.87
225.16
216.55
222.42
234.41
215.98
227.24
237.65
232.35
235
236.02
240.13
234.52
246.73
253.54
212.1
213.52
864.02
855.51
851.25
-0.17
-1.47
3.55
2.43
1.73
6.07
5.98
4.33
1.91
6.76
-4.85
-182.7
-187.9
-197.69
-201.59
-209.22
-195.09
-192.49
-181.66
-161.38
-161.03
-162.85
-180.36
-149.25
-150.55
-154.53
-145.69
-151.93
-159.73
-153.41
-165.28
-165.45
-154.97
-153.32
-183.83
-162.68
-148.38
-164.07
-159.91
-144.74
-164.07
-153.41
-143.01
-158.95
-149.16
-144.57
-152.11
-158.43
-161.99
-145
-149.77
-157.91
-142.57
-153.49
-151.07
-151.85
-161.03
-175.85
-163.81
-172.13
-165.63
-172.65
-183.13
-184.87
-194.05
-162.33
-158.95
-164.24
-150.81
-152.37
-168.14
-177.33
-167.53
-190.85
-194.57
-192.15
-203.5
-184.34
-207.83
-216.76
-185.1
63.61
61.89
59.77
57.97
56.26
54.15
52.27
50.37
48.48
46.75
44.71
42.87
41.05
39.05
37.19
35.28
33.43
31.72
29.67
27.88
26.1
24.08
22.21
20.32
18.39
16.66
14.63
12.73
10.94
8.62
5.96
3.45
0.8
-1.62
-4.55
-7.04
-9.55
-11.68
-13.65
-15.44
-17.4
-19.26
-21.22
-23.09
-24.9
-26.84
-28.74
-30.59
-32.49
-34.26
-36.21
-38.16
-39.99
-41.92
-43.87
-45.65
-47.59
-49.46
-51.37
-53.25
-55.18
-57.07
-58.95
-60.8
-62.75
-64.53
-66.48
-68.45
-70.25
-72.13
-74.1
-75.69
-75.82
-75.71
-75.83
-75.8
-75.73
-75.82
-75.83
-75.69
-75.83
-75.82
-75.81
-75.81
-75.34
-73.18
-71.29
-69.21
-67.31
-65.44
-63.54
-61.6
-59.69
-57.87
-55.93
-54.02
-52.18
-50.32
-48.39
-46.48
-44.58
-42.72
-40.85
-38.91
-37.01
-35.16
-33.29
-31.43
-29.47
-27.7
-25.78
-23.78
-22.01
-20.06
-18.2
-16.32
-14.36
-12.48
-10.58
-8.03
-5.52
-2.86
-0.35
2.27
5.01
7.48
10.05
12.02
13.88
15.82
17.62
19.48
21.49
23.31
25.17
27.16
28.98
30.86
32.65
34.54
36.55
38.29
40.16
42.2
44
45.93
47.76
49.62
51.52
53.46
55.33
57.34
59.11
61.15
62.9
64.74
