154
66
89
172.56
182.59
186.56
205.29
183.06
173.22
171.8
172.56
165.37
177.57
178.99
171.61
171.99
173.22
187.22
176.53
189.59
177.57
161.49
166.22
196.21
174.64
169.53
174.07
175.4
172.18
182.49
182.59
175.78
184.1
181.64
169.72
181.36
184.67
169.15
191.1
192.52
166.22
178.52
178.9
186.47
185.05
194.03
196.3
192.99
187.13
166.31
166.79
172.94
177.67
149.38
161.4
176.15
170
161.58
164.99
185.05
176.44
177.38
177.48
183.82
185.8
183.34
181.55
186.47
184.1
158.27
171.61
177.48
166.6
155.72
855.41
903.85
901.2
3.21
4.07
3.21
3.99
0.26
6.24
1.04
2.86
0.17
1.04
-193.27
-209.31
-205.41
-205.06
-203.67
-208.7
-217.8
-222.48
-213.55
-213.9
-221.01
-208.87
-193.97
-199.43
-198.91
-172.99
-182.27
-179.49
-199.77
-192.32
-192.58
-219.36
-209.48
-217.45
-226.47
-226.47
-222.7
-221.42
-217.45
-236.18
-226.47
-226.99
-236
-231.41
-226.82
-229.07
-208.27
-220.57
-213.38
-213.47
-217.71
-207.66
-207.05
-202.55
-188.25
-212.77
-217.54
-201.94
-210.26
-204.8
-220.05
-213.73
-225.52
-222.89
-223.24
-221.51
-222.05
-217.45
-221.79
-214.77
-233.14
-217.11
-204.02
-221.51
-219.71
-216.67
-234.36
-225
-223.09
-213.29
63.28
61.4
59.52
57.67
55.93
53.87
52.01
50.23
48.2
46.34
44.41
42.58
40.81
38.76
36.88
35.14
33.16
31.24
29.4
27.59
25.71
23.8
21.91
20.14
18.15
16.23
14.36
12.44
10.74
8.2
5.64
3.13
0.41
-2.22
-4.89
-7.4
-9.94
-11.97
-13.88
-15.71
-17.68
-19.56
-21.47
-23.36
-25.27
-27.16
-29.06
-30.93
-32.77
-34.69
-36.52
-38.41
-40.34
-42.17
-44.14
-45.98
-47.9
-49.76
-51.64
-53.56
-55.44
-57.35
-59.23
-61.06
-63.02
-64.91
-66.81
-68.67
-70.54
-72.46
-74.32
-75.59
-75.69
-75.73
-75.69
-75.7
-75.61
-75.72
-75.68
-75.71
-75.71
-75.71
-75.36
-73.59
-71.76
-69.68
-67.75
-65.87
-63.97
-62.06
-60.21
-58.3
-56.37
-54.51
-52.61
-50.69
-48.86
-46.95
-45.09
-43.16
-41.24
-39.43
-37.49
-35.52
-33.8
-31.9
-30.05
-28.13
-26.27
-24.31
-22.46
-20.59
-18.67
-16.78
-14.9
-12.97
-10.97
-8.73
-6.16
-3.47
-0.98
1.65
4.28
6.86
9.6
11.5
13.39
15.38
17.18
19.07
20.93
22.85
24.73
26.62
28.49
30.44
32.17
34.08
35.94
37.88
39.83
41.63
43.53
45.51
47.25
49.24
51.09
52.99
54.91
56.77
58.64
60.53
62.43
64.36
