156
67
90
206.62
204.44
186.47
192.9
191.95
180.98
171.8
170.48
175.96
162.81
167.54
184.67
154.3
163.19
176.72
161.49
164.9
165.75
154.96
166.69
165.94
160.73
165.94
185.99
166.79
160.64
181.17
184.38
177.95
190.06
172.75
172.37
168.59
173.79
173.13
192.33
197.25
175.21
186.65
173.5
169.06
179.09
177.01
171.23
181.45
174.26
182.49
169.44
172.56
170.1
152.69
168.21
173.69
159.5
173.03
169.25
177.76
177.1
172.84
167.92
168.77
173.88
181.64
161.11
161.4
167.83
150.42
157.04
167.83
166.5
168.87
161.11
912.27
903.57
892.4
3.29
5.03
4.68
1.65
-0.87
2.69
4.68
3.73
1.99
2.34
2.34
-182.79
-197.95
-194.49
-193.97
-194.4
-193.36
-201.94
-202.03
-201.16
-185.47
-189.81
-187.9
-187.64
-180.27
-192.06
-191.19
-193.27
-192.06
-195.44
-192.32
-203.24
-199.17
-205.06
-223.7
-211.39
-199.08
-217.37
-213.73
-200.38
-202.11
-207.05
-193.27
-195.79
-204.54
-200.9
-201.94
-188.51
-184.69
-169.27
-187.73
-186.17
-184
-190.5
-197.61
-174.55
-184.43
-196.39
-185.39
-179.41
-184.35
-179.32
-171.17
-178.71
-170.91
-162.51
-171.95
-181.83
-171.43
-183.39
-195.53
-204.63
-187.55
-195.79
-211.99
-198.21
-206.45
-205.46
-220.75
-220.31
-204.57
63.18
61.28
59.34
57.51
55.78
53.72
51.75
50.11
48.06
46.16
44.3
42.44
40.66
38.63
36.8
35.01
33.01
31.14
29.3
27.5
25.65
23.67
21.77
20.01
17.97
16.14
14.32
12.33
10.56
7.96
5.41
2.92
0.18
-2.44
-5.05
-7.63
-10.1
-12.12
-14.05
-15.85
-17.81
-19.73
-21.57
-23.49
-25.3
-27.28
-29.17
-30.97
-32.9
-34.85
-36.67
-38.57
-40.39
-42.34
-44.26
-46.03
-48.01
-49.91
-51.81
-53.75
-55.52
-57.49
-59.35
-61.2
-63.17
-65.04
-66.95
-68.77
-70.67
-72.59
-74.45
-75.77
-75.85
-75.84
-75.88
-75.84
-75.77
-75.85
-75.85
-75.78
-75.86
-75.85
-75.85
-75.84
-75.58
-73.98
-72.04
-69.98
-68.06
-66.17
-64.23
-62.4
-60.45
-58.63
-56.71
-54.77
-52.95
-51.07
-49.12
-47.32
-45.34
-43.5
-41.6
-39.68
-37.8
-35.91
-34.06
-32.18
-30.26
-28.46
-26.52
-24.51
-22.74
-20.86
-18.96
-17.07
-15.12
-13.27
-11.37
-9.08
-6.56
-4.02
-1.44
1.26
3.97
6.34
9.02
11.28
13.07
14.98
16.88
18.75
20.73
22.51
24.41
26.44
28.21
30.02
31.87
33.78
35.81
37.55
39.42
41.46
43.22
45.06
46.96
48.91
50.95
52.67
54.61
56.59
58.34
60.24
62.3
64.02
