154
66
89
222.79
203.43
201.41
207.09
210.21
169.72
175.68
187.03
167.36
171.9
202.26
196.68
180.88
201.7
205.2
186.37
199.99
207.94
178.52
206.24
196.3
178.42
187.13
195.64
189.21
182.97
211.91
198.1
182.49
211.44
211.16
178.8
194.89
194.22
171.23
208.22
206.27
216.55
223.08
214
208.32
206.81
222.89
216.36
189.97
199.05
202.26
161.02
182.49
180.32
169.44
175.78
186.37
190.63
180.51
201.03
203.87
182.3
185.9
196.3
172.94
199.9
198.86
179.18
173.13
182.59
180.69
165.18
175.49
182.97
169.25
699.03
925.14
908.87
2.34
1.21
1.47
4.59
3.47
4.25
2.17
3.29
3.99
-0.61
-189.11
-195.18
-205.49
-190.41
-200.38
-189.63
-187.21
-193.45
-181.4
-172.3
-182.7
-180.62
-161.81
-171.52
-167.01
-183.83
-163.46
-173.34
-193.27
-166.93
-187.99
-209.22
-176.89
-199.77
-197.52
-192.93
-207.05
-212.95
-224.22
-201.77
-224.82
-216.24
-202.29
-198.53
-200.51
-191.97
-190.76
-185.91
-177.07
-190.67
-183.65
-201.33
-197.26
-194.23
-197.09
-185.65
-206.79
-198.73
-172.47
-189.81
-192.23
-179.23
-180.71
-178.02
-189.46
-178.37
-187.03
-188.07
-170.39
-172.91
-180.45
-164.5
-160.6
-167.36
-169.53
-174.38
-188.33
-214.51
-181.75
-205.49
63.33
61.44
59.69
57.72
56
53.92
52.05
50.33
48.24
46.52
44.5
42.6
40.82
38.86
36.93
35.2
33.21
31.29
29.47
27.67
25.88
23.84
21.95
20.2
18.19
16.35
14.54
12.46
10.76
8.3
5.67
3.15
0.48
-2.19
-4.79
-7.34
-9.83
-11.99
-13.86
-15.68
-17.67
-19.5
-21.42
-23.31
-25.18
-27.08
-28.99
-30.79
-32.69
-34.59
-36.4
-38.38
-40.2
-42.14
-44.05
-45.93
-47.82
-49.73
-51.61
-53.52
-55.35
-57.25
-59.2
-61.03
-62.98
-64.85
-66.73
-68.63
-70.51
-72.39
-74.29
-75.31
-75.37
-75.37
-75.37
-75.4
-75.29
-75.38
-75.4
-75.29
-75.37
-75.34
-75.04
-73.58
-71.66
-69.68
-67.72
-65.85
-63.99
-62.07
-60.22
-58.35
-56.39
-54.57
-52.67
-50.77
-48.9
-47.01
-45.19
-43.24
-41.3
-39.53
-37.61
-35.62
-33.84
-31.98
-30.04
-28.27
-26.26
-24.41
-22.58
-20.63
-18.75
-16.87
-14.92
-13.08
-11.07
-8.99
-6.29
-3.61
-1.16
1.47
4.1
6.66
9.46
11.35
13.27
15.27
17.06
18.94
20.83
22.73
24.76
26.49
28.39
30.35
32.05
33.98
35.99
37.73
39.74
41.5
43.46
45.42
47.19
49.08
51.15
52.89
54.9
56.65
58.54
60.57
62.34
64.23
