102
64
87
219.39
214.58
215.98
191.2
222.6
215.23
172.75
208.41
227.15
169.72
188.45
218.06
173.88
186.28
206.35
194.89
180.6
189.49
204.91
181.55
194.22
194.51
173.6
197.34
201.6
179.09
184.48
213.14
175.3
176.44
206.62
195.64
175.49
205.76
214.56
165.18
191.2
194.41
178.8
211.06
227.62
217.02
226.58
206.96
224.5
223.74
213.02
226.77
190.34
214.66
193.94
188.26
179.37
186.47
171.42
173.03
189.49
177.38
170.67
189.11
205.29
151.56
189.78
187.6
158.46
167.73
169.15
167.07
173.98
880.96
802.25
802.72
1.65
3.64
5.89
0.35
0.61
2.51
0.52
2.86
-1.56
2.51
-216.33
-203.67
-209.31
-204.45
-195.61
-220.83
-233.06
-217.8
-228.2
-223.09
-218.15
-234.18
-203.5
-223.78
-241.55
-241.2
-236.18
-240.86
-239.32
-237.46
59.52
57.67
55.72
53.81
51.95
50.02
48.27
46.24
44.36
42.44
40.58
38.67
36.77
34.92
33.22
31.13
29.3
27.49
25.58
23.68
21.81
19.89
18.12
16.15
14.22
12.33
10.48
8.04
5.38
2.8
0.36
-2.44
-5.03
-7.58
-10.16
-12.13
-14.05
-15.95
-17.71
-19.68
-21.56
-23.49
-25.39
-27.27
-29.17
-31.09
-32.83
-34.76
-36.66
-38.55
-40.48
-42.32
-44.26
-46.13
-47.96
-49.9
-51.76
-53.69
-55.57
-57.49
-59.33
-61.27
-63.08
-65.03
-66.95
-68.81
-70.71
-72.58
-74.47
-75.67
-75.59
-75.66
-75.68
-75.68
-75.67
-75.68
-75.68
-75.68
-75.58
-75.69
-75.41
-73.81
-72.05
-69.97
-68.02
-66.15
-64.2
-62.37
-60.49
-58.59
-56.71
-54.81
-52.91
-51.01
-49.08
-47.25
-45.43
-43.51
-41.58
-39.71
-37.8
-35.93
