154
66
89
234.39
234.56
230.06
231.03
238.89
229.97
227.34
232.12
229.02
237.65
229.73
224.59
223.93
222.79
224.31
187.79
202.83
198.01
178.8
186.09
188.45
185.8
194.51
210.59
199.99
204.06
211.16
213.33
204.35
220.43
234.15
220.81
222.79
227.81
210.12
227.81
229.14
229.04
222.7
222.23
222.13
211.91
230.46
228.94
226.01
238.02
234.34
228.56
227.06
227.89
224.31
227.33
227.91
226.96
218.82
222.89
220.9
204.06
208.04
193.56
188.45
200.75
209.45
199.62
203.21
209.83
196.4
200.47
196.21
176.82
182.4
588.91
836.4
824.38
1.56
0
3.12
3.47
4.85
5.29
2.25
-0.09
-0.43
7.37
-156.44
-207.4
-202.29
-204.37
-209.91
-201.16
-209.31
-217.97
-207.57
-182.87
-204.97
-202.55
-191.97
-215.29
-227.94
-227.51
-227.68
-233.75
-224.95
-223.33
-231.41
-229.28
-232.97
-226.55
-224.5
-218.32
-236.7
-224.24
-211.47
-224.13
-236.52
-213.12
-220.4
-227.51
-233.58
-217.11
-217.63
-212.34
-190.24
-210.95
-216.93
-196.83
-186.34
-193.19
-187.81
-190.41
-195.87
-185.99
-169.35
-184.09
-182.53
-169.18
-179.84
-191.19
-196.31
-197.61
-216.41
-219.36
-224.13
-223.63
-227.85
-229.33
-224.34
-228.81
-225.26
-224.37
-231.08
-225.71
-224.69
-228.76
63.18
61.3
59.42
57.57
55.89
53.8
51.9
50.17
48.09
46.36
44.34
42.48
40.7
38.72
36.8
35.06
33.08
31.29
29.33
27.51
25.73
23.71
21.81
19.95
18.05
16.29
14.28
12.36
10.63
8.12
5.47
2.82
0.26
-2.26
-5.01
-7.53
-10.02
-12.07
-14.02
-15.81
-17.74
-19.65
-21.56
-23.43
-25.27
-27.24
-29.14
-30.92
-32.86
-34.65
-36.64
-38.48
-40.35
-42.27
-44.19
-46
-47.97
-49.89
-51.76
-53.64
-55.49
-57.42
-59.31
-61.16
-63.14
-64.9
-66.89
-68.78
-70.64
-72.56
-74.48
-75.45
-75.54
-75.45
-75.58
-75.57
-75.48
-75.55
-75.56
-75.47
-75.56
-75.5
-75.28
-73.65
-71.82
-69.81
-67.85
-65.99
-64.12
-62.2
-60.36
-58.5
-56.55
-54.72
-52.84
-50.88
-49.06
-47.16
-45.31
-43.39
-41.43
-39.66
-37.74
-35.77
-33.99
-32.1
-30.31
-28.41
-26.4
-24.56
-22.67
-20.74
-18.89
-17.03
-15.15
-13.22
-11.22
-9.12
-6.51
-3.79
-1.32
1.46
3.87
6.47
9.25
11.24
13.14
15.15
16.94
18.8
20.66
22.59
24.6
26.35
28.23
30.21
31.91
33.97
35.69
37.58
39.57
41.36
43.26
45.25
47
49.08
50.82
52.73
54.79
56.48
58.4
60.39
62.19
64.24
