154
66
89
212.29
205.2
210.12
229.13
216.1
214.09
223.55
226.2
222.6
215.34
224.31
199.14
213.43
206.99
201.03
191.67
203.31
202.64
198.57
209.17
181.92
177.67
196.87
192.24
186.28
193.94
199.05
181.92
189.02
210.78
205.2
192.61
214
210.02
191.57
223.08
224.21
200.47
213.33
210.87
207.09
211.06
225.63
214.28
220.14
232.82
215.44
204.16
217.59
202.74
191.01
210.31
209.17
203.12
220.43
225.44
205.39
212.77
217.59
185.05
180.41
202.55
212.39
187.22
207.37
197.34
181.74
180.98
185.9
181.45
195.83
965.44
933.27
929.3
6.76
3.81
2.95
2.34
2.77
4.25
0.61
1.99
1.56
-0.09
-183.39
-193.88
-179.06
-180.36
-192.75
-195.01
-201.59
-218.67
-198.13
-182.27
-176.98
-174.73
-183.39
-189.11
-194.49
-191.28
-195.01
-189.29
-199.51
-196.22
-196.57
-222.92
-203.76
-215.29
-226.73
-205.67
-209.83
-200.99
-188.16
-196.22
-208.53
-180.97
-193.01
-189.81
-199.08
-198.3
-181.05
-205.75
-188.85
-189.98
-192.41
-178.45
-178.02
-182.7
-178.19
-190.67
-199.51
-182.01
-185.99
-181.14
-200.29
-190.59
-192.15
-202.63
-201.94
-190.76
-189.11
-203.76
-214.25
-205.58
-207.98
-208.67
-207.98
-210.56
-206.85
-214.59
-206.9
-201.33
-204.63
-190.41
63.21
61.33
59.43
57.61
55.69
53.81
51.93
50.2
48.14
46.24
44.34
42.46
40.59
38.68
36.82
35.11
33.09
31.19
29.48
27.51
25.59
23.71
21.85
20.08
18.05
16.19
14.35
12.37
10.53
8.11
5.48
3.01
0.3
-2.37
-4.84
-7.49
-10.14
-12.08
-14
-15.89
-17.76
-19.63
-21.54
-23.42
-25.3
-27.2
-29.1
-31.03
-32.84
-34.72
-36.61
-38.51
-40.43
-42.27
-44.19
-45.99
-47.95
-49.85
-51.69
-53.62
-55.52
-57.42
-59.3
-61.16
-63.1
-64.95
-66.81
-68.77
-70.66
-72.53
-74.42
-75.58
-75.68
-75.64
-75.55
-75.66
-75.67
-75.65
-75.63
-75.57
-75.65
-75.64
-75.32
-73.68
-71.85
-69.78
-67.84
-65.97
-64.06
-62.16
-60.3
-58.42
-56.48
-54.58
-52.68
-50.82
-48.95
-47.07
-45.15
-43.26
-41.36
-39.51
-37.57
-35.63
-33.83
-31.95
-30.11
-28.21
-26.33
-24.38
-22.49
-20.56
-18.74
-16.83
-14.9
-13.01
-11.11
-8.9
-6.24
-3.57
-1.08
1.56
4.29
6.76
9.35
11.36
13.33
15.31
17.09
19
21
22.76
24.65
26.55
28.42
30.36
32.08
34
36.01
37.84
39.63
41.54
43.47
45.45
47.19
49.15
51.03
52.9
54.78
56.71
58.58
60.47
62.39
64.26
