154
66
89
229.51
225.54
212.95
215.04
233.86
211.91
217.31
226.39
209.08
215.32
216.83
205.1
200.85
212.77
221.66
201.6
213.52
217.12
192.52
200.85
219.01
199.24
217.78
213.24
208.7
219.29
204.16
216.08
221.19
235.85
228.19
208.6
224.12
218.91
208.98
223.58
225.99
222.32
233.48
229.79
223.03
220.62
223.32
235.28
227.71
228.28
221.28
217.78
217.68
212.2
191.1
201.03
216.17
189.49
206.52
221.19
209.93
207.66
220.43
209.64
199.14
231.31
223.27
198.48
216.17
220.43
188.26
192.52
214.56
202.93
213.52
995.52
931.95
929.68
4.42
5.46
5.37
4.68
5.2
-2.08
8.23
7.71
5.11
8.15
-213.64
-192.23
-180.1
-184
-184.35
-184.09
-207.92
-200.29
-187.73
-192.67
-186.43
-173.08
-162.42
-174.12
-163.63
-153.93
-178.45
-158.43
-163.46
-176.2
-163.72
-180.01
-173.25
-205.75
-194.57
-171.95
-215.81
-213.81
-171
-197.17
-202.72
-180.62
-201.25
-201.33
-207.4
-200.38
-184.69
-177.41
-177.5
-185.39
-185.73
-175.68
-178.11
-170.22
-171.35
-177.15
-196.91
-171.17
-183.05
-181.75
-185.91
-177.33
-188.33
-182.96
-178.02
-191.28
-179.23
-178.63
-178.28
-190.93
-184.78
-181.57
-183.57
-184.52
-180.27
-182.79
-181.66
-166.23
-184.61
-188.16
63.22
61.31
59.38
57.55
55.69
53.79
51.9
50.17
48.14
46.22
44.35
42.44
40.56
38.68
36.82
35.07
33.04
31.16
29.32
27.53
25.58
23.71
21.78
20.03
18.04
16.17
14.27
12.38
10.47
8.08
5.44
2.98
0.27
-2.36
-5.01
-7.54
-10.14
-12.09
-14
-15.8
-17.8
-19.67
-21.55
-23.41
-25.27
-27.25
-29.15
-30.94
-32.88
-34.73
-36.63
-38.54
-40.44
-42.29
-44.21
-46
-47.96
-49.9
-51.75
-53.66
-55.54
-57.45
-59.34
-61.15
-63.11
-64.98
-66.9
-68.77
-70.67
-72.53
-74.42
-75.52
-75.62
-75.64
-75.61
-75.61
-75.66
-75.64
-75.61
-75.55
-75.67
-75.64
-75.34
-73.72
-71.89
-69.81
-67.84
-65.92
-64.09
-62.21
-60.3
-58.45
-56.5
-54.64
-52.71
-50.78
-48.96
-47.04
-45.2
-43.26
-41.39
-39.5
-37.61
-35.66
-33.85
-31.98
-30.15
-28.26
-26.32
-24.4
-22.53
-20.6
-18.74
-16.87
-14.99
-13.05
-11.05
-8.93
-6.31
-3.59
-1.15
1.52
4.12
6.68
9.49
11.39
13.31
15.29
17.07
18.98
20.83
22.79
24.64
26.53
28.4
30.35
32.07
33.99
35.85
37.74
39.62
41.54
43.46
45.41
47.19
49.13
51.01
52.9
54.78
56.66
58.63
60.63
62.35
64.25
