154
66
89
181.64
191.2
190.63
197.82
200.85
177.19
185.8
183.15
179.65
185.42
191.1
179.46
187.22
182.3
194.98
185.42
190.63
191.38
183.15
183.53
199.43
173.03
189.49
190.82
195.26
197.16
198.39
206.52
196.3
204.44
202.74
193.84
198.67
194.22
186.28
192.61
201.22
176.44
177.19
177.1
196.02
180.41
182.49
181.45
173.79
177.57
183.25
163.19
179.94
165.37
155.53
173.88
179.84
173.41
186.65
184.1
179.65
180.88
181.64
165.56
163.19
185.71
179.56
169.15
177.57
182.4
165.18
165.65
170.29
163.76
172.27
866.58
917.1
913.03
4.77
7.28
7.02
5.81
3.9
5.98
5.55
1.99
4.51
8.58
-199.43
-177.59
-167.62
-178.37
-179.58
-163.98
-180.71
-178.54
-165.8
-157.39
-162.59
-165.54
-165.19
-175.85
-166.49
-159.21
-170.05
-159.73
-149.77
-162.51
-152.71
-167.19
-174.99
-181.75
-180.01
-174.03
-184.43
-171.26
-169.53
-178.8
-183.22
-173.77
-187.73
-182.01
-195.44
-191.19
-187.29
-195.53
-189.2
-194.14
-191.97
-175.51
-189.11
-179.49
-167.71
-182.27
-186.08
-174.99
-181.49
-177.07
-194.14
-187.81
-188.16
-186.08
-187.47
-187.12
-191.37
-170.74
-186.25
-183.39
-185.82
-179.67
-169.96
-166.93
-173.08
-176.55
-185.99
-166.15
-158.09
-168.14
63.33
61.46
59.59
57.72
55.83
53.93
52.04
50.3
48.27
46.39
44.47
42.61
40.69
38.81
36.96
35.18
33.19
31.32
29.47
27.64
25.76
23.85
21.95
20.19
18.18
16.3
14.47
12.52
10.77
8.28
5.61
3.17
0.44
-2.21
-4.77
-7.35
-10.02
-11.94
-13.88
-15.68
-17.63
-19.52
-21.44
-23.29
-25.24
-27.13
-28.99
-30.82
-32.74
-34.64
-36.48
-38.38
-40.31
-42.15
-44.06
-45.95
-47.86
-49.74
-51.59
-53.52
-55.41
-57.29
-59.19
-61.03
-62.97
-64.84
-66.76
-68.64
-70.55
-72.41
-74.28
-75.57
-75.65
-75.66
-75.67
-75.66
-75.65
-75.65
-75.68
-75.57
-75.68
-75.64
-75.33
-73.51
-71.71
-69.63
-67.7
-65.76
-63.94
-62.03
-60.17
-58.3
-56.36
-54.47
-52.57
-50.61
-48.8
-46.91
-45.04
-43.14
-41.25
-39.39
-37.43
-35.5
-33.76
-31.8
-30.01
-28.09
-26.19
-24.26
-22.4
-20.44
-18.61
-16.73
-14.87
-12.91
-11.01
-8.69
-6.07
-3.46
-0.96
1.75
4.43
6.91
9.52
11.56
13.44
15.42
17.21
19.1
21
22.88
24.78
26.66
28.52
30.49
32.23
34.12
36.01
37.9
39.75
41.63
43.59
45.58
47.32
49.25
51.15
53.08
54.94
56.8
58.7
60.76
62.51
64.39
