154
66
89
218.73
208.89
220.62
195.72
220.05
206.71
210.87
191.29
180.98
185.9
190.16
175.78
187.03
165.94
169.53
178.52
186.56
156.38
155.44
140.58
146.35
144.37
159.5
147.87
141.62
151.08
148.81
161.77
154.77
170.38
161.4
155.62
176.15
169.63
184.76
195.45
196.97
201.79
205.58
203.02
205.58
210.12
222.79
211.91
207.85
203.02
206.9
201.32
203.4
184.29
164.52
188.74
167.54
146.54
164.33
160.26
167.73
165.08
176.06
175.59
180.6
202.74
182.78
181.36
192.61
189.02
150.8
158.27
170
146.26
162.25
909.24
873.1
861.56
6.93
5.37
4.68
5.37
10.4
9.01
5.11
4.77
9.71
4.51
-209.13
-205.06
-210.43
-208.53
-208.44
-210
-225.34
-225.95
-221.79
-199.25
-204.45
-199.43
-180.62
-210.78
-198.04
-181.49
-207.31
-206.71
-224.65
-228.46
-232.02
-218.57
-216.45
-221.73
-217.14
-217.37
-217.42
-219.09
-214.85
-218.07
-217.18
-209.31
-219.53
-226.04
-208.87
-191.19
-199.51
-183.83
-166.84
-185.73
-181.92
-166.15
-176.81
-181.83
-165.45
-174.03
-185.65
-170.91
-174.81
-176.03
-178.63
-181.05
-197.95
-201.68
-192.15
-202.81
-198.91
-177.85
-208.18
-204.11
-227.25
-222.74
-220.49
-218.66
-217.53
-219.57
-222.38
-217.42
-220.87
-215.82
63.22
61.32
59.42
57.55
55.83
53.73
51.84
50.08
48.05
46.17
44.26
42.4
40.63
38.6
36.72
34.85
32.99
31.08
29.25
27.4
25.64
23.61
21.72
19.82
17.95
16.06
14.15
12.27
10.51
7.95
5.34
2.7
0.14
-2.56
-5.09
-7.67
-10.18
-12.16
-14.11
-16.02
-17.88
-19.78
-21.65
-23.56
-25.37
-27.33
-29.23
-31.15
-32.98
-34.87
-36.74
-38.62
-40.49
-42.38
-44.35
-46.19
-48.07
-50
-51.85
-53.75
-55.57
-57.54
-59.45
-61.34
-63.22
-65.1
-67.01
-68.9
-70.76
-72.67
-74.53
-75.31
-75.32
-75.31
-75.33
-75.31
-75.22
-75.3
-75.31
-75.28
-75.32
-75.31
-75.05
-73.68
-71.82
-69.74
-67.83
-65.92
-64.03
-62.11
-60.26
-58.36
-56.42
-54.56
-52.69
-50.79
-48.87
-46.99
-45.12
-43.18
-41.29
-39.47
-37.54
-35.71
-33.78
-31.91
-30.07
-28.22
-26.16
-24.32
-22.49
-20.6
-18.68
-16.82
-14.9
-12.99
-11.01
-8.85
-6.17
-3.67
-1.07
1.61
4.21
6.81
9.61
11.45
13.34
15.22
17.13
19.03
20.92
22.8
24.83
26.58
28.47
30.29
32.13
34.06
35.91
37.82
39.8
41.61
43.47
45.33
47.24
49.19
51.07
52.95
54.98
56.72
58.62
60.65
62.42
64.33
