154
66
89
184.1
177.76
161.4
173.32
179.28
155.91
163
170
159.22
170.95
183.34
167.45
167.64
185.99
178.14
168.11
182.21
177.67
174.17
178.61
183.82
173.03
180.98
182.49
170.48
169.63
169.25
185.8
171.52
188.36
182.78
170.95
184.19
182.3
168.87
193.84
193.56
148.81
164.33
172.84
177.38
166.5
178.42
173.41
164.14
179.65
185.99
161.96
174.64
180.79
153.16
178.71
183.34
164.9
177.38
185.05
175.96
169.25
172.94
164.9
160.26
174.07
185.42
155.15
162.34
171.8
155.72
153.07
177.95
154.87
156.67
848.79
910.28
886.92
3.38
7.45
-1.65
1.82
3.99
10.31
4.42
2.69
0
2.86
-202.63
-195.09
-196.65
-185.91
-202.11
-193.97
-209.05
-219.36
-210.78
-200.55
-213.81
-205.93
-198.82
-212.69
-203.67
-185.47
-203.76
-190.5
-182.53
-190.15
-180.97
-206.79
-201.33
-214.68
-213.73
-198.3
-207.14
-200.03
-177.59
-208.01
-202.03
-176.55
-209.83
-213.99
-207.31
-204.71
-189.72
-196.91
-192.93
-205.93
-202.03
-175.59
-195.35
-191.11
-171.61
-188.42
-210.87
-185.82
-195.18
-206.45
-194.23
-190.41
-201.16
-202.03
-193.79
-209.22
-213.47
-187.64
-207.31
-212.51
-198.91
-191.89
-201.42
-203.07
-187.99
-198.65
-216.59
-179.49
-188.77
-190.41
63.37
61.45
59.69
57.7
55.78
53.86
51.99
50.24
48.17
46.28
44.52
42.51
40.61
38.73
36.86
34.98
33.09
31.24
29.36
27.53
25.64
23.71
21.86
20.08
18.05
16.18
14.23
12.39
10.51
8.14
5.48
3.01
0.3
-2.35
-4.92
-7.5
-10.13
-12.06
-14
-15.8
-17.75
-19.63
-21.48
-23.47
-25.35
-27.21
-29.19
-30.93
-32.86
-34.73
-36.52
-38.51
-40.42
-42.26
-44.19
-45.98
-47.96
-49.89
-51.67
-53.64
-55.54
-57.42
-59.28
-61.14
-63.1
-64.97
-66.81
-68.8
-70.65
-72.52
-74.39
-75.7
-75.78
-75.82
-75.71
-75.8
-75.82
-75.8
-75.81
-75.71
-75.79
-75.78
-75.41
-73.66
-71.84
-69.8
-67.82
-65.93
-64.07
-62.15
-60.24
-58.41
-56.49
-54.6
-52.71
-50.81
-48.94
-47.04
-45.19
-43.26
-41.36
-39.5
-37.56
-35.62
-33.81
-31.95
-30.11
-28.23
-26.32
-24.42
-22.53
-20.57
-18.73
-16.79
-14.98
-13.04
-11.14
-8.91
-6.26
-3.54
-1.13
1.53
4.26
6.72
9.32
11.42
13.31
15.31
17.09
18.98
20.98
22.78
24.67
26.55
28.42
30.38
32.09
34.01
35.99
37.8
39.62
41.6
43.46
45.45
47.23
49.13
51.21
52.92
54.84
56.66
58.62
60.64
62.4
64.24
