154
66
89
221.37
208.44
204.18
209.08
212.25
208.89
206.05
213.71
202.55
199.24
192.24
223.17
188.26
182.68
204.25
173.22
177.95
187.79
162.25
161.68
201.79
182.11
184.19
195.93
200.09
189.11
215.23
220.62
204.72
217.59
204.63
203.31
215.23
203.02
183.91
200.09
209.83
195.74
181.83
179.75
196.49
179.18
189.4
186.84
183.91
183.34
188.55
180.32
184.01
198.86
176.82
174.83
189.97
190.91
175.4
180.22
193.37
173.6
173.69
172.65
176.82
177.19
189.4
173.32
178.71
175.4
173.5
165.37
180.88
186.75
176.06
721.17
934.03
921.73
2.69
1.21
1.56
3.55
0.69
3.38
3.64
3.03
2.43
2.43
-176.46
-198.82
-209.48
-192.49
-201.25
-204.11
-196.48
-217.28
-212.86
-198.56
-211.13
-210.17
-180.01
-202.98
-219.27
-192.06
-206.01
-213.47
-213.38
-207.57
-221.35
-223.67
-217.54
-223.2
-222.59
-208.27
-228.72
-233.92
-202.81
-205.93
-230.2
-213.47
-211.47
-236.78
-225.93
-230.89
-222.59
-222.2
-221.79
-224.56
-223.85
-226.64
-230.37
-228.03
-228.38
-207.57
-230.11
-206.71
-174.38
-182.61
-202.55
-169.79
-175.94
-193.45
-187.21
-197.69
-209.65
-200.47
-204.89
-220.66
-224.65
-221.35
-224.13
-224.13
-223.74
-225.47
-228.55
-227.77
-217.97
-225.43
63.23
61.52
59.43
57.58
55.86
53.79
51.85
50.1
48.08
46.31
44.29
42.43
40.61
38.62
36.75
34.86
32.96
31.26
29.24
27.43
25.69
23.62
21.75
19.97
17.97
16.09
14.19
12.31
10.53
8.01
5.32
2.86
0.12
-2.32
-5.08
-7.6
-10.26
-12.16
-14.1
-15.98
-17.85
-19.67
-21.66
-23.52
-25.37
-27.33
-29.19
-31.05
-32.95
-34.75
-36.72
-38.62
-40.43
-42.37
-44.29
-46.17
-48.04
-49.9
-51.84
-53.73
-55.54
-57.53
-59.42
-61.26
-63.2
-65.07
-66.94
-68.88
-70.71
-72.63
-74.52
-75.49
-75.55
-75.58
-75.58
-75.59
-75.47
-75.58
-75.58
-75.49
-75.55
-75.47
-75.28
-73.62
-71.72
-69.7
-67.77
-65.89
-63.99
-62.03
-60.19
-58.33
-56.38
-54.52
-52.65
-50.71
-48.85
-46.97
-45.14
-43.17
-41.24
-39.43
-37.52
-35.58
-33.77
-31.88
-30.04
-28.18
-26.22
-24.32
-22.46
-20.51
-18.66
-16.7
-14.92
-12.95
-11
-8.81
-6.21
-3.66
-1.05
1.74
4.21
6.81
9.61
11.47
13.38
15.33
17.14
19.15
20.95
22.85
24.86
26.61
28.51
30.47
32.16
34.18
35.95
37.84
39.81
41.63
43.53
45.5
47.26
49.19
51.12
52.97
54.97
56.74
58.66
60.7
62.41
64.36
