156
67
90
184.67
185.33
175.49
178.71
199.52
194.13
174.17
198.01
198.76
174.45
185.99
200.37
175.21
171.8
189.3
166.13
175.59
178.61
151.65
166.5
177.48
178.42
172.56
185.61
191.1
177.95
188.36
188.83
170.95
182.59
186.94
185.9
176.06
187.41
183.53
178.42
189.68
192.71
168.4
174.07
175.87
160.35
167.64
177.86
173.5
170.1
187.03
177.1
177.29
185.61
175.11
153.54
169.91
170.48
160.64
156.29
170
158.94
157.71
163.48
167.45
153.35
164.99
148.25
154.21
167.73
159.31
148.06
160.26
150.23
159.22
156.85
925.14
918.14
920.6
6.59
1.21
0.09
2.6
1.73
2.69
4.77
3.64
1.04
0.09
-0.95
-217.97
-214.68
-208.53
-199.95
-203.15
-210.09
-209.05
-220.57
-209.05
-200.9
-211.21
-218.15
-207.31
-211.3
-230.02
-212.95
-220.49
-213.03
-224.65
-216.59
-226.21
-221.79
-219.65
-221.92
-219.76
-210.87
-228.03
-224.48
-210.95
-214.25
-215.98
-207.92
-215.11
-227.6
-221.38
-221.35
-211.47
-221.66
-225
-233.06
-219.61
-211.91
-214.16
-208.09
-195.53
-200.81
-206.97
-189.72
-189.11
-176.98
-185.3
-188.42
-176.46
-198.04
-195.27
-199.34
-197.61
-200.55
-205.67
-215.29
-220.56
-219.27
-216.24
-221.88
-212.25
-211.39
-220.54
-210.43
-207.31
-208.27
63.97
61.95
60.03
58.36
56.31
54.38
52.51
50.66
48.83
46.85
44.94
43.25
41.18
39.3
37.56
35.53
33.8
31.76
29.91
28.24
26.25
24.31
22.46
20.55
18.79
16.75
14.89
13.11
11.11
8.93
6.46
3.64
1.24
-1.54
-4.18
-6.54
-9.35
-11.42
-13.29
-15.3
-17.07
-19.05
-20.95
-22.73
-24.74
-26.61
-28.55
-30.42
-32.27
-34.18
-36.02
-37.86
-39.8
-41.66
-43.6
-45.49
-47.26
-49.25
-51.15
-52.95
-54.91
-56.82
-58.67
-60.64
-62.5
-64.35
-66.29
-68.13
-70.09
-71.93
-73.78
-75.57
-75.51
-75.61
-75.62
-75.51
-75.6
-75.59
-75.62
-75.61
-75.53
-75.58
-75.61
-75.51
-75.17
-73.26
-71.38
-69.34
-67.35
-65.5
-63.65
-61.68
-59.86
-57.98
-56.02
-54.15
-52.24
-50.41
-48.51
-46.57
-44.75
-42.83
-40.91
-39.05
-37.08
-35.32
-33.43
-31.43
-29.68
-27.78
-25.9
-23.95
-22.01
-20.21
-18.32
-16.38
-14.56
-12.6
-10.69
-8.33
-5.56
-3.13
-0.46
2.25
4.78
7.31
10.06
11.83
13.76
15.61
17.53
19.49
21.32
23.22
25.19
26.95
28.82
30.69
32.52
34.55
36.3
38.19
40.14
41.97
44
45.72
47.63
49.67
51.46
53.35
55.26
57.11
58.99
60.91
62.79
64.79
