154
66
89
182.59
179.75
198.29
190.44
173.79
169.25
184.48
178.14
159.12
171.33
183.25
147.77
169.63
180.98
167.92
172.84
195.17
187.22
182.11
189.68
189.3
167.64
180.03
185.61
157.8
160.17
171.33
166.5
174.36
184.95
195.26
175.11
188.83
184.95
181.36
187.7
189.4
159.12
180.51
188.36
171.23
170.19
167.36
190.44
174.07
176.25
176.44
168.68
179.94
182.78
168.3
188.07
203.68
165.65
166.79
182.68
175.02
161.3
172.27
198.95
159.79
172.94
171.71
163.19
180.32
181.45
168.11
159.79
177.48
157.89
158.18
816.25
899.4
891.74
2.69
3.03
1.21
4.07
7.97
2.69
0.87
4.59
-2.25
3.03
-142.49
-194.05
-204.37
-212.17
-212.86
-204.89
-182.09
-198.91
-195.96
-184.69
-186.51
-193.27
-183.05
-194.4
-186.08
-203.85
-200.29
-205.06
-206.97
-194.14
-193.62
-171.09
-162.51
-174.47
-186.6
-156.53
-159.82
-172.56
-173.17
-174.55
-175.25
-196.83
-184
-182.96
-187.73
-183.83
-199.77
-181.57
-158.09
-162.51
-166.84
-164.15
-161.99
-156.96
-178.54
-168.05
-179.41
-182.01
-187.21
-189.63
-183.48
-185.73
-186.17
-182.87
-165.19
-161.64
-163.2
-186.6
-178.45
-175.25
-184.35
-180.1
-176.98
-172.65
-168.57
-170.65
-173.95
-184.43
-190.93
-177.33
63.03
61.11
59.42
57.4
55.65
53.61
51.73
49.96
47.9
46.01
44.3
42.25
40.48
38.49
36.58
34.86
32.83
30.93
29.08
27.24
25.47
23.47
21.58
19.79
17.75
15.92
14.11
12.12
10.38
7.73
5.11
2.68
-0.13
-2.71
-5.34
-7.88
-10.31
-12.34
-14.26
-16.06
-18.05
-19.91
-21.83
-23.68
-25.54
-27.5
-29.35
-31.19
-33.13
-34.99
-36.86
-38.78
-40.59
-42.55
-44.48
-46.24
-48.25
-50.13
-51.93
-53.84
-55.71
-57.69
-59.62
-61.42
-63.37
-65.25
-67.07
-69.07
-70.85
-72.83
-74.67
-75.51
-75.61
-75.61
-75.51
-75.61
-75.5
-75.58
-75.62
-75.51
-75.63
-75.62
-75.32
-73.82
-71.92
-69.94
-67.95
-66.03
-64.18
-62.26
-60.3
-58.5
-56.56
-54.71
-52.82
-50.95
-49.01
-47.14
-45.3
-43.37
-41.41
-39.61
-37.65
-35.74
-33.91
-32.02
-30.19
-28.33
-26.35
-24.51
-22.62
-20.69
-18.81
-16.86
-15.07
-13.17
-11.13
-9.05
-6.43
-3.73
-1.29
1.46
4.02
6.56
9.36
11.31
13.23
15.2
17.01
18.89
20.76
22.64
24.66
26.45
28.35
30.27
32
33.94
35.78
37.73
39.67
41.43
43.36
45.33
47.11
49.02
51.06
52.83
54.88
56.6
58.47
60.51
62.27
64.19
