154
66
89
200.66
203.12
198.76
211.72
207.75
182.78
193.66
183.25
173.98
188.64
185.05
172.18
189.21
186.18
179.84
179.75
207.09
191.2
182.02
203.49
196.4
175.78
193.94
190.82
177.48
192.99
203.12
173.79
191.01
196.87
207.85
194.98
209.36
196.49
182.4
197.53
203.21
177.67
199.62
207.37
186.56
194.6
215.04
203.02
186.09
201.79
187.13
172.75
181.55
185.24
167.54
201.22
198.57
157.42
162.63
182.4
159.5
167.54
178.42
166.98
160.26
184.57
185.24
171.23
180.79
177.01
172.94
165.84
167.92
173.6
161.11
884.46
908.39
902.53
8.32
7.37
5.37
2.6
1.73
6.59
1.99
4.33
-1.39
4.68
-176.2
-185.47
-191.02
-190.67
-206.01
-200.03
-195.18
-197.17
-190.33
-186.86
-187.03
-184.95
-192.93
-200.03
-206.19
-196.57
-205.41
-215.37
-229.33
-222.31
-223.44
-215.46
-209.74
-224.74
-215.81
-218.23
-225
-223.18
-214.59
-216.5
-208.96
-226.9
-216.59
-206.27
-216.44
-215.72
-223.26
-213.47
-202.55
-215.89
-204.54
-184
-199.86
-199.25
-192.75
-196.57
-208.18
-220.31
-212.95
-206.36
-231.84
-221.96
-215.2
-200.73
-199.69
-211.13
-194.31
-202.2
-196.31
-191.54
-206.45
-205.58
-212.34
-213.12
-201.25
-207.4
-232.97
-205.93
-209.65
-217.54
63.19
61.32
59.45
57.57
55.86
53.78
51.92
50
48.11
46.18
44.34
42.47
40.74
38.68
36.79
35.06
33.06
31.2
29.35
27.51
25.61
23.68
21.83
19.93
18.02
16.19
14.28
12.35
10.62
8.09
5.47
2.84
0.26
-2.37
-5.02
-7.54
-10.15
-12.09
-13.99
-15.89
-17.76
-19.65
-21.55
-23.42
-25.35
-27.23
-29.1
-31.01
-32.88
-34.72
-36.61
-38.53
-40.44
-42.27
-44.21
-46.07
-47.97
-49.86
-51.73
-53.65
-55.55
-57.42
-59.31
-61.22
-63.1
-65
-66.86
-68.76
-70.69
-72.54
-74.4
-75.7
-75.82
-75.79
-75.8
-75.8
-75.76
-75.79
-75.83
-75.7
-75.79
-75.82
-75.46
-73.69
-71.78
-69.8
-67.85
-65.92
-64.09
-62.17
-60.3
-58.42
-56.44
-54.6
-52.71
-50.78
-48.94
-47.04
-45.19
-43.26
-41.34
-39.53
-37.57
-35.63
-33.84
-31.97
-30.11
-28.21
-26.23
-24.39
-22.53
-20.66
-18.73
-16.85
-14.97
-13.07
-11.07
-8.88
-6.29
-3.63
-1.16
1.54
4.11
6.72
9.45
11.43
13.33
15.27
17.08
18.94
20.86
22.72
24.62
26.53
28.41
30.24
32.08
33.98
35.88
37.77
39.76
41.54
43.46
45.29
47.15
49.11
51
52.86
54.79
56.67
58.56
60.47
62.34
64.28
