154
66
89
200.97
198.68
208.04
217.78
221.28
187.51
204.63
215.13
174.26
197.53
204.63
195.17
179.65
192.8
187.88
176.15
184.86
177.01
153.92
177.76
192.71
158.94
174.73
181.55
183.82
178.61
183.44
192.52
182.59
200.85
203.4
183.53
204.82
207.56
189.97
216.83
213.62
194.98
203.12
188.64
211.44
188.64
200.28
207.37
172.09
197.16
193.18
164.23
183.72
180.13
157.42
176.06
177.1
161.49
179.18
187.22
187.7
161.3
178.8
175.78
161.96
197.63
188.93
157.8
179.28
181.64
158.94
174.55
171.8
165.08
178.71
935.92
902.62
887.3
4.33
6.93
0.43
2.17
-0.69
-1.13
0.61
1.82
0.61
0.17
-197
-188.51
-181.05
-187.38
-194.49
-183.22
-189.29
-193.01
-176.29
-171.35
-183.22
-169.18
-153.84
-171.78
-171.52
-155.31
-170.13
-162.25
-168.23
-171.17
-172.56
-196.05
-177.41
-203.41
-218.49
-183.65
-215.81
-224.48
-185.39
-210.95
-197.14
-196.83
-201.77
-200.38
-197.69
-186.17
-188.25
-195.01
-171.87
-180.71
-183.13
-161.81
-168.49
-163.63
-160.34
-175.77
-186.43
-164.93
-163.63
-180.45
-197.52
-169.01
-184.43
-202.72
-178.8
-194.23
-204.19
-198.3
-199.86
-211.13
-213.64
-184.61
-196.57
-210.43
-190.24
-202.89
-222.74
-188.16
-198.82
-215.2
63.3
61.4
59.5
57.66
55.79
53.86
51.98
50.1
48.23
46.31
44.42
42.56
40.66
38.78
36.91
35.14
33.15
31.24
29.53
27.58
25.71
23.81
21.88
20.14
18.13
16.25
14.44
12.46
10.54
8.21
5.57
3.13
0.41
-2.27
-4.86
-7.39
-10.06
-11.99
-13.92
-15.82
-17.68
-19.59
-21.47
-23.34
-25.27
-27.16
-29.03
-30.85
-32.75
-34.65
-36.45
-38.42
-40.34
-42.21
-44.1
-45.91
-47.87
-49.78
-51.6
-53.55
-55.46
-57.34
-59.25
-61.09
-63.02
-64.91
-66.74
-68.7
-70.6
-72.46
-74.34
-75.52
-75.59
-75.59
-75.58
-75.61
-75.59
-75.64
-75.61
-75.63
-75.62
-75.6
-75.31
-73.61
-71.76
-69.74
-67.75
-65.85
-63.99
-62.07
-60.14
-58.36
-56.44
-54.54
-52.64
-50.66
-48.83
-46.96
-45.1
-43.17
-41.29
-39.41
-37.49
-35.59
-33.75
-31.89
-30.01
-28.14
-26.25
-24.32
-22.43
-20.59
-18.65
-16.76
-14.93
-12.94
-11.04
-8.8
-6.13
-3.47
-1.05
1.65
4.42
6.84
9.48
11.49
13.41
15.39
17.18
19.05
21.05
22.84
24.72
26.61
28.52
30.45
32.18
34.06
36.09
37.85
39.67
41.63
43.53
45.49
47.25
49.24
51.21
53
54.9
56.74
58.65
60.55
62.43
64.31
