154
66
89
211.82
198.67
188.74
206.33
212.77
200.75
197.53
205.29
192.14
190.63
198.95
207.37
182.97
191.67
200.09
173.41
182.97
184.29
168.11
177.67
169.06
173.69
176.15
181.45
183.53
191.1
193.09
175.96
184.86
192.71
191.2
181.74
198.57
195.74
161.68
193.66
211.63
204.72
192.24
190.16
200.75
193.56
194.03
199.62
196.12
197.91
191.01
174.36
191.2
179.84
177.19
176.34
176.15
177.1
175.11
182.59
177.29
165.65
175.11
175.02
177.67
180.51
185.9
173.88
191.2
195.64
183.72
168.11
187.7
179.65
179.94
586.36
951.15
942.73
5.55
3.12
4.51
3.03
2.69
1.91
1.39
-1.04
5.29
-2.43
-202.29
-179.32
-184
-175.33
-168.4
-177.24
-177.76
-182.44
-175.16
-167.1
-164.24
-171.78
-166.58
-158.61
-163.46
-169.27
-159.21
-165.71
-164.59
-167.27
-165.54
-179.23
-168.14
-170.57
-167.45
-169.79
-167.36
-175.25
-163.98
-169.35
-171.26
-175.25
-181.05
-184.52
-188.94
-175.51
-164.76
-182.27
-170.91
-159.39
-162.51
-162.59
-165.28
-163.11
-161.9
-168.57
-173.95
-161.64
-153.84
-159.3
-161.03
-155.66
-161.64
-169.87
-174.12
-164.24
-159.65
-176.63
-164.24
-162.94
-183.74
-160.08
-157.48
-174.9
-164.24
-159.13
-157.65
-157.74
-155.92
-154.1
63.29
61.38
59.48
57.65
55.93
53.89
51.96
50.26
48.17
46.45
44.41
42.55
40.77
38.75
36.92
35.13
33.14
31.26
29.5
27.58
25.8
23.76
21.91
20.14
18.12
16.22
14.47
12.44
10.7
8.18
5.56
3.12
0.35
-2.27
-4.89
-7.43
-9.95
-12.01
-13.94
-15.71
-17.71
-19.58
-21.48
-23.37
-25.2
-27.2
-29.06
-30.87
-32.77
-34.67
-36.53
-38.42
-40.28
-42.21
-44.12
-45.93
-47.91
-49.73
-51.65
-53.54
-55.39
-57.35
-59.24
-61.08
-63.04
-64.92
-66.8
-68.7
-70.56
-72.46
-74.38
-75.41
-75.51
-75.5
-75.41
-75.5
-75.41
-75.51
-75.51
-75.41
-75.49
-75.48
-75.23
-73.63
-71.73
-69.72
-67.78
-65.86
-64.03
-62.14
-60.3
-58.42
-56.47
-54.63
-52.75
-50.83
-48.98
-47.06
-45.22
-43.32
-41.37
-39.6
-37.63
-35.7
-33.9
-32.03
-30.14
-28.31
-26.33
-24.49
-22.59
-20.64
-18.82
-16.94
-15
-13.13
-11.14
-9.08
-6.36
-3.7
-1.22
1.39
3.99
6.6
9.36
11.31
13.22
15.21
16.99
18.89
20.76
22.66
24.66
26.42
28.32
30.27
31.98
33.88
35.77
37.67
39.66
41.43
43.39
45.32
47.07
49.03
50.92
52.83
54.72
56.6
58.52
60.51
62.3
64.17
