154
66
89
210.99
211.23
224.12
207.12
212.93
223.27
213.24
227.9
200.85
203.78
213.33
189.87
192.33
196.68
194.7
192.05
194.03
205.58
190.72
193.18
208.32
197.06
196.59
202.26
198.2
202.08
193.56
199.05
198.2
205.67
201.41
186.47
192.61
198.2
184.95
208.22
219.01
194.13
210.68
193.37
208.6
214.09
207.09
225.16
204.53
205.86
194.51
181.36
187.22
189.11
170.1
173.79
173.98
161.58
167.45
181.92
173.79
181.92
191.76
183.72
181.64
187.88
190.16
176.25
190.63
182.78
172.75
175.02
183.25
182.49
184.1
917.95
899.4
897.23
8.41
4.16
3.81
3.47
5.03
8.06
6.41
5.03
9.36
5.72
-179.84
-169.44
-174.21
-164.15
-170.22
-159.65
-164.85
-173.95
-158.87
-151.93
-164.24
-159.99
-155.31
-170.91
-158.09
-142.14
-149.07
-155.23
-167.27
-161.64
-165.97
-182.96
-169.09
-184.52
-189.2
-169.61
-196.22
-187.47
-176.37
-191.54
-187.73
-161.55
-186.6
-200.12
-188.07
-173.43
-169.35
-176.2
-163.03
-170.48
-186.25
-154.71
-168.92
-168.14
-159.47
-172.47
-187.47
-167.62
-166.06
-171.78
-180.1
-154.1
-154.19
-173.43
-150.2
-170.13
-180.97
-169.53
-178.11
-186.08
-209.48
-191.19
-198.56
-187.24
-191.37
-197.69
-187.46
-185.04
-196.65
-206.19
63.11
61.23
59.47
57.46
55.56
53.66
51.72
50.02
47.97
46.06
44.33
42.28
40.41
38.51
36.63
34.88
32.89
31
29.29
27.3
25.4
23.51
21.64
19.72
17.85
15.99
14.2
12.16
10.28
7.8
5.17
2.57
-0.03
-2.64
-5.12
-7.8
-10.35
-12.28
-14.19
-16.14
-18
-20.05
-21.68
-23.64
-25.54
-27.45
-29.34
-31.23
-33.06
-34.94
-36.75
-38.73
-40.63
-42.57
-44.42
-46.28
-48.2
-50.11
-51.86
-53.84
-55.73
-57.63
-59.55
-61.38
-63.31
-65.18
-67.02
-69
-70.88
-72.76
-74.63
-75.44
-75.54
-75.57
-75.47
-75.57
-75.54
-75.58
-75.54
-75.47
-75.55
-75.55
-75.27
-73.73
-71.89
-69.86
-67.89
-65.95
-64.13
-62.19
-60.26
-58.46
-56.52
-54.67
-52.75
-50.84
-49.01
-47.09
-45.16
-43.32
-41.46
-39.56
-37.61
-35.74
-33.87
-31.99
-30.09
-28.26
-26.38
-24.43
-22.58
-20.71
-18.79
-16.89
-14.94
-13.07
-11.2
-8.98
-6.38
-3.77
-1.16
1.48
4.23
6.63
9.29
11.34
13.27
15.26
17.07
18.93
20.91
22.72
24.62
26.48
28.38
30.34
32.02
33.96
35.96
37.72
39.57
41.51
43.43
45.25
47.12
49.09
51.12
52.84
54.78
56.64
58.54
60.43
62.31
64.19
