154
66
89
215.98
212.1
199.71
211.25
190.53
171.33
174.83
183.53
159.12
168.68
176.72
175.21
180.13
189.78
180.13
178.8
200.75
190.82
175.78
183.53
196.4
176.82
189.68
191.1
178.42
185.52
196.3
183.72
186.18
197.63
185.71
179.56
191.95
191.1
196.87
202.17
210.12
189.68
199.99
188.74
185.61
194.79
203.78
182.4
196.4
207.09
187.32
176.44
183.25
183.63
174.45
170.19
178.23
179.37
175.87
180.22
183.91
187.6
188.07
174.83
188.83
196.97
200.09
184.95
200.18
191.1
183.72
188.74
188.07
183.72
183.15
960.52
920.5
915.2
1.91
6.5
2.25
1.13
3.9
1.3
1.73
5.11
0.09
1.65
-206.36
-206.97
-212.25
-210.09
-220.23
-203.85
-222.31
-215.03
-198.04
-204.8
-200.12
-179.84
-175.16
-186.25
-179.06
-165.28
-171.61
-164.07
-171.87
-173.17
-176.55
-183.91
-184.43
-211.21
-207.49
-202.72
-216.93
-207.92
-192.32
-209.31
-196.57
-183.31
-211.3
-223.09
-206.62
-196.65
-184
-194.75
-176.89
-194.92
-206.36
-181.92
-196.57
-186.6
-177.59
-186.69
-199.86
-183.39
-178.45
-196.39
-197.26
-181.49
-188.59
-194.75
-182.61
-179.75
-180.27
-168.49
-168.05
-164.07
-178.89
-163.11
-183.57
-197.26
-185.73
-206.36
-226.47
-203.67
-214.07
-223.78
63.29
61.41
59.51
57.68
55.94
53.88
52.01
50.11
48.2
46.34
44.42
42.55
40.78
38.79
36.89
35.02
33.19
31.26
29.43
27.59
25.71
23.81
21.91
20.16
18.14
16.27
14.38
12.47
10.73
8.24
5.56
3.01
0.45
-2.25
-4.82
-7.39
-9.93
-11.98
-13.92
-15.82
-17.65
-19.52
-21.47
-23.34
-25.25
-27.14
-29.03
-30.93
-32.78
-34.65
-36.49
-38.44
-40.25
-42.17
-44.1
-45.97
-47.86
-49.77
-51.66
-53.55
-55.36
-57.35
-59.23
-61.07
-62.99
-64.87
-66.8
-68.68
-70.54
-72.44
-74.34
-75.52
-75.54
-75.54
-75.5
-75.54
-75.46
-75.51
-75.54
-75.52
-75.53
-75.54
-75.26
-73.58
-71.75
-69.68
-67.73
-65.88
-64.02
-62.04
-60.2
-58.3
-56.34
-54.51
-52.61
-50.68
-48.85
-46.94
-45.09
-43.15
-41.22
-39.41
-37.49
-35.6
-33.74
-31.87
-30.04
-28.15
-26.16
-24.3
-22.46
-20.59
-18.66
-16.8
-14.86
-12.94
-10.96
-8.77
-6.11
-3.58
-1.01
1.7
4.26
6.88
9.66
11.51
13.4
15.29
17.17
19.06
20.95
22.84
24.88
26.63
28.52
30.48
32.18
34.06
35.99
37.89
39.87
41.65
43.56
45.38
47.3
49.25
51.13
53.01
55.06
56.74
58.67
60.56
62.47
64.35
