154
66
89
186.47
183.44
175.3
188.45
201.03
178.8
177.67
187.6
157.14
155.34
182.97
158.94
151.56
164.33
166.69
142
167.54
164.23
138.22
159.12
172.09
152.98
161.87
168.11
166.88
170.29
180.41
175.96
171.99
190.82
175.78
164.99
176.72
191.76
157.89
181.17
183.63
157.61
173.79
169.63
175.78
168.59
183.44
176.53
174.07
188.83
184.01
164.61
181.26
181.92
157.23
164.14
188.36
163.19
157.71
182.3
188.83
150.42
169.44
163.48
148.62
164.99
169.91
133.39
148.43
154.3
148.53
158.18
153.16
139.54
154.11
859.1
806.41
802.44
2.69
1.56
1.56
3.21
1.47
1.65
1.47
2.43
5.89
1.3
-158.52
-176.29
-176.72
-174.29
-194.31
-184.87
-195.61
-207.31
-209.83
-211.47
-217.97
-199.51
-200.47
-217.63
-212.25
-233.06
-220.75
-212.77
-232.8
-212.43
-217.37
-226.35
-210.78
-222.57
-223.96
-205.06
-225.69
-218.06
-195.01
-220.14
-227.77
-213.9
-211.99
-230.8
-229.47
-228.2
-221.35
-232.62
-227.68
-226.99
-226.69
-236.7
-207.83
-206.62
-225.78
-204.97
-212.69
-188.77
-177.07
-183.22
-207.49
-191.89
-197.61
-200.47
-211.3
-228.46
-234.53
-234.15
-236.78
-231.85
-238.61
-228.19
-231.2
-236.44
-229.01
-230.18
-227.78
-228.75
-219.36
-224.13
63.11
61.35
59.28
57.42
55.69
53.59
51.73
50
47.92
46.03
44.15
42.24
40.49
38.48
36.57
34.88
32.86
30.95
29.12
27.3
25.53
23.46
21.6
19.83
17.81
15.95
14.06
12.13
10.4
7.75
5.12
2.65
-0.03
-2.59
-5.28
-7.88
-10.26
-12.28
-14.23
-16.04
-18.02
-19.81
-21.81
-23.64
-25.5
-27.46
-29.37
-31.15
-33.07
-34.97
-36.85
-38.76
-40.61
-42.55
-44.44
-46.2
-48.21
-50.07
-51.98
-53.87
-55.7
-57.65
-59.54
-61.42
-63.35
-65.19
-67.11
-69.03
-70.87
-72.79
-74.69
-75.36
-75.44
-75.37
-75.46
-75.47
-75.36
-75.45
-75.44
-75.37
-75.44
-75.46
-75.23
-73.75
-71.88
-69.88
-67.92
-66
-64.19
-62.24
-60.38
-58.53
-56.52
-54.67
-52.8
-50.86
-49.03
-47.1
-45.29
-43.34
-41.39
-39.6
-37.67
-35.7
-33.9
-31.98
-30.19
-28.32
-26.38
-24.46
-22.61
-20.63
-18.82
-16.84
-15.07
-13.12
-11.12
-9.03
-6.39
-3.7
-1.22
1.57
4.03
6.59
9.23
11.32
13.26
15.24
17
19.02
20.78
22.67
24.69
26.45
28.34
30.28
32.01
34.05
35.78
37.64
39.67
41.45
43.36
45.37
47.08
49.21
50.92
52.83
54.89
56.57
58.49
60.53
62.27
64.33
