154
66
89
176.53
180.98
175.49
190.82
185.71
149.76
172.46
179.09
150.8
162.34
177.19
161.58
180.03
171.23
184.57
175.4
187.88
185.14
161.96
165.27
194.89
166.5
176.44
175.11
175.87
163.57
182.21
181.17
169.72
189.97
189.02
169.63
187.7
182.11
176.91
195.74
197.06
174.55
174.36
181.45
188.45
171.8
180.03
185.05
174.26
172.46
184.57
165.56
168.77
171.61
159.5
154.3
168.77
174.26
169.82
173.69
179.75
162.15
178.61
170.38
174.73
176.82
189.11
167.83
169.72
181.45
160.17
153.92
167.26
167.17
150.61
455.24
845.95
828.07
6.93
1.99
4.77
7.37
10.05
7.11
4.68
6.93
7.19
7.63
-191.11
-182.96
-202.46
-197
-204.71
-220.14
-210.61
-207.23
-222.74
-192.06
-206.27
-210.87
-169.79
-181.75
-195.79
-177.67
-171.69
-170.65
-182.53
-173.6
-188.94
-217.97
-190.07
-209.65
-214.68
-189.63
-208.79
-206.47
-200.64
-201.51
-206.6
-217.89
-211.21
-207.17
-209.83
-205.75
-214.42
-210.95
-190.15
-202.89
-197.09
-184.09
-189.63
-204.28
-187.9
-185.47
-215.37
-197
-175.94
-194.05
-207.14
-178.02
-192.75
-203.59
-184.17
-191.11
-194.23
-184.69
-185.99
-186.25
-186.95
-179.93
-173.69
-190.24
-180.27
-187.12
-211.3
-194.05
-205.84
-208.7
63.21
61.47
59.4
57.58
55.85
53.75
51.85
49.96
48.05
46.34
44.27
42.4
40.43
38.62
36.75
34.85
32.99
31.21
29.24
27.43
25.64
23.59
21.72
19.83
17.95
16.2
14.18
12.29
10.52
7.99
5.35
2.7
0.13
-2.35
-5.11
-7.65
-10.17
-12.19
-14.09
-15.91
-17.86
-19.68
-21.64
-23.5
-25.4
-27.32
-29.24
-31.02
-32.99
-34.74
-36.73
-38.65
-40.45
-42.38
-44.29
-46.1
-48.07
-50.02
-51.85
-53.72
-55.57
-57.52
-59.43
-61.28
-63.21
-65.01
-66.99
-68.87
-70.74
-72.65
-74.52
-75.67
-75.75
-75.64
-75.72
-75.74
-75.67
-75.75
-75.74
-75.74
-75.75
-75.68
-75.5
-73.67
-71.75
-69.68
-67.77
-65.91
-63.99
-62.02
-60.24
-58.34
-56.4
-54.52
-52.65
-50.78
-48.86
-46.89
-45.14
-43.18
-41.25
-39.46
-37.5
-35.64
-33.77
-31.82
-30.07
-28.19
-26.15
-24.32
-22.49
-20.6
-18.67
-16.69
-14.92
-12.97
-10.98
-8.83
-6.15
-3.5
-0.98
1.8
4.25
6.81
9.62
11.48
13.38
15.35
17.15
19.04
20.9
22.83
24.81
26.59
28.49
30.42
32.15
34.2
35.94
37.86
39.82
41.61
43.55
45.5
47.28
49.21
51.09
52.99
55.01
56.72
58.64
60.52
62.42
64.48
