154
66
89
186.56
180.69
187.51
186.84
202.17
185.8
200.66
188.26
172.94
180.13
184.01
175.78
171.71
173.98
161.87
160.17
170.57
177.48
163.29
161.58
177.76
164.04
170.95
167.45
174.36
168.11
173.69
176.82
178.61
185.05
169.34
165.18
181.07
178.8
158.75
187.03
181.92
163.38
161.58
172.46
174.64
174.26
178.9
180.03
180.51
181.26
185.99
168.77
180.22
173.98
166.31
170.95
163
172.18
171.14
177.48
181.17
178.23
164.14
166.6
153.73
162.72
165.65
149.76
156.67
156.76
156.67
148.53
157.99
166.6
163.76
910.38
890.7
878.88
9.27
5.89
8.67
5.46
7.63
7.37
0.61
5.03
8.06
9.19
-179.15
-199.86
-187.99
-193.62
-187.81
-190.15
-193.45
-199.77
-194.4
-195.7
-194.75
-193.97
-193.27
-203.59
-201.94
-191.28
-187.47
-194.83
-191.89
-190.85
-207.49
-216.59
-202.72
-207.31
-215.03
-191.02
-205.41
-201.16
-189.11
-206.27
-198.91
-196.48
-212.43
-223.44
-230.02
-207.05
-203.59
-223.87
-200.21
-197.87
-216.41
-207.83
-200.47
-179.41
-192.06
-190.67
-196.13
-182.18
-183.48
-177.85
-204.89
-181.31
-197.69
-208.87
-199.77
-203.41
-210.35
-223.52
-212.86
-220.31
-215.64
-227.34
-224.13
-215.67
-212.39
-226.47
-215.6
-222.22
-205.75
-206.19
63.22
61.31
59.47
57.6
55.91
53.81
51.93
50.03
48.14
46.24
44.35
42.48
40.74
38.71
36.8
34.94
33.08
31.2
29.27
27.5
25.64
23.75
21.81
19.95
18.08
16.19
14.29
12.37
10.49
8.14
5.49
3.05
0.29
-2.34
-4.96
-7.57
-9.98
-12.07
-13.99
-15.78
-17.77
-19.64
-21.55
-23.42
-25.26
-27.23
-29.16
-31.03
-32.84
-34.71
-36.59
-38.49
-40.46
-42.24
-44.2
-46.04
-47.93
-49.85
-51.74
-53.62
-55.45
-57.43
-59.3
-61.15
-63.08
-65
-66.84
-68.77
-70.61
-72.5
-74.4
-75.33
-75.44
-75.42
-75.41
-75.43
-75.32
-75.44
-75.41
-75.41
-75.42
-75.43
-75.18
-73.7
-71.79
-69.78
-67.88
-65.99
-64.09
-62.23
-60.35
-58.48
-56.58
-54.68
-52.83
-50.94
-49.05
-47.16
-45.32
-43.39
-41.46
-39.64
-37.7
-35.77
-33.97
-32.09
-30.28
-28.37
-26.39
-24.56
-22.67
-20.7
-18.9
-16.99
-15.13
-13.19
-11.28
-9.13
-6.5
-3.95
-1.34
1.33
3.9
6.5
9.13
11.26
13.16
15.04
16.93
18.83
20.73
22.59
24.65
26.38
28.26
30.25
31.92
33.82
35.71
37.61
39.58
41.38
43.29
45.14
46.99
48.98
50.85
52.75
54.81
56.54
58.41
60.35
62.23
64.1
