154
66
89
187.98
176.82
201.7
209.45
193.84
191.57
194.03
188.17
195.07
193.28
200.28
170.67
186.56
196.59
169.53
180.79
199.62
185.14
191.29
205.86
201.03
171.71
192.43
180.88
175.78
171.42
189.78
193.18
192.52
201.89
207.75
193.66
201.89
196.68
195.45
197.06
200.85
177.1
210.31
204.63
176.82
176.25
182.21
203.49
183.34
191.48
211.54
182.4
193.47
195.93
196.97
196.78
191.01
172.27
176.44
190.44
182.21
166.31
179.75
207.66
169.34
184.57
177.76
171.9
185.14
185.05
165.46
171.9
170.1
154.77
164.71
939.8
867.33
862.7
-0.69
4.33
0.87
3.99
1.65
1.13
1.91
4.33
-1.04
-0.43
-202.89
-185.56
-188.51
-198.82
-200.03
-184.17
-185.13
-186.95
-193.88
-192.67
-188.42
-210.95
-183.91
-194.05
-195.53
-196.74
-209.91
-206.79
-183.91
-204.8
-206.45
-186.08
-178.89
-207.23
-180.01
-170.05
-174.47
-194.05
-170.13
-184.17
-181.66
-194.4
-212.25
-189.63
-200.29
-198.47
-212.6
-185.56
-177.07
-178.19
-180.79
-166.41
-171.26
-170.83
-167.45
-177.93
-184.43
-187.73
-203.67
-204.28
-217.97
-216.41
-217.63
-199.08
-199.43
-201.59
-186.86
-198.82
-214.42
-202.89
-221.61
-209.65
-225.78
-211.73
-203.07
-215.46
-207.57
-207.83
-225.69
-193.71
63.11
61.22
59.33
57.43
55.69
53.67
51.76
50
47.97
46.07
44.16
42.27
40.54
38.51
36.61
34.88
32.89
30.99
29.13
27.31
25.55
23.49
21.61
19.85
17.81
15.96
14.07
12.17
10.42
7.79
5.17
2.71
-0.01
-2.67
-5.26
-7.79
-10.27
-12.29
-14.2
-15.99
-17.98
-19.88
-21.78
-23.65
-25.58
-27.45
-29.33
-31.22
-33.07
-34.99
-36.81
-38.72
-40.65
-42.55
-44.43
-46.21
-48.19
-50.1
-51.97
-53.81
-55.77
-57.69
-59.57
-61.46
-63.31
-65.19
-67.13
-69
-70.9
-72.78
-74.62
-75.82
-75.82
-75.82
-75.85
-75.84
-75.81
-75.81
-75.81
-75.76
-75.82
-75.82
-75.52
-73.72
-71.91
-69.82
-67.88
-65.98
-64.12
-62.19
-60.35
-58.45
-56.55
-54.64
-52.75
-50.87
-48.95
-47.05
-45.25
-43.33
-41.38
-39.56
-37.6
-35.77
-33.9
-31.99
-30.19
-28.31
-26.28
-24.43
-22.57
-20.72
-18.78
-16.9
-15.07
-13.11
-11.2
-9
-6.36
-3.69
-1.22
1.47
4.09
6.65
9.44
11.36
13.25
15.26
17.04
18.89
20.81
22.71
24.69
26.47
28.36
30.32
32.04
33.97
35.83
37.73
39.7
41.51
43.38
45.38
47.15
49.05
50.95
52.89
54.91
56.61
58.56
60.56
62.3
64.24
