156
67
90
199.33
201.22
186.56
219.96
221.47
198.1
213.24
201.03
191.29
205.1
206.81
194.51
190.91
203.78
196.78
175.3
195.55
182.11
165.75
176.53
180.41
150.33
175.3
183.72
177.29
168.77
177.57
177.48
164.23
175.49
178.23
170.76
174.26
168.02
162.72
172.18
177.29
188.26
181.17
180.32
182.87
161.02
189.59
194.98
174.83
185.05
174.73
169.53
198.86
190.72
187.13
203.4
217.78
193.09
179.75
188.45
177.1
166.88
171.99
164.42
155.81
168.3
178.9
170.67
188.93
191.67
185.33
177.57
189.49
196.49
179.65
218.54
917
900.63
897.89
4.59
5.72
5.63
5.37
5.72
5.46
4.33
6.93
5.81
0.69
9.71
-182.18
-226.64
-219.36
-207.31
-217.89
-208.27
-197.95
-205.93
-199.86
-191.89
-208.61
-204.89
-207.14
-230.63
-218.41
-231.58
-224.84
-225.75
-224.04
-223.72
-226.19
-224.56
-211.56
-235.05
-210.35
-202.2
-212.43
-208.61
-200.12
-198.56
-203.5
-207.83
-195.09
-211.3
-208.01
-172.39
-201.07
-195.01
-187.99
-199.51
-208.96
-194.66
-197.09
-199.25
-206.36
-198.99
-199.17
-217.37
-187.99
-213.64
-198.73
-198.13
-210.26
-217.37
-213.55
-220.75
-223.93
-224.39
-234.01
-227.14
-224.71
-231.58
-229.28
-224.58
-223.76
-230.17
-230.32
-227.14
-223.13
-234.88
63.24
61.52
59.45
57.59
55.89
53.83
51.93
50.17
48.12
46.27
44.37
42.49
40.76
38.72
36.85
35.09
33.12
31.22
29.33
27.56
25.75
23.74
21.85
20.12
18.09
16.33
14.32
12.42
10.64
8.16
5.51
2.88
0.33
-2.2
-4.95
-7.48
-10.02
-12.04
-13.95
-15.75
-17.75
-19.51
-21.53
-23.4
-25.24
-27.2
-29.1
-30.91
-32.82
-34.72
-36.56
-38.48
-40.29
-42.25
-44.21
-45.98
-47.94
-49.8
-51.73
-53.62
-55.45
-57.38
-59.28
-61.14
-63.08
-64.9
-66.85
-68.75
-70.56
-72.49
-74.37
-75.78
-75.78
-75.68
-75.8
-75.79
-75.68
-75.81
-75.81
-75.69
-75.85
-75.79
-75.78
-75.78
-75.47
-73.88
-71.97
-69.89
-67.99
-66.06
-64.21
-62.31
-60.39
-58.55
-56.64
-54.73
-52.86
-50.9
-49.11
-47.19
-45.28
-43.44
-41.53
-39.61
-37.73
-35.77
-34
-32.08
-30.17
-28.38
-26.45
-24.47
-22.68
-20.69
-18.9
-16.97
-15.05
-13.17
-11.28
-9.12
-6.49
-3.93
-1.33
1.36
4.1
6.53
9.16
11.38
13.17
15.14
16.92
18.83
20.8
22.63
24.53
26.53
28.31
30.13
31.96
33.88
35.86
37.63
39.45
41.51
43.32
45.24
47.05
49
50.99
52.8
54.67
56.69
58.44
60.48
62.19
64.13
