150
64
87
213.14
218.45
228.19
199.99
223.74
233.39
199.05
210.12
231.78
204.72
209.74
217.79
221
204.53
217.43
222.7
186.56
209.08
219.61
171.42
203.49
198.57
189.59
188.17
205.39
183.06
195.93
228.47
208.98
188.17
221.85
219.29
193.09
218.5
222.38
206.62
218
217.6
228.09
206.99
217.5
216.55
192.71
222.79
215.7
180.6
194.79
212.2
165.37
194.89
195.07
165.65
189.4
203.59
205.86
201.6
220.14
224.02
206.24
218.05
220.93
197.34
233.2
234.62
185.05
187.79
194.89
185.71
185.9
982.56
936.02
937.72
0.52
-1.82
1.21
-1.39
1.73
3.29
-1.56
-2.6
1.56
2.34
-212.08
-221.35
-223.09
-220.4
-232.54
-239.04
-240.41
-239.73
-242.85
-238.82
-239.26
-239.64
-223.35
-219.97
-215.2
-202.2
-199.17
-189.89
-223.09
-209.91
-210.61
-237.94
-218.41
-231.5
-241.21
-242.07
-242.59
-241.51
-239.26
-242.25
-239.84
-242.07
-242.68
-239.28
-248.29
-237.72
-227.51
-238.28
-227.77
-232.8
-223.96
-220.92
-227.77
-192.32
-207.92
-215.98
-220.05
-227.68
-212.6
-220.23
-242.4
-232.8
-238.17
-238.59
-238.07
-242.59
-235.4
-241.03
-232.36
-229.24
-238.59
-216.67
-212.86
-243.8
-221.09
-229.59
-224.22
-222.22
59.56
57.9
55.84
53.92
52.03
50.15
48.21
46.35
44.46
42.58
40.65
38.79
36.9
35.02
33.16
31.27
29.4
27.73
25.7
23.76
21.9
20.03
18.11
16.22
14.36
12.56
10.61
8.22
5.7
2.92
0.38
-2.24
-4.91
-7.25
-10.07
-12
-13.82
-15.83
-17.71
-19.59
-21.51
-23.36
-25.28
-27.16
-29.06
-30.96
-32.78
-34.65
-36.53
-38.42
-40.34
-42.23
-44.14
-46
-47.9
-49.82
-51.65
-53.48
-55.46
-57.36
-59.17
-61.18
-63.01
-64.9
-66.83
-68.64
-70.6
-72.49
-74.3
-75.54
-75.54
-75.54
-75.54
-75.45
-75.56
-75.54
-75.54
-75.54
-75.55
-75.52
-75.28
-73.66
-71.82
-69.75
-67.76
-65.9
-64
-62.13
-60.23
-58.29
-56.45
-54.54
-52.56
-50.77
-48.85
-46.98
-45.12
-43.14
-41.29
-39.44
-37.45
-35.67
-33.76
-31.91
-30.11
-28.1
-26.27
-24.33
-22.46
-20.57
-18.67
-16.8
-14.93
-12.99
-11.09
-8.77
-6.28
-3.63
-1.07
1.63
4.23
6.97
9.43
11.46
13.51
15.28
17.17
19.01
20.92
22.92
24.73
26.6
28.59
30.32
32.16
34.05
35.94
37.97
39.71
41.6
43.55
45.34
47.24
49.22
51.1
52.97
54.88
56.74
58.64
60.51
