150
64
87
202.19
205.29
207.18
202.26
218.06
223.27
201.79
203.97
203.87
202.08
196.78
194.03
209.08
181.36
186.65
199.43
178.23
182.11
194.51
177.86
177.67
195.36
189.59
184.95
186.37
197.06
187.22
206.81
215.7
195.93
208.04
206.62
198.76
214.47
221
173.41
187.41
190.44
189.97
177.76
192.99
190.34
174.07
183.44
182.49
177.76
181.55
179.65
167.64
178.61
180.88
173.41
179.37
187.7
182.87
182.87
184.86
184.29
165.08
185.52
188.74
184.57
176.82
188.07
171.14
169.91
175.96
176.15
171.42
989
935.73
930.15
2.17
5.2
5.89
0.69
9.01
2.08
2.25
2.86
-5.37
2.86
-225.43
-221.61
-210.35
-228.64
-223.44
-221.09
-225.52
-230.83
-226.99
-210.78
-227.68
-226.56
-217.54
-227.51
-212.95
-195.09
-214.85
-204.71
-197.95
-200.99
-213.29
-211.91
-211.3
-235.22
-219.62
-196.91
-228.9
-228.62
-205.93
-229.59
-234.36
-225.43
-234.18
-229.68
-233.97
-230.81
-229.62
-228.42
-222.74
-230.27
-228.45
-202.37
-217.11
-228.81
-196.13
-205.06
-228.81
-202.46
-193.1
-208.18
-217.8
-186.77
-203.5
-216.93
-204.8
-214.42
-231.41
-202.11
-213.99
-237.48
-228.23
-222.05
-229.14
-232.95
-233.4
-231.54
-240.23
-235.64
59.5
57.68
55.77
53.86
51.96
50.1
48.31
46.25
44.37
42.5
40.6
38.72
36.83
34.95
33.22
31.16
29.35
27.64
25.67
23.74
21.82
19.96
18.17
16.16
14.26
12.52
10.5
8.09
5.51
2.87
0.26
-2.36
-5.01
-7.38
-10.16
-12.08
-14.02
-15.92
-17.67
-19.66
-21.54
-23.34
-25.36
-27.25
-29.12
-31.03
-32.79
-34.72
-36.58
-38.45
-40.4
-42.31
-44.22
-46.06
-47.9
-49.85
-51.73
-53.56
-55.52
-57.5
-59.29
-61.21
-63.05
-64.95
-66.87
-68.72
-70.69
-72.53
-74.45
-75.61
-75.54
-75.61
-75.61
-75.52
-75.6
-75.61
-75.6
-75.61
-75.51
-75.62
-75.31
-73.67
-71.92
-69.76
-67.84
-65.99
-64.02
-62.16
-60.3
-58.36
-56.52
-54.63
-52.74
-50.86
-48.95
-47.05
-45.2
-43.29
-41.39
-39.53
-37.59
-35.7
-33.84
-31.94
-30.12
-28.25
-26.32
-24.41
-22.55
-20.69
-18.73
-16.85
-15
-13.04
-11.14
-8.9
-6.27
-3.75
-1.01
1.53
4.12
6.74
9.37
11.44
13.31
15.2
17.2
18.95
20.83
22.77
24.66
26.52
28.39
30.28
32.22
34.01
35.9
37.76
39.62
41.56
43.44
45.29
47.3
49.12
50.99
53.05
54.81
56.65
58.57
60.47
