154
66
89
193.47
184.95
164.33
176.63
193.37
165.65
166.79
165.84
155.06
170.19
182.21
167.54
166.98
183.91
157.33
152.22
158.94
163.19
154.68
163.67
157.42
150.61
163.29
175.11
159.79
160.26
173.79
173.79
162.25
189.68
183.53
164.99
178.61
173.6
172.37
187.6
185.71
161.58
173.41
181.55
176.82
164.42
184.01
170.19
163
168.77
169.15
155.72
160.17
160.92
145.12
170.48
178.99
153.92
178.8
174.26
174.92
176.82
181.17
175.3
169.06
181.17
191.67
167.17
177.67
179.56
168.4
160.92
173.79
159.03
157.61
982.09
916.81
907.45
5.81
3.73
1.73
5.29
3.03
2.43
2.6
-2.08
4.16
2.34
-196.22
-190.59
-183.65
-185.04
-190.5
-185.39
-194.31
-208.7
-193.27
-178.8
-194.75
-181.05
-178.02
-180.97
-178.11
-164.24
-185.21
-171.26
-184.26
-184.09
-167.36
-173.69
-179.67
-195.18
-200.38
-187.03
-208.18
-204.28
-189.63
-195.79
-203.24
-184
-209.74
-207.92
-211.04
-203.85
-184.95
-181.57
-174.03
-175.68
-183.57
-164.33
-159.56
-169.44
-165.02
-166.67
-182.09
-167.88
-173.77
-168.83
-178.02
-170.13
-185.21
-186.17
-179.75
-186.69
-197.69
-196.13
-199.43
-213.47
-208.18
-206.27
-211.65
-222.14
-215.11
-199.71
-205.26
-205.84
-201.16
-201.64
63.18
61.31
59.52
57.54
55.68
53.75
51.85
50.1
48.09
46.19
44.3
42.44
40.55
38.67
36.75
34.89
33.05
31.14
29.31
27.5
25.55
23.68
21.78
20.05
18.01
16.13
14.26
12.35
10.43
8.05
5.41
2.91
0.22
-2.42
-4.88
-7.55
-10.2
-12.11
-14.02
-15.85
-17.79
-19.66
-21.48
-23.47
-25.4
-27.27
-29.16
-30.96
-32.89
-34.75
-36.58
-38.51
-40.42
-42.34
-44.22
-46.03
-47.99
-49.87
-51.7
-53.66
-55.54
-57.45
-59.36
-61.2
-63.14
-64.99
-66.84
-68.78
-70.71
-72.56
-74.46
-75.53
-75.63
-75.61
-75.56
-75.58
-75.62
-75.58
-75.6
-75.51
-75.63
-75.61
-75.31
-73.75
-71.87
-69.83
-67.89
-66.01
-64.12
-62.19
-60.34
-58.43
-56.54
-54.62
-52.75
-50.88
-48.97
-47.04
-45.22
-43.29
-41.4
-39.55
-37.61
-35.66
-33.86
-31.97
-30.15
-28.28
-26.34
-24.43
-22.55
-20.61
-18.78
-16.88
-15.05
-13.07
-11.2
-8.93
-6.3
-3.61
-1.13
1.52
4.09
6.69
9.3
11.39
13.28
15.17
17.05
18.93
20.95
22.75
24.61
26.53
28.38
30.34
32.04
33.97
35.97
37.76
39.59
41.5
43.43
45.41
47.14
49.11
51.11
52.9
54.77
56.62
58.54
60.59
62.29
64.22
