154
66
89
200.87
201.65
199.88
202.7
207.8
200.73
199.46
201.56
199.99
206.99
199.76
188.74
190.63
204.63
193.09
195.07
201.32
195.74
166.98
170.76
195.36
158.08
167.17
178.9
157.89
162.91
173.79
172.65
170.95
191.57
185.71
173.13
190.44
188.93
179.37
209.27
211.16
187.98
191.76
190.53
189.97
195.36
198.57
206.14
194.32
190.06
190.34
178.23
193.47
178.23
158.75
170.57
167.17
159.41
163.67
174.92
156.19
166.03
174.07
156.95
168.4
171.9
170.48
162.81
171.14
172.18
152.03
170.38
163.38
152.22
161.11
951.63
913.78
908.11
3.55
6.59
5.2
5.89
5.37
6.41
4.42
2.86
3.55
3.64
-174.81
-171.61
-168.05
-173.77
-170.31
-162.16
-173.6
-182.18
-180.53
-152.97
-162.42
-150.63
-146.65
-159.13
-150.29
-147.86
-158.43
-147.34
-155.4
-165.28
-162.59
-195.18
-183.39
-205.23
-204.8
-194.92
-216.41
-210
-178.54
-198.39
-204.8
-188.85
-201.94
-206.97
-216.59
-187.73
-176.72
-178.89
-160.43
-173.08
-167.45
-147.17
-148.9
-151.15
-146.13
-155.92
-169.44
-161.81
-154.53
-167.88
-194.05
-156.35
-174.64
-190.93
-187.29
-191.02
-203.41
-191.89
-200.21
-209.05
-197.22
-212.25
-218.23
-200.45
-194.53
-200.21
-200.51
-204.97
-194.6
-197
63.16
61.31
59.38
57.55
55.85
53.77
51.88
50.14
48.09
46.19
44.33
42.44
40.68
38.65
36.81
35.06
33.04
31.15
29.3
27.48
25.75
23.68
21.79
19.99
18.04
16.14
14.28
12.33
10.49
8.07
5.48
2.85
0.23
-2.4
-4.98
-7.57
-10.04
-12.1
-14
-15.81
-17.78
-19.68
-21.59
-23.44
-25.27
-27.26
-29.16
-30.95
-32.89
-34.75
-36.65
-38.55
-40.38
-42.31
-44.21
-46.03
-48
-49.9
-51.77
-53.63
-55.49
-57.45
-59.32
-61.14
-63.11
-65
-66.9
-68.79
-70.69
-72.57
-74.43
-75.44
-75.54
-75.54
-75.53
-75.53
-75.53
-75.54
-75.53
-75.55
-75.52
-75.52
-75.24
-73.74
-71.83
-69.82
-67.88
-65.95
-64.09
-62.15
-60.32
-58.43
-56.48
-54.62
-52.7
-50.84
-48.95
-47.05
-45.22
-43.29
-41.33
-39.55
-37.61
-35.67
-33.85
-32
-30.12
-28.26
-26.34
-24.42
-22.52
-20.61
-18.73
-16.86
-15
-13.07
-11.06
-8.94
-6.29
-3.62
-1.14
1.46
4.1
6.71
9.48
11.38
13.29
15.29
17.07
18.93
20.85
22.75
24.74
26.52
28.39
30.36
32.08
33.98
35.84
37.76
39.73
41.53
43.43
45.42
47.15
49.12
50.98
52.89
54.71
56.62
58.54
60.58
62.36
64.24
