154
66
89
183.15
194.79
201.7
205.01
194.51
182.97
176.53
174.36
157.89
162.53
175.21
172.94
159.31
165.84
190.44
183.53
194.6
194.22
163.29
181.55
198.2
174.07
173.79
175.02
175.02
170.29
196.59
194.03
169.44
182.11
185.05
169.91
175.02
177.86
166.31
191.86
189.97
161.21
183.91
186.09
191.38
188.74
205.29
204.16
185.42
187.6
180.98
169.44
170.38
159.98
139.73
158.94
168.49
155.81
168.4
172.18
174.64
169.34
175.59
167.54
177.95
188.45
186.47
168.96
180.32
189.78
164.33
171.8
181.45
162.63
157.89
848.51
904.51
891.65
8.58
7.8
8.41
4.51
3.21
4.42
10.23
7.45
6.07
6.76
-169.01
-206.62
-224.3
-222.14
-215.46
-205.75
-223.26
-218.41
-213.29
-193.45
-193.71
-185.04
-172.56
-175.07
-169.44
-175.07
-171.43
-170.91
-178.37
-185.82
-198.99
-213.38
-212.77
-221.7
-217.8
-213.21
-212.86
-213.27
-206.53
-214.03
-213.81
-215.89
-218.58
-231.24
-212.95
-226.12
-215.11
-206.27
-198.39
-206.1
-211.65
-193.19
-206.1
-213.38
-213.12
-199.17
-229.94
-208.7
-195.09
-205.23
-205.93
-184.95
-194.14
-201.33
-202.63
-208.01
-202.89
-194.05
-185.73
-191.8
-205.84
-188.59
-197.09
-196.39
-205.67
-217.97
-218.67
-212.34
-212.4
-224.22
63.2
61.5
59.41
57.56
55.86
53.75
52.03
50
48.07
46.36
44.29
42.38
40.65
38.65
36.73
34.85
32.99
31.23
29.24
27.41
25.66
23.63
21.74
19.84
17.95
16.19
14.19
12.28
10.5
7.97
5.52
2.68
0.14
-2.43
-5.04
-7.65
-10.16
-12.17
-14.08
-16
-17.88
-19.65
-21.65
-23.54
-25.38
-27.33
-29.21
-31.13
-32.94
-34.79
-36.73
-38.62
-40.44
-42.39
-44.31
-46.19
-48.09
-49.9
-51.86
-53.75
-55.54
-57.52
-59.42
-61.33
-63.2
-65.04
-66.98
-68.89
-70.72
-72.65
-74.48
-75.41
-75.43
-75.32
-75.39
-75.41
-75.32
-75.41
-75.42
-75.32
-75.4
-75.32
-75.17
-73.64
-71.77
-69.71
-67.77
-65.92
-64
-62.04
-60.24
-58.37
-56.37
-54.53
-52.59
-50.78
-48.88
-46.88
-45.12
-43.22
-41.24
-39.47
-37.52
-35.66
-33.82
-31.84
-30.08
-28.21
-26.17
-24.39
-22.47
-20.62
-18.66
-16.79
-14.93
-12.94
-10.97
-8.81
-6.19
-3.67
-1.06
1.74
4.23
6.81
9.59
11.48
13.49
15.27
17.17
19.15
20.86
22.83
24.84
26.58
28.59
30.32
32.14
34.21
35.93
37.85
39.84
41.63
43.49
45.5
47.27
49.35
51.08
52.99
55
56.75
58.66
60.67
62.37
64.49
