148
63
86
187.6
175.49
175.02
173.79
168.02
174.55
177.29
181.83
169.91
179.09
181.17
184.1
180.6
176.91
185.71
177.19
197.63
187.79
182.97
188.74
190.91
173.5
167.36
178.52
184.29
182.97
182.87
188.45
184.29
183.25
181.07
209.17
200.28
190.82
202.17
198.86
204.63
190.16
186.09
179.65
191.95
185.8
172.94
175.3
189.97
181.07
169.63
186.37
181.64
191.76
171.9
166.69
174.73
179.46
175.59
171.9
187.22
177.76
172.94
159.22
174.92
169.34
163.67
171.8
160.73
166.41
153.64
168.96
943.77
907.07
909.24
7.02
3.21
0.87
7.28
1.65
2.69
1.56
10.14
2.6
4.59
-223.78
-218.41
-211.39
-224.65
-236.44
-230.46
-218.23
-220.31
-226.3
-225.52
-220.05
-223.7
-216.76
-208.96
-217.8
-223.87
-233.58
-235.05
-239.04
-241.12
-237.13
-239.21
-222.31
-239.9
-231.58
-231.58
-232.54
-226.73
-228.46
-233.05
-233.75
-233.83
-234.31
-231.93
-232.28
-236.61
-233.03
-229.33
-221.35
-225.17
-227.08
-219.71
-220.66
-204.11
-203.33
-212.86
-218.75
-230.2
-233.62
-233.81
-233.38
-236.52
-233.03
-225.26
-216.85
-215.37
-204.97
-212.77
-222.4
-222.22
-223.61
-236.52
-238.43
-234.01
-234.62
-235.11
-239.57
57.52
55.63
53.88
51.83
49.95
48.07
46.14
44.4
42.36
40.48
38.69
36.73
34.81
32.94
31.07
29.23
27.4
25.49
23.58
21.7
19.81
17.91
16.04
14.24
12.24
10.38
8.07
5.31
2.68
0.06
-2.55
-4.97
-7.74
-10.27
-12.09
-14.12
-16.02
-17.95
-19.79
-21.69
-23.53
-25.5
-27.39
-29.29
-31.13
-32.99
-34.89
-36.72
-38.65
-40.58
-42.42
-44.35
-46.21
-48.1
-49.99
-51.82
-53.79
-55.62
-57.52
-59.48
-61.35
-63.25
-65.14
-66.94
-68.9
-70.83
-72.63
-74.56
-75.78
-75.77
-75.79
-75.68
-75.79
-75.79
-75.68
-75.81
-75.78
-75.78
-75.75
-75.41
-73.64
-71.88
-69.67
-67.78
-65.95
-64.06
-62.14
-60.25
-58.37
-56.47
-54.58
-52.68
-50.81
-48.94
-47.01
-45.16
-43.26
-41.37
-39.51
-37.54
-35.7
-33.77
-31.94
-30.01
-28.21
-26.28
-24.37
-22.49
-20.61
-18.72
-16.83
-14.86
-13.03
-11.08
-8.71
-6.24
-3.71
-1.09
1.58
4.33
6.8
9.38
11.53
13.34
15.22
17.14
19
21.03
22.78
24.67
26.69
28.48
30.27
32.14
34.03
36.03
37.84
39.66
41.71
43.46
45.34
47.21
49.14
51.2
52.95
54.8
56.7
58.6
