154
66
89
193.47
185.71
176.82
175.11
183.91
183.82
183.72
199.24
173.98
168.68
190.34
166.22
162.15
175.21
172.18
161.96
174.92
175.11
159.6
164.04
171.23
161.58
163.19
183.82
161.49
158.56
169.72
165.37
158.65
187.03
179.84
155.06
163.1
173.98
168.87
182.11
183.06
168.68
169.34
182.87
175.49
172.84
182.21
182.11
174.64
187.88
187.32
160.54
168.59
183.72
156.19
173.13
168.02
163.1
167.26
175.96
167.92
163.57
182.11
169.63
164.42
178.52
183.82
153.07
167.45
173.22
153.64
165.27
176.82
171.52
169.44
700.45
907.92
889.47
3.73
0.69
2.34
6.07
1.56
3.29
1.56
4.85
4.33
0
-173.17
-192.23
-182.09
-182.61
-185.65
-199.86
-195.27
-199.25
-197.17
-191.02
-199.34
-191.71
-183.57
-205.41
-190.76
-180.36
-180.62
-178.63
-181.05
-171.17
-178.19
-180.88
-180.88
-183.91
-188.94
-178.11
-202.98
-202.46
-170.05
-184
-187.21
-171.52
-178.45
-190.07
-196.57
-180.97
-165.37
-158.87
-147.95
-162.94
-167.19
-158.26
-164.59
-161.12
-158.17
-174.21
-185.13
-168.31
-166.41
-176.2
-180.1
-170.13
-178.37
-173.43
-176.81
-190.15
-189.55
-196.48
-193.36
-205.75
-209.74
-191.37
-204.89
-206.1
-199.17
-186.86
-192.41
-178.45
-183.05
-181.31
63.2
61.44
59.38
57.51
55.78
53.72
51.86
50.11
48.04
46.24
44.26
42.36
40.61
38.6
36.7
34.97
32.96
31.23
29.21
27.39
25.64
23.57
21.69
19.93
17.92
16.21
14.16
12.24
10.45
7.93
5.27
2.84
0.06
-2.53
-5.11
-7.69
-10.19
-12.2
-14.15
-15.97
-17.91
-19.8
-21.71
-23.56
-25.44
-27.35
-29.27
-31.09
-32.98
-34.87
-36.74
-38.65
-40.46
-42.41
-44.33
-46.12
-48.11
-49.93
-51.9
-53.76
-55.61
-57.55
-59.46
-61.31
-63.25
-65.13
-67.02
-68.91
-70.75
-72.68
-74.56
-75.49
-75.61
-75.61
-75.62
-75.6
-75.53
-75.61
-75.6
-75.49
-75.59
-75.61
-75.34
-73.67
-71.77
-69.72
-67.82
-65.87
-64.02
-62.06
-60.24
-58.4
-56.41
-54.59
-52.68
-50.74
-48.88
-46.96
-45.17
-43.22
-41.27
-39.46
-37.54
-35.6
-33.8
-31.92
-30.11
-28.2
-26.22
-24.35
-22.57
-20.54
-18.69
-16.74
-14.93
-12.99
-11.02
-8.88
-6.22
-3.53
-1.07
1.77
4.17
6.77
9.54
11.43
13.32
15.34
17.13
19.09
20.88
22.85
24.79
26.55
28.45
30.4
32.11
34.15
35.87
37.8
39.77
41.63
43.49
45.46
47.17
49.31
51.05
52.98
54.98
56.72
58.63
60.64
62.41
64.45
