154
66
89
185.42
194.6
177.76
199.24
221.47
210.21
211.54
208.22
179.65
197.16
193.66
190.82
185.8
194.98
202.93
177.57
181.83
185.9
166.98
177.95
186.94
161.21
185.71
181.17
185.24
182.59
199.52
204.25
199.43
205.29
197.91
181.36
203.59
200.75
161.87
197.91
209.45
179.28
180.88
187.6
177.19
175.11
193.28
184.57
175.68
188.07
185.61
170.29
180.69
175.21
154.02
168.49
167.17
159.6
167.36
175.4
172.56
171.23
178.23
162.34
153.83
171.8
188.45
169.06
175.49
177.76
163.1
161.77
164.99
176.25
172.56
796.66
926.84
925.23
3.81
3.03
-1.13
-0.69
5.89
2.51
3.73
-3.47
1.91
4.77
-182.18
-197.52
-189.72
-176.29
-197.61
-203.85
-215.2
-202.46
-212.43
-191.37
-185.99
-192.15
-199.77
-198.65
-197.95
-194.14
-193.97
-195.79
-212.95
-200.64
-198.3
-229.5
-209.83
-206.27
-208.53
-194.31
-191.19
-193.27
-191.71
-198.99
-201.68
-191.11
-201.94
-206.19
-226.82
-219.45
-204.89
-214.42
-215.63
-209.74
-211.04
-205.75
-205.84
-201.77
-212.43
-204.11
-215.63
-200.47
-186.08
-190.85
-210.17
-202.55
-185.39
-190.07
-198.47
-210.35
-209.65
-221.96
-219.27
-223.96
-215.26
-230.2
-220.83
-216.49
-216.71
-219.27
-214.52
-209.83
-192.06
-190.33
63.18
61.28
59.38
57.56
55.84
53.74
51.85
50.09
48.03
46.14
44.3
42.38
40.62
38.59
36.74
34.95
32.93
31.07
29.37
27.39
25.61
23.58
21.72
19.91
17.93
16.06
14.29
12.25
10.48
7.95
5.28
2.81
0.12
-2.57
-5.01
-7.69
-10.19
-12.21
-14.12
-15.95
-17.91
-19.81
-21.59
-23.55
-25.4
-27.37
-29.24
-31.06
-33.01
-34.91
-36.64
-38.64
-40.48
-42.44
-44.34
-46.09
-48.1
-49.98
-51.8
-53.78
-55.62
-57.55
-59.45
-61.35
-63.24
-65.11
-67.02
-68.92
-70.76
-72.65
-74.54
-75.48
-75.57
-75.56
-75.47
-75.54
-75.47
-75.58
-75.57
-75.47
-75.57
-75.57
-75.23
-73.72
-71.85
-69.79
-67.83
-65.94
-64.09
-62.17
-60.27
-58.42
-56.45
-54.61
-52.71
-50.79
-48.95
-47.05
-45.18
-43.26
-41.32
-39.53
-37.57
-35.64
-33.82
-31.97
-30.04
-28.21
-26.22
-24.4
-22.51
-20.59
-18.75
-16.83
-14.89
-13.07
-11.15
-8.97
-6.23
-3.62
-1.1
1.55
4.28
6.72
9.49
11.38
13.32
15.3
17.1
18.97
20.97
22.76
24.76
26.51
28.39
30.26
32.08
33.97
36
37.77
39.73
41.56
43.46
45.43
47.17
49.13
51.16
52.91
54.96
56.67
58.58
60.63
62.39
64.26
