154
66
89
186.84
188.07
178.33
195.36
179.28
181.64
189.78
187.22
172.27
199.24
188.36
175.87
182.68
190.72
177.67
161.68
178.33
168.21
157.89
171.14
173.88
175.59
174.17
185.99
167.73
180.79
186.37
182.49
186.94
195.17
187.03
180.98
201.6
190.53
177.19
201.51
198.86
194.22
194.22
215.7
188.74
175.78
195.26
169.72
175.49
181.64
170.95
175.3
188.07
188.36
169.53
188.36
190.25
158.08
169.44
190.25
166.88
165.94
181.07
168.59
161.58
187.03
182.87
162.63
179.37
178.23
162.15
180.22
189.02
164.33
178.42
610.77
913.97
886.35
10.23
5.72
7.8
8.84
6.33
7.89
4.85
6.76
3.38
4.77
-197.43
-209.22
-199.95
-212.08
-202.98
-200.55
-219.01
-211.39
-204.45
-213.12
-211.65
-203.15
-223.09
-223.7
-219.71
-224.56
-216.88
-224.3
-227.51
-228.64
-213.9
-197
-197
-205.49
-199.86
-186.08
-212.95
-201.59
-210.17
-228.38
-215.35
-217.47
-216.17
-219.9
-215.11
-209.22
-221.18
-200.55
-190.85
-207.57
-182.87
-176.2
-181.14
-176.46
-168.14
-180.62
-166.41
-164.07
-171.95
-185.56
-174.64
-193.71
-209.13
-204.54
-198.56
-225.08
-228.55
-223.52
-216.43
-218.29
-216.07
-216.73
-218.47
-219.45
-215.37
-228.46
-212.6
-203.07
-202.37
-187.64
63.34
61.43
59.51
57.64
55.94
53.85
51.99
50.21
48.09
46.44
44.37
42.5
40.75
38.72
36.81
35.09
33.05
31.32
29.35
27.54
25.74
23.74
21.85
20.06
18.03
16.19
14.38
12.39
10.6
8.08
5.45
3.03
0.31
-2.38
-4.86
-7.54
-10.12
-12.08
-14
-15.78
-17.77
-19.64
-21.54
-23.46
-25.25
-27.25
-29.14
-30.9
-32.86
-34.73
-36.63
-38.51
-40.38
-42.29
-44.2
-46
-48.01
-49.86
-51.76
-53.65
-55.48
-57.43
-59.3
-61.14
-63.2
-64.99
-66.82
-68.76
-70.64
-72.56
-74.46
-75.47
-75.58
-75.53
-75.58
-75.57
-75.47
-75.57
-75.58
-75.47
-75.56
-75.57
-75.33
-73.85
-71.97
-69.99
-68.03
-66.09
-64.23
-62.33
-60.49
-58.55
-56.61
-54.79
-52.84
-50.96
-49.15
-47.21
-45.35
-43.47
-41.5
-39.68
-37.76
-35.83
-34
-32.1
-30.3
-28.4
-26.49
-24.56
-22.69
-20.77
-18.97
-17.04
-15.14
-13.26
-11.25
-9.16
-6.49
-3.83
-1.41
1.49
3.87
6.48
9.27
11.24
13.14
15.14
16.93
18.81
20.71
22.57
24.6
26.36
28.26
30.18
31.91
33.84
35.84
37.57
39.57
41.33
43.29
45.29
47.02
48.95
50.83
52.78
54.78
56.49
58.43
60.44
62.18
64.09
