154
66
89
182.3
192.9
194.22
179.09
184.95
174.17
173.5
177.86
180.13
181.36
183.15
191.1
181.26
179.75
192.71
185.24
184.95
193.47
201.32
201.03
193.56
188.26
186.84
187.79
182.87
179.37
172.75
176.82
173.32
175.78
163.85
173.5
180.51
171.61
177.76
189.3
189.3
179.37
196.4
195.64
187.88
179.75
183.34
190.91
191.48
184.29
174.17
184.86
185.71
185.33
189.4
207.94
212.58
173.69
172.18
194.7
187.13
183.63
192.43
199.05
189.87
190.34
190.06
194.13
197.53
206.52
173.69
183.63
200.47
165.75
160.45
927.12
911.23
898.46
4.85
3.03
0.95
4.51
3.38
0
3.47
3.81
3.12
3.81
-186.25
-192.58
-198.13
-197.26
-206.27
-194.57
-186.69
-193.27
-177.85
-174.12
-176.46
-185.99
-178.63
-179.93
-173.69
-175.25
-183.31
-184.52
-177.5
-185.82
-177.67
-164.24
-163.55
-181.05
-178.19
-170.13
-174.55
-172.56
-180.71
-178.02
-168.57
-174.81
-186.51
-173.6
-169.96
-177.67
-181.57
-180.71
-166.93
-170.74
-183.65
-175.68
-170.31
-172.3
-171.26
-169.18
-180.71
-176.11
-181.57
-178.45
-182.53
-185.47
-185.91
-183.31
-174.81
-171.26
-166.93
-173.17
-173.69
-169.61
-172.21
-171.35
-164.15
-175.77
-175.85
-169.87
-188.42
-201.68
-196.05
-189.89
63.09
61.21
59.31
57.41
55.69
53.65
51.74
50.03
47.93
46.03
44.12
42.32
40.36
38.5
36.62
34.73
32.84
30.99
29.15
27.28
25.38
23.48
21.6
19.81
17.84
15.94
14.05
12.16
10.29
7.75
5.13
2.68
-0.02
-2.73
-5.25
-7.83
-10.27
-12.27
-14.2
-16.04
-18.02
-19.91
-21.78
-23.64
-25.5
-27.48
-29.37
-31.16
-33.09
-34.97
-36.84
-38.75
-40.56
-42.54
-44.43
-46.22
-48.21
-50.1
-51.97
-53.83
-55.69
-57.66
-59.57
-61.41
-63.33
-65.22
-67.12
-69
-70.83
-72.79
-74.66
-75.57
-75.62
-75.62
-75.6
-75.59
-75.62
-75.63
-75.62
-75.51
-75.61
-75.64
-75.31
-73.78
-71.94
-69.88
-67.9
-65.96
-64.13
-62.25
-60.36
-58.46
-56.54
-54.68
-52.75
-50.88
-48.95
-47.08
-45.24
-43.34
-41.42
-39.6
-37.62
-35.7
-33.89
-32.01
-30.16
-28.28
-26.29
-24.45
-22.57
-20.63
-18.8
-16.9
-15.04
-13.13
-11.12
-9.02
-6.34
-3.69
-1.23
1.46
4.07
6.68
9.3
11.31
13.26
15.25
17.01
18.9
20.8
22.68
24.6
26.47
28.38
30.31
32.01
33.93
35.81
37.71
39.73
41.46
43.4
45.39
47.14
49.07
50.94
52.86
54.89
56.62
58.53
60.53
62.3
64.22
