154
66
89
226.59
226.42
234.52
226.16
230.13
231.02
237.27
225.29
228.38
228.28
235.94
236.42
229.61
231.12
222.79
213.14
217.21
208.32
202.45
197.16
195.83
201.13
214.09
209.17
207.66
203.21
221.37
212.67
216.08
218.06
222.6
188.45
205.86
212.29
193.94
224.12
224.5
226.33
222.32
209.45
214.85
209.83
222.13
213.71
216.08
217.59
218.25
206.62
221.47
219.58
218.35
207.66
206.62
217.4
215.04
217.78
215.51
217.02
221.85
205.67
211.91
214.37
226.39
218.73
220.05
225.16
216.83
205.95
204.35
198.67
199.43
511.9
935.07
929.87
8.67
4.07
6.24
6.24
10.57
11.44
5.72
5.37
9.27
0.35
-153.58
-183.74
-178.8
-178.19
-186.69
-184.78
-192.75
-198.82
-198.13
-187.03
-175.25
-180.01
-169.09
-178.11
-187.64
-181.83
-181.92
-182.44
-175.68
-171.43
-179.06
-189.55
-180.53
-190.15
-189.63
-176.2
-183.22
-180.45
-176.81
-180.27
-183.05
-191.37
-181.92
-206.79
-209.65
-183.48
-175.42
-178.54
-185.56
-178.54
-192.84
-192.41
-179.84
-180.62
-170.22
-176.37
-183.91
-173.6
-160.95
-168.23
-171.78
-169.96
-167.88
-177.15
-188.42
-187.73
-190.15
-193.71
-193.97
-194.83
-210.35
-193.71
-196.13
-211.82
-200.9
-202.46
-223.52
-205.23
-189.72
-203.59
63.19
61.31
59.41
57.59
55.87
53.79
51.92
50.17
48.12
46.22
44.34
42.48
40.72
38.69
36.81
35.08
33.07
31.18
29.33
27.54
25.74
23.74
21.84
20.08
18.07
16.19
14.28
12.39
10.63
8.11
5.49
3.01
0.26
-2.37
-4.95
-7.53
-10.02
-12.06
-14.02
-15.82
-17.78
-19.64
-21.56
-23.42
-25.23
-27.22
-29.13
-30.92
-32.85
-34.74
-36.61
-38.51
-40.33
-42.33
-44.2
-46.02
-47.97
-49.79
-51.74
-53.64
-55.43
-57.42
-59.3
-61.14
-63.11
-64.92
-66.86
-68.74
-70.66
-72.52
-74.44
-75.54
-75.64
-75.54
-75.62
-75.66
-75.51
-75.65
-75.63
-75.54
-75.65
-75.61
-75.33
-73.67
-71.81
-69.78
-67.83
-65.95
-64.13
-62.16
-60.34
-58.49
-56.54
-54.7
-52.8
-50.89
-49.06
-47.08
-45.32
-43.41
-41.44
-39.64
-37.71
-35.77
-33.95
-32.12
-30.27
-28.4
-26.41
-24.56
-22.63
-20.76
-18.89
-16.91
-15.13
-13.2
-11.17
-9.18
-6.46
-3.82
-1.32
1.3
3.9
6.49
9.29
11.25
13.11
15.12
16.93
18.8
20.71
22.59
24.62
26.37
28.26
30.21
31.91
33.86
35.82
37.61
39.58
41.36
43.25
45.26
47.01
48.96
50.95
52.78
54.78
56.5
58.43
60.45
62.18
64.1
