150
64
87
184.38
210.78
200.71
193.75
188.17
201.79
183.72
173.03
188.74
203.59
151.75
185.99
195.93
153.07
184.38
193.18
146.73
185.33
201.13
179.65
194.89
202.55
196.78
166.31
195.36
213.05
178.42
212.86
221.75
173.03
187.32
204.25
184.01
193.37
211.72
197.72
184.29
190.16
196.12
165.37
194.51
200.66
171.71
209.08
209.45
170.29
200.66
199.43
170.67
183.44
179.37
179.75
170.95
183.15
184.86
166.6
186.56
174.26
164.14
184.95
195.64
159.03
185.9
194.7
186.94
175.21
191.57
177.19
174.73
819.18
780.2
764.22
0.43
4.33
1.82
2.69
2.25
8.49
5.2
2.51
2.17
4.42
-171.78
-219.45
-221.61
-204.71
-207.49
-222.74
-208.87
-209.57
-223.18
-192.75
-198.91
-217.89
-199.69
-203.15
-224.56
-213.03
-202.2
-222.48
-212.77
-207.92
-226.38
-232.6
-233.23
-236.87
-233.62
-225.95
-235.74
-238.26
-214.68
-215.11
-216.07
-230.37
-224.82
-233.58
-240.51
-237.82
-232.53
-235.96
-232.99
-238.25
-242.07
-240.55
-238.17
-236.22
-237.99
-237.82
-235.63
-234.18
-198.47
-201.16
-228.29
-181.49
-176.81
-201.59
-205.41
-193.01
-200.29
-233.49
-209.39
-211.21
-235.96
-221.61
-233.58
-237.36
-234.89
-239.18
-241.96
-239.38
59.31
57.65
55.64
53.65
51.76
49.92
48.15
46.14
44.25
42.51
40.47
38.61
36.74
34.81
33.14
31.04
29.23
27.52
25.53
23.62
21.78
19.85
18.08
16.09
14.22
12.44
10.4
8.14
5.39
2.67
0.32
-2.51
-5.06
-7.45
-10.19
-12.07
-14.08
-15.97
-17.74
-19.74
-21.61
-23.41
-25.43
-27.23
-29.2
-31.13
-32.82
-34.82
-36.71
-38.56
-40.5
-42.26
-44.3
-46.15
-47.97
-49.95
-51.8
-53.63
-55.63
-57.51
-59.37
-61.31
-63.11
-65.07
-66.97
-68.77
-70.76
-72.63
-74.52
-75.41
-75.29
-75.41
-75.37
-75.29
-75.4
-75.31
-75.37
-75.37
-75.32
-75.38
-75.17
-73.7
-71.96
-69.86
-67.93
-66.09
-64.15
-62.3
-60.42
-58.53
-56.67
-54.71
-52.92
-51.03
-49.07
-47.25
-45.39
-43.41
-41.59
-39.77
-37.8
-35.93
-33.98
-32.19
-30.33
-28.38
-26.57
-24.62
-22.76
-20.89
-18.88
-17.07
-15.27
-13.22
-11.38
-9.23
-6.64
-4.06
-1.3
1.2
3.77
6.53
8.99
11.16
13.07
14.96
16.97
18.71
20.63
22.61
24.39
26.32
28.13
30.02
31.98
33.74
35.65
37.64
39.36
41.42
43.22
45.05
47.05
48.88
50.77
52.78
54.57
56.58
58.35
60.22
