154
66
89
167.26
165.94
167.17
169.25
176.53
168.59
158.65
160.45
151.93
163.67
158.37
151.84
162.63
162.91
148.91
157.89
149.76
144.37
164.71
150.61
154.02
155.62
160.35
163.19
155.81
159.5
166.03
159.6
166.03
175.59
165.94
171.14
163.95
161.68
175.3
180.98
168.11
154.96
163.85
169.34
155.72
159.22
159.41
149.48
158.56
166.5
152.69
150.7
155.15
165.75
154.96
165.37
167.73
162.15
168.77
160.35
152.31
174.45
168.3
154.3
160.35
166.6
161.68
157.52
154.11
156.67
145.41
159.98
163
154.21
164.04
879.73
848.7
826.94
2.77
2.25
4.33
0.95
2.6
0
2.43
0.43
3.99
2.69
-159.65
-161.29
-166.15
-159.39
-154.62
-152.89
-170.13
-165.28
-161.03
-156.87
-165.89
-173.51
-157.91
-162.33
-160.25
-161.47
-163.63
-150.37
-163.2
-157.48
-143.61
-154.71
-161.38
-169.09
-158.09
-160.08
-170.91
-175.51
-160.43
-168.75
-171.35
-169.44
-180.62
-184.43
-164.76
-167.53
-161.55
-165.45
-167.88
-179.58
-170.22
-158.43
-159.56
-159.47
-164.07
-157.39
-163.29
-155.49
-152.97
-155.31
-152.63
-152.28
-162.51
-165.89
-157.39
-154.36
-163.46
-156.96
-161.9
-160.6
-159.65
-151.85
-167.36
-165.28
-159.39
-173.6
-169.87
-156.87
-165.02
-168.92
63.1
61.21
59.31
57.47
55.56
53.7
51.76
50
47.9
46.09
44.16
42.28
40.41
38.53
36.64
34.87
32.86
31
29.23
27.31
25.43
23.54
21.62
19.85
17.87
15.98
14.06
12.14
10.3
7.82
5.13
2.74
-0.02
-2.67
-5.21
-7.81
-10.36
-12.22
-14.22
-16.02
-18
-19.88
-21.78
-23.66
-25.64
-27.49
-29.32
-31.12
-33.05
-34.92
-36.82
-38.74
-40.62
-42.48
-44.38
-46.2
-48.2
-50.04
-51.94
-53.86
-55.76
-57.62
-59.54
-61.36
-63.31
-65.2
-67.07
-68.98
-70.88
-72.74
-74.64
-75.54
-75.65
-75.66
-75.64
-75.63
-75.66
-75.65
-75.64
-75.57
-75.66
-75.61
-75.38
-73.76
-71.87
-69.82
-67.86
-65.95
-64.09
-62.19
-60.36
-58.47
-56.56
-54.63
-52.74
-50.84
-48.98
-47.05
-45.24
-43.32
-41.4
-39.53
-37.6
-35.66
-33.87
-31.98
-30.16
-28.25
-26.33
-24.44
-22.58
-20.62
-18.79
-16.87
-15.01
-13.09
-11.17
-9.01
-6.3
-3.62
-1.15
1.49
4.05
6.66
9.28
11.36
13.27
15.21
17.06
18.93
20.81
22.74
24.62
26.49
28.38
30.37
32.06
33.97
35.82
37.74
39.6
41.5
43.41
45.33
47.16
49.08
50.98
52.9
54.76
56.65
58.57
60.57
62.31
64.22
