154
66
89
189.4
197.16
176.72
194.51
194.6
179.56
172.46
176.25
166.22
172.65
179.37
193.56
167.36
185.99
198.48
175.11
180.79
204.25
173.79
173.41
192.99
168.02
170.76
175.59
169.06
156.76
175.78
178.99
169.06
186.94
174.26
149.95
169.63
170.29
162.25
184.86
194.32
179.28
176.82
183.63
193.75
188.64
201.13
213.52
194.79
202.83
195.83
191.38
189.68
182.87
161.96
164.9
175.21
186.28
180.79
182.68
196.49
191.1
204.63
187.6
195.83
200.18
211.72
184.1
184.67
177.38
167.45
172.65
174.17
153.35
160.17
966.01
927.88
922.3
7.8
3.73
-0.26
6.67
-0.78
1.91
6.41
2.95
7.54
1.65
-203.15
-210.43
-217.63
-216.33
-218.75
-212.08
-207.83
-209.67
-227.25
-215.98
-226.82
-222.4
-218.23
-217.54
-222.83
-198.3
-203.76
-198.82
-200.73
-193.36
-207.14
-218.84
-210.35
-219.27
-230.02
-212.51
-208.13
-222.66
-195.01
-210.35
-203.33
-181.05
-181.83
-193.97
-189.37
-179.23
-169.35
-184
-170.48
-183.65
-191.71
-171.69
-173.51
-166.67
-166.49
-169.87
-184.78
-182.61
-181.49
-182.44
-201.33
-186.95
-195.44
-214.68
-189.46
-196.74
-194.57
-192.84
-188.68
-201.77
-206.88
-190.67
-196.31
-210.35
-199.6
-204.11
-216.15
-196.91
-214.07
-206.88
63.14
61.23
59.51
57.54
55.64
53.68
51.84
50.12
48.06
46.17
44.28
42.41
40.49
38.65
36.79
35.01
33
31.14
29.25
27.46
25.55
23.64
21.78
20.01
17.97
16.12
14.23
12.33
10.47
8.01
5.39
2.89
0.19
-2.47
-5.03
-7.59
-10.2
-12.12
-14.06
-15.83
-17.82
-19.72
-21.6
-23.47
-25.42
-27.3
-29.21
-30.97
-32.91
-34.79
-36.68
-38.55
-40.48
-42.34
-44.27
-46.06
-48.01
-49.93
-51.79
-53.72
-55.55
-57.46
-59.36
-61.22
-63.18
-65.06
-66.87
-68.82
-70.71
-72.6
-74.51
-75.59
-75.68
-75.66
-75.57
-75.66
-75.65
-75.68
-75.68
-75.57
-75.64
-75.67
-75.38
-73.73
-71.91
-69.85
-67.92
-65.99
-64.14
-62.3
-60.41
-58.53
-56.64
-54.76
-52.87
-50.95
-49.12
-47.25
-45.37
-43.44
-41.58
-39.67
-37.78
-35.86
-34.01
-32.18
-30.34
-28.43
-26.56
-24.62
-22.74
-20.76
-18.96
-17.13
-15.23
-13.27
-11.35
-9.2
-6.55
-3.9
-1.41
1.24
3.84
6.43
9.05
11.19
13.12
15.1
16.85
18.73
20.74
22.52
24.42
26.32
28.2
30.13
31.87
33.78
35.8
37.56
39.48
41.34
43.24
45.21
46.97
48.91
50.78
52.7
54.58
56.45
58.34
60.37
62.13
64.04
