154
66
89
179.46
175.59
158.94
177.19
185.8
156.48
170.48
178.23
163.67
171.14
177.48
187.7
174.45
184.86
191.2
178.99
197.16
194.6
183.82
178.61
193.47
191.38
186.75
183.34
186.75
167.45
189.78
177.1
171.04
189.49
179.46
173.98
182.11
185.52
170.57
193.37
196.87
202.36
193.47
190.44
184.29
181.74
196.59
178.23
182.4
180.41
184.95
180.03
175.11
170.38
170.67
159.98
175.49
176.25
165.65
173.69
174.83
171.8
174.17
169.72
180.98
185.71
183.34
159.12
169.53
186.18
175.02
155.91
168.11
165.56
163
559.87
915.77
915.68
1.99
3.9
1.39
1.3
-0.17
6.67
1.99
5.37
0.87
1.47
-156.27
-176.72
-172.39
-169.87
-177.5
-180.1
-183.05
-185.3
-171.69
-159.3
-157.57
-158.35
-146.13
-147.86
-160.95
-161.38
-152.97
-154.88
-167.27
-166.93
-171.87
-172.91
-172.21
-176.89
-180.62
-174.12
-181.75
-186.95
-176.55
-181.75
-186.25
-166.32
-186.43
-194.05
-166.75
-165.89
-165.37
-183.57
-164.33
-167.71
-181.31
-163.72
-162.77
-179.23
-177.85
-177.59
-189.03
-189.29
-178.54
-173.6
-189.46
-172.82
-184
-182.7
-175.68
-170.13
-166.67
-168.57
-165.54
-171.35
-174.99
-158.87
-161.38
-175.77
-166.23
-177.41
-187.47
-155.75
-170.74
-185.65
63.19
61.33
59.4
57.55
55.8
53.74
51.86
50.11
48.06
46.17
44.29
42.38
40.62
38.62
36.77
35
32.96
31.08
29.4
27.41
25.64
23.59
21.74
19.96
17.95
16.06
14.17
12.27
10.53
7.96
5.29
2.68
0.13
-2.49
-5.1
-7.62
-10.16
-12.16
-14.1
-15.9
-17.91
-19.75
-21.57
-23.54
-25.37
-27.33
-29.24
-31.01
-32.99
-34.86
-36.68
-38.63
-40.44
-42.39
-44.32
-46.1
-48.08
-50
-51.86
-53.76
-55.59
-57.52
-59.45
-61.28
-63.21
-65.11
-67
-68.88
-70.77
-72.64
-74.53
-75.64
-75.71
-75.7
-75.7
-75.69
-75.61
-75.68
-75.68
-75.59
-75.7
-75.68
-75.4
-73.63
-71.75
-69.71
-67.75
-65.85
-64.06
-62.09
-60.2
-58.37
-56.39
-54.54
-52.66
-50.7
-48.87
-46.97
-45.05
-43.21
-41.26
-39.47
-37.53
-35.56
-33.77
-31.87
-30.08
-28.19
-26.2
-24.34
-22.49
-20.53
-18.68
-16.78
-14.93
-13.01
-11
-8.81
-6.14
-3.52
-1.08
1.64
4.37
6.79
9.56
11.45
13.38
15.35
17.14
19.01
21
22.83
24.82
26.59
28.49
30.42
32.15
34.06
35.94
37.85
39.8
41.63
43.51
45.49
47.23
49.17
51.05
52.98
55.03
56.74
58.63
60.68
62.39
64.33
