154
66
89
210.31
209.27
206.99
214.94
210.59
205.58
190.53
179.09
162.72
165.37
160.83
158.18
155.34
163.95
178.9
162.81
172.46
178.8
156.19
158.84
178.9
165.37
170.67
184.19
187.13
183.15
193.84
193.18
179.46
187.98
181.07
175.11
181.74
187.32
171.23
184.86
199.24
181.36
179.37
189.78
186.18
177.01
191.01
187.88
179.46
181.83
181.36
168.3
174.36
176.72
145.69
149.48
166.41
151.46
152.98
156.19
165.37
160.17
176.91
163.67
167.45
170.57
172.65
169.15
177.95
187.98
166.31
166.88
180.22
166.6
159.03
559.49
937.91
935.26
3.81
4.25
7.8
2.17
2.08
2.95
3.12
0.95
3.81
2.17
-174.81
-203.59
-196.31
-201.94
-207.23
-196.74
-203.24
-208.35
-205.75
-169.53
-179.41
-176.03
-168.14
-168.05
-160.77
-153.15
-162.85
-171.52
-165.63
-172.47
-190.5
-205.58
-201.16
-215.2
-204.19
-187.38
-207.4
-215.63
-190.85
-200.21
-205.75
-186.25
-200.47
-207.14
-223.09
-202.46
-197
-189.98
-175.59
-192.06
-197.26
-185.73
-192.23
-206.79
-193.62
-199.95
-214.16
-197.69
-184.95
-193.01
-194.4
-177.59
-185.99
-195.44
-188.68
-177.24
-190.33
-190.5
-178.89
-185.91
-211.65
-191.37
-196.57
-192.67
-200.73
-214.16
-223.35
-205.75
-224.48
-217.89
63.36
61.65
59.59
57.75
55.99
53.93
52.04
50.32
48.27
46.56
44.51
42.59
40.72
38.84
36.96
35.19
33.22
31.34
29.49
27.66
25.92
23.88
21.96
20.2
18.19
16.32
14.43
12.53
10.62
8.3
5.65
3.17
0.44
-2.04
-4.78
-7.33
-9.79
-11.95
-13.85
-15.64
-17.6
-19.41
-21.42
-23.27
-25.13
-27.1
-28.97
-30.8
-32.71
-34.48
-36.48
-38.36
-40.19
-42.14
-44.06
-45.87
-47.83
-49.71
-51.59
-53.49
-55.32
-57.28
-59.16
-60.99
-62.94
-64.84
-66.74
-68.61
-70.48
-72.39
-74.28
-75.37
-75.44
-75.36
-75.47
-75.46
-75.36
-75.46
-75.47
-75.37
-75.48
-75.36
-75.14
-73.55
-71.65
-69.63
-67.71
-65.8
-63.94
-61.96
-60.14
-58.25
-56.27
-54.45
-52.54
-50.62
-48.8
-46.88
-45.03
-43.1
-41.16
-39.37
-37.45
-35.53
-33.74
-31.83
-29.97
-28.08
-26.1
-24.25
-22.39
-20.43
-18.59
-16.73
-14.86
-12.9
-10.89
-8.69
-6.06
-3.41
-0.97
1.74
4.34
6.94
9.67
11.56
13.44
15.42
17.23
19.1
21
22.9
24.93
26.69
28.55
30.51
32.25
34.12
36.02
37.96
39.89
41.71
43.58
45.57
47.33
49.29
51.17
53.06
55.08
56.79
58.74
60.76
62.52
64.57
