154
66
89
226.86
206.33
192.33
193.28
205.29
178.71
173.03
185.42
168.68
179.46
186.65
186.28
184.1
188.93
199.62
197.06
201.32
212.67
204.44
210.31
206.52
193.94
196.3
195.26
210.97
197.06
202.36
193.94
192.33
202.17
191.48
185.05
197.34
191.2
187.51
207.09
208.98
195.36
214.75
208.41
219.29
210.49
219.96
207.75
191.95
202.64
202.93
178.71
186.84
186.47
169.82
175.68
173.5
179.56
172.46
186.94
185.33
188.36
185.42
190.34
185.14
189.59
197.16
185.71
195.17
195.07
177.57
178.71
191.2
188.83
173.03
932.71
916.72
917.1
3.03
1.73
4.07
0.17
2.6
0.69
1.56
-0.61
3.29
4.94
-209.57
-223.78
-220.05
-216.41
-221.01
-229.5
-225.95
-229.5
-216.67
-210.69
-223.87
-212.95
-206.19
-214.94
-211.39
-185.73
-186.95
-193.27
-207.05
-201.94
-210
-236
-230.11
-230.65
-238.43
-234.75
-235.53
-241.38
-234.94
-236.07
-232.71
-229.33
-233.23
-232.6
-234.07
-232.36
-213.55
-227.86
-215.72
-215.98
-236.7
-219.19
-228.2
-223.96
-214.94
-230.63
-239.82
-220.31
-216.67
-226.3
-231.32
-230.98
-232.71
-232.62
-216.15
-214.07
-205.49
-190.33
-203.76
-198.13
-196.48
-194.49
-209.65
-220.14
-223.87
-230.54
-237.87
-234.23
-234.88
-240.34
63.12
61.25
59.33
57.46
55.67
53.72
51.83
50.1
48.02
46.17
44.27
42.42
40.48
38.62
36.73
35.01
32.99
31.11
29.26
27.39
25.52
23.64
21.75
19.98
17.99
16.06
14.19
12.29
10.44
7.97
5.38
2.89
0.18
-2.49
-5.06
-7.63
-10.24
-12.15
-14.09
-15.87
-17.84
-19.72
-21.62
-23.5
-25.36
-27.3
-29.19
-31.03
-32.9
-34.82
-36.62
-38.6
-40.49
-42.36
-44.29
-46.09
-48.02
-49.93
-51.83
-53.72
-55.59
-57.52
-59.41
-61.21
-63.18
-65.07
-66.94
-68.83
-70.75
-72.63
-74.5
-75.64
-75.73
-75.75
-75.75
-75.75
-75.71
-75.74
-75.77
-75.66
-75.74
-75.75
-75.41
-73.75
-71.92
-69.88
-67.92
-65.99
-64.16
-62.25
-60.36
-58.47
-56.57
-54.68
-52.8
-50.84
-49.01
-47.13
-45.29
-43.34
-41.43
-39.6
-37.67
-35.7
-33.9
-32.03
-30.21
-28.32
-26.42
-24.5
-22.6
-20.67
-18.81
-16.92
-15.04
-13.11
-11.21
-9.02
-6.36
-3.68
-1.21
1.43
4.05
6.64
9.23
11.34
13.22
15.25
17.01
18.9
20.88
22.66
24.58
26.48
28.35
30.27
32.01
33.96
35.77
37.71
39.56
41.48
43.38
45.36
47.12
49.08
50.95
52.83
54.74
56.6
58.49
60.53
62.3
64.17
