154
66
89
203.49
206.33
219.48
213.62
193.94
194.03
186.09
188.26
178.9
180.41
180.03
170.1
173.88
179.28
182.3
172.09
175.11
174.55
180.98
182.87
165.65
162.44
183.63
178.05
164.71
177.01
182.97
176.53
186.09
177.86
181.64
186.18
197.63
184.95
182.02
195.55
193.66
171.61
189.3
175.21
170.86
174.83
168.02
170.67
179.94
172.56
172.84
178.9
169.34
169.63
150.14
170.38
177.19
147.87
152.41
165.37
173.32
161.21
157.23
180.22
173.32
168.77
172.84
172.46
182.11
196.68
170.38
180.98
191.48
172.94
161.96
815.49
885.4
868.09
5.98
1.73
3.99
3.47
2.25
2.86
8.32
1.04
2.25
-0.09
-181.23
-204.37
-211.56
-219.97
-209.31
-201.51
-209.48
-202.2
-190.15
-185.56
-180.62
-193.53
-172.3
-192.15
-191.19
-193.1
-210.69
-196.39
-204.89
-204.71
-206.45
-193.27
-181.92
-202.37
-187.38
-183.39
-178.11
-183.31
-186.77
-191.97
-184.52
-183.48
-193.53
-184.43
-189.37
-193.62
-202.03
-201.25
-189.29
-201.25
-191.37
-189.2
-202.46
-171.26
-192.06
-190.76
-185.56
-201.25
-197.61
-196.57
-196.39
-197.09
-199.34
-186.51
-169.44
-170.31
-160.51
-182.01
-173.43
-179.58
-203.67
-205.75
-207.66
-215.11
-205.18
-209.01
-206.28
-207.86
-209.4
-207.23
63.18
61.46
59.36
57.52
55.78
53.74
51.82
50.09
48.05
46.27
44.2
42.35
40.6
38.59
36.68
34.96
32.94
31.2
29.23
27.38
25.6
23.56
21.71
19.92
17.9
16.16
14.15
12.24
10.38
7.92
5.25
2.82
0.07
-2.6
-5.13
-7.71
-10.19
-12.21
-14.16
-15.96
-17.94
-19.81
-21.71
-23.57
-25.4
-27.38
-29.29
-31.06
-33.02
-34.88
-36.79
-38.68
-40.5
-42.42
-44.36
-46.14
-48.13
-50.01
-51.93
-53.76
-55.61
-57.57
-59.47
-61.3
-63.24
-65.11
-67.01
-68.9
-70.81
-72.7
-74.59
-75.41
-75.51
-75.51
-75.52
-75.51
-75.42
-75.51
-75.52
-75.41
-75.52
-75.51
-75.23
-73.68
-71.82
-69.78
-67.82
-65.91
-64.05
-62.13
-60.29
-58.4
-56.43
-54.58
-52.7
-50.75
-48.93
-46.98
-45.18
-43.22
-41.3
-39.48
-37.53
-35.6
-33.8
-31.87
-30.11
-28.22
-26.23
-24.37
-22.51
-20.55
-18.71
-16.75
-14.95
-13.04
-11.03
-8.85
-6.26
-3.58
-1.11
1.58
4.14
6.75
9.55
11.41
13.33
15.35
17.13
18.97
20.9
22.77
24.76
26.54
28.45
30.37
32.11
34.05
35.91
37.8
39.79
41.56
43.48
45.45
47.23
49.13
51.02
52.96
54.94
56.68
58.6
60.63
62.37
64.28
