154
66
89
227.71
214.56
219.39
212.1
228.38
215.6
215.41
211.83
199.14
212.77
223.08
206.62
206.99
210.02
191.95
211.63
210.67
201.98
183.44
192.24
203.12
189.78
192.71
192.99
187.79
192.43
186.65
190.82
195.17
198.57
179.65
185.61
191.2
201.79
191.57
205.86
211.16
182.11
200.75
209.08
205.01
199.71
203.59
210.78
205.48
205.1
209.93
197.44
197.82
211.35
184.86
193.37
198.95
194.89
206.9
202.36
211.16
203.87
198.2
199.71
200.85
215.89
217.68
198.01
216.46
206.81
170.57
173.5
185.9
178.42
172.65
652.87
932.23
915.68
9.53
3.12
6.41
3.55
4.33
5.03
4.77
0
6.76
2.34
-197.95
-218.75
-214.16
-212.25
-227.51
-231.58
-225.08
-232.36
-230.98
-226.21
-236.18
-215.37
-214.51
-228.29
-230.98
-238
-216.85
-237.3
-236.18
-219.79
-226.21
-231.91
-223.87
-229.27
-232.02
-226.56
-227.08
-230.85
-237.48
-224.74
-228.72
-229.76
-202.72
-219.01
-237.48
-199.34
-203.07
-193.45
-199.51
-194.23
-199.17
-207.92
-198.3
-203.07
-206.71
-193.27
-216.41
-210.78
-197.09
-221.7
-206.01
-216.24
-225.08
-236.87
-231.02
-233.75
-235.92
-229.85
-223.7
-226.9
-231.45
-228.72
-225
-230.26
-229.42
-226.38
-233.58
-231.09
-217.45
-232.45
63.11
61.14
59.31
57.45
55.72
53.67
51.79
50.03
47.94
46.1
44.24
42.35
40.58
38.55
36.66
34.93
32.93
31.03
29.2
27.37
25.62
23.58
21.68
19.91
17.91
16.02
14.13
12.24
10.47
7.96
5.25
2.82
0.05
-2.58
-4.95
-7.72
-10.16
-12.22
-14.11
-15.94
-17.88
-19.78
-21.59
-23.56
-25.39
-27.36
-29.26
-31.07
-33.01
-34.86
-36.75
-38.65
-40.47
-42.4
-44.34
-46.12
-48.1
-50
-51.9
-53.76
-55.59
-57.56
-59.45
-61.3
-63.28
-65.11
-67.01
-68.9
-70.77
-72.67
-74.55
-75.56
-75.66
-75.68
-75.67
-75.68
-75.55
-75.64
-75.67
-75.58
-75.65
-75.66
-75.39
-73.83
-71.94
-69.95
-67.99
-66.03
-64.22
-62.3
-60.39
-58.55
-56.59
-54.74
-52.86
-50.92
-49.07
-47.19
-45.27
-43.41
-41.46
-39.65
-37.73
-35.77
-33.97
-32.1
-30.21
-28.37
-26.36
-24.52
-22.63
-20.69
-18.84
-16.9
-15.14
-13.17
-11.18
-9.13
-6.48
-3.76
-1.3
1.38
3.95
6.55
9.3
11.24
13.17
15.16
16.93
18.81
20.82
22.63
24.64
26.39
28.28
30.22
31.95
33.84
35.87
37.63
39.64
41.39
43.32
45.29
47.05
49.01
50.91
52.77
54.7
56.55
58.44
60.44
62.24
64.07
