154
66
89
190.63
196.12
197.25
205.48
188.93
180.22
184.95
182.68
171.61
173.79
181.26
168.4
183.06
184.38
170.86
182.3
190.44
187.79
192.71
196.87
196.59
171.23
195.55
196.4
172.09
172.46
178.61
183.72
181.55
181.55
198.2
175.68
185.9
195.36
180.41
188.93
200.28
176.25
198.76
200.37
191.86
171.14
181.64
198.29
187.13
191.76
189.87
182.87
186.47
192.14
189.11
190.91
212.1
183.25
168.4
176.63
168.11
154.3
181.45
196.97
174.73
176.44
175.11
168.96
177.19
189.68
183.44
168.4
183.82
166.98
158.46
701.87
920.03
903.57
6.67
2.86
4.51
5.29
3.29
9.97
4.59
6.76
5.2
7.8
-167.71
-184.09
-181.23
-188.25
-189.29
-173.17
-166.32
-172.13
-174.29
-166.75
-165.97
-175.51
-172.3
-183.57
-171.26
-195.61
-187.03
-187.9
-195.61
-196.05
-194.57
-182.7
-176.37
-189.98
-196.22
-173.25
-176.89
-184.35
-190.41
-191.54
-195.27
-211.47
-196.74
-190.59
-200.55
-192.41
-194.4
-186.95
-172.82
-174.03
-190.67
-175.77
-176.81
-177.85
-196.22
-188.07
-192.67
-199.25
-202.29
-197.95
-191.8
-189.89
-194.83
-182.61
-183.74
-171.52
-178.89
-190.24
-195.35
-189.2
-190.33
-186.51
-182.35
-187.73
-180.36
-184.43
-195.96
-186.43
-179.41
-173.17
63.22
61.35
59.45
57.61
55.88
53.8
51.93
50.21
48.15
46.25
44.37
42.5
40.75
38.68
36.84
35.09
33.08
31.23
29.34
27.52
25.74
23.76
21.87
20.11
18.03
16.29
14.3
12.4
10.62
8.07
5.5
3.02
0.33
-2.18
-4.93
-7.54
-10.02
-12.03
-13.96
-15.79
-17.76
-19.63
-21.53
-23.4
-25.26
-27.26
-29.11
-30.91
-32.84
-34.7
-36.59
-38.49
-40.34
-42.29
-44.19
-45.97
-47.96
-49.78
-51.72
-53.59
-55.54
-57.42
-59.3
-61.14
-63.08
-64.92
-66.85
-68.77
-70.6
-72.52
-74.42
-75.38
-75.49
-75.49
-75.48
-75.47
-75.4
-75.47
-75.49
-75.39
-75.48
-75.5
-75.2
-73.73
-71.81
-69.8
-67.84
-65.99
-64.13
-62.18
-60.35
-58.48
-56.53
-54.69
-52.81
-50.86
-49.02
-47.05
-45.3
-43.41
-41.45
-39.64
-37.7
-35.77
-33.97
-32
-30.25
-28.37
-26.37
-24.52
-22.66
-20.73
-18.9
-17
-15.14
-13.21
-11.2
-9.14
-6.5
-3.81
-1.34
1.32
3.94
6.53
9.27
11.28
13.16
15.16
16.93
18.93
20.71
22.59
24.48
26.41
28.25
30.22
31.97
33.97
35.74
37.61
39.62
41.37
43.32
45.22
47.04
48.96
50.95
52.75
54.79
56.54
58.43
60.47
62.23
64.13
