154
66
89
217.12
213.63
223.74
226.01
217.51
214.65
231.5
215.12
222.42
212.09
225.16
220.05
210.59
205.2
211.44
194.03
186.65
206.33
180.13
176.82
193.09
185.05
175.49
192.33
211.54
199.62
205.01
216.46
208.6
209.74
215.98
196.12
205.2
215.04
173.79
200.66
221.66
211.63
187.88
207.94
221.37
204.35
199.24
212.77
192.33
198.95
213.33
185.71
192.14
207.09
206.9
203.68
212.58
211.91
181.36
209.45
206.33
192.52
186.65
196.49
185.05
184.57
206.52
174.64
170.95
182.87
173.03
171.23
190.82
181.07
176.44
962.6
915.2
910.1
0.95
0
7.19
3.99
0.69
5.2
3.21
-3.12
2.17
-0.09
-214.33
-227.51
-212.69
-219.01
-227.68
-213.99
-221.88
-244.76
-241.55
-237.48
-246.99
-234.62
-226.64
-248.62
-238.17
-225.43
-238.86
-237.56
-247.44
-246.66
-244.58
-251.35
-246.92
-248.72
-254.05
-244.93
-250.37
-251.37
-228.72
-247.21
-246.97
-221.88
-241.2
-248.12
-247.75
-231.06
-245.54
-249.07
-239.3
-249.2
-250.8
-232.62
-247.18
-247.64
-230.63
-243.63
-247.77
-231.58
-207.49
-232.02
-247.86
-225.43
-232.8
-246.75
-226.12
-238.43
-246.23
-235.74
-248.05
-247.25
-255.7
-250.39
-252.91
-257.67
-249.27
-251.35
-256.89
-242.94
-246.92
-249.5
63.18
61.34
59.42
57.58
55.72
53.78
51.92
50.19
48.11
46.23
44.51
42.48
40.57
38.7
36.82
35.06
33.07
31.16
29.44
27.53
25.62
23.71
21.82
20.06
18.05
16.18
14.37
12.39
10.5
8.09
5.45
3.01
0.27
-2.36
-4.98
-7.54
-10.14
-12.05
-14
-15.81
-17.75
-19.64
-21.57
-23.41
-25.35
-27.23
-29.12
-30.93
-32.85
-34.74
-36.6
-38.51
-40.4
-42.26
-44.2
-45.97
-47.97
-49.86
-51.73
-53.62
-55.55
-57.43
-59.3
-61.17
-63.09
-64.97
-66.87
-68.75
-70.66
-72.53
-74.42
-75.77
-75.75
-75.75
-75.78
-75.79
-75.76
-75.75
-75.76
-75.75
-75.75
-75.75
-75.42
-73.69
-71.87
-69.78
-67.84
-65.9
-64.07
-62.16
-60.23
-58.41
-56.5
-54.59
-52.72
-50.79
-48.95
-47.04
-45.12
-43.26
-41.36
-39.54
-37.58
-35.63
-33.8
-31.95
-30.15
-28.23
-26.32
-24.39
-22.52
-20.61
-18.73
-16.83
-14.98
-13.05
-11.17
-8.89
-6.26
-3.55
-1.13
1.48
4.23
6.71
9.31
11.41
13.28
15.27
17.1
18.98
20.84
22.78
24.66
26.52
28.39
30.25
32.11
33.99
35.88
37.77
39.63
41.56
43.46
45.29
47.19
49.11
51.01
52.89
54.83
56.72
58.55
60.62
62.35
64.26
