154
66
89
228.56
232.25
210.12
224.74
236.23
198.2
215.23
229.04
208.89
194.89
217.87
201.03
195.17
211.16
207.94
191.01
217.12
227.43
211.16
221.94
217.31
181.45
206.52
224.59
190.16
217.4
205.86
191.48
197.91
216.83
200.75
207.85
232.16
226.02
211.06
227.62
224.17
212.48
233.58
224.62
216.46
222.79
217.87
201.6
207.94
221.94
225.06
234.9
224.5
224.17
230.27
224.48
230.18
234.34
227.33
237.36
232.16
213.05
221.94
229.13
216.36
233.39
227.15
206.43
221
236.7
213.62
206.81
223.65
209.27
211.54
393.55
929.68
928.54
0.52
2.95
2.95
3.73
1.73
0.69
3.55
2.69
6.59
2.77
-238.78
-191.89
-179.75
-182.18
-181.57
-174.21
-176.29
-185.99
-184.52
-180.45
-183.65
-197.69
-182.44
-188.42
-180.53
-185.04
-192.49
-189.46
-188.94
-192.15
-188.07
-180.27
-175.51
-186.43
-176.29
-170.31
-178.02
-183.22
-181.57
-189.72
-175.77
-182.7
-189.03
-184.09
-183.13
-183.05
-194.31
-182.96
-168.05
-175.16
-178.11
-165.63
-166.75
-178.97
-180.53
-190.24
-184.61
-174.55
-183.65
-182.7
-186.17
-181.05
-188.94
-187.64
-165.8
-173.25
-173.69
-179.49
-177.33
-174.73
-187.03
-169.87
-179.84
-181.14
-164.93
-179.75
-183.91
-164.67
-178.45
-173.08
63.31
61.59
59.54
57.7
55.94
53.9
52
50.15
48.23
46.5
44.44
42.56
40.82
38.78
36.9
35.09
33.18
31.4
29.43
27.61
25.85
23.82
21.95
20.04
18.15
16.28
14.4
12.46
10.75
8.25
5.6
2.96
0.45
-2.06
-4.85
-7.37
-9.89
-11.95
-13.88
-15.8
-17.69
-19.44
-21.44
-23.35
-25.17
-27.12
-29.03
-30.93
-32.75
-34.57
-36.51
-38.4
-40.24
-42.17
-44.1
-45.98
-47.87
-49.71
-51.62
-53.52
-55.38
-57.31
-59.25
-61.11
-62.98
-64.8
-66.8
-68.67
-70.51
-72.46
-74.34
-75.52
-75.63
-75.5
-75.61
-75.63
-75.52
-75.63
-75.62
-75.5
-75.61
-75.51
-75.3
-73.58
-71.71
-69.65
-67.75
-65.82
-63.95
-62.02
-60.19
-58.32
-56.37
-54.48
-52.6
-50.7
-48.84
-46.88
-45.09
-43.17
-41.22
-39.4
-37.47
-35.53
-33.74
-31.75
-30.02
-28.1
-26.15
-24.31
-22.42
-20.56
-18.63
-16.66
-14.89
-12.94
-10.93
-8.75
-6.12
-3.65
-1.01
1.8
4.24
6.88
9.64
11.53
13.42
15.38
17.2
19.18
20.95
22.86
24.87
26.62
28.52
30.32
32.18
34.22
35.99
37.89
39.89
41.64
43.56
45.41
47.28
49.36
51.11
53.02
55.05
56.77
58.7
60.57
62.48
64.55
