154
66
89
188.55
196.97
182.02
201.41
202.08
184.1
198.67
195.55
186.65
195.07
205.67
206.71
211.16
223.74
212.01
212.48
215.51
218.63
209.36
187.7
184.95
181.64
191.48
190.72
176.06
180.79
186.94
176.82
180.03
202.83
200.94
194.6
202.55
216.36
209.27
212.01
209.95
213.52
228.75
217.4
221.37
209.36
209.27
203.59
196.68
197.82
193.94
182.11
190.34
186.56
182.49
178.71
202.55
197.91
178.71
194.22
199.71
202.64
212.95
208.22
203.68
211.82
205.76
204.72
210.12
196.3
190.44
181.64
177.38
173.88
167.17
976.13
894.39
882.75
2.77
0.09
-3.21
5.37
7.28
1.65
1.13
-0.09
1.82
2.95
-192.06
-183.39
-189.03
-187.38
-181.05
-178.8
-190.59
-193.45
-180.79
-177.59
-182.79
-183.91
-174.64
-174.03
-171.17
-172.82
-175.07
-173.69
-180.71
-187.81
-175.59
-185.56
-190.85
-201.59
-185.39
-193.79
-191.71
-194.75
-190.67
-191.97
-193.62
-193.88
-207.14
-209.05
-184.87
-191.97
-184.69
-177.15
-185.21
-184.17
-173.69
-181.75
-182.01
-171.61
-185.3
-194.23
-184.87
-183.74
-201.16
-184.52
-188.77
-192.41
-186.17
-185.04
-189.46
-178.97
-179.41
-187.29
-189.46
-178.63
-178.71
-171.26
-169.96
-172.82
-180.62
-172.56
-175.51
-179.49
-173.08
-170.74
63.3
61.44
59.53
57.72
55.83
53.89
52.03
50.31
48.24
46.33
44.46
42.61
40.69
38.82
36.92
35.2
33.18
31.31
29.44
27.61
25.71
23.84
21.95
20.15
18.11
16.28
14.39
12.48
10.63
8.25
5.63
3.02
0.41
-2.24
-4.8
-7.41
-10.02
-11.93
-13.87
-15.75
-17.65
-19.54
-21.34
-23.3
-25.27
-27.17
-29.03
-30.82
-32.74
-34.63
-36.53
-38.42
-40.31
-42.24
-44.1
-45.9
-47.83
-49.74
-51.61
-53.52
-55.42
-57.32
-59.17
-61.12
-62.99
-64.87
-66.78
-68.7
-70.6
-72.43
-74.33
-75.41
-75.49
-75.49
-75.5
-75.5
-75.5
-75.5
-75.47
-75.41
-75.5
-75.51
-75.16
-73.56
-71.75
-69.68
-67.77
-65.84
-63.99
-62.11
-60.2
-58.35
-56.49
-54.66
-52.71
-50.78
-48.92
-47.03
-45.21
-43.29
-41.39
-39.54
-37.6
-35.75
-33.84
-32
-30.16
-28.29
-26.32
-24.46
-22.56
-20.61
-18.77
-16.9
-14.93
-13.13
-11.19
-8.99
-6.11
-3.65
-1.21
1.54
4.22
6.65
9.29
11.34
13.24
15.25
17
18.92
20.8
22.69
24.59
26.49
28.38
30.31
32.03
33.96
35.83
37.72
39.57
41.48
43.37
45.38
47.13
49.08
50.96
52.88
54.74
56.63
58.55
60.53
62.3
64.21
