154
66
89
199.71
188.93
188.55
202.55
191.57
166.5
179.94
170.86
153.83
170.1
173.22
171.52
172.18
181.92
192.9
184.1
206.24
203.4
199.62
199.71
201.13
195.55
203.87
203.12
198.48
201.22
203.21
201.7
182.68
202.17
201.03
185.33
192.05
189.21
188.36
211.06
217.97
201.6
206.9
198.67
214.66
206.14
221.75
219.58
206.24
215.13
212.01
189.87
197.16
188.93
156
164.9
177.76
166.88
164.23
174.07
189.97
176.06
186.28
198.1
185.9
205.39
216.36
204.82
205.1
211.54
203.31
186.28
206.14
188.17
174.45
902.43
908.39
899.12
10.75
6.76
8.41
6.5
6.5
5.11
5.63
3.99
6.41
9.53
-173.86
-183.65
-190.59
-196.05
-184.78
-187.03
-195.87
-199.43
-181.23
-169.35
-173.95
-153.67
-144.83
-149.07
-153.58
-138.07
-151.41
-142.4
-159.3
-165.28
-163.2
-172.13
-177.07
-186.86
-192.93
-189.63
-205.49
-191.8
-163.37
-188.51
-183.91
-163.29
-185.39
-168.23
-178.28
-177.5
-159.47
-173.69
-167.1
-177.67
-165.71
-172.73
-172.39
-162.25
-168.66
-187.73
-184.52
-184.87
-186.34
-173.25
-182.96
-179.32
-179.41
-180.97
-174.47
-156.61
-153.15
-154.62
-153.93
-150.29
-150.11
-150.98
-154.27
-158.17
-168.23
-161.73
-170.74
-171.61
-171
-169.79
63.18
61.3
59.39
57.56
55.83
53.75
51.89
49.99
48.1
46.19
44.34
42.48
40.68
38.65
36.82
34.93
33.05
31.16
29.33
27.5
25.77
23.7
21.81
20.07
18.02
16.14
14.22
12.35
10.63
8.1
5.44
2.8
0.25
-2.4
-4.96
-7.55
-10.05
-12.08
-14.02
-15.8
-17.75
-19.67
-21.57
-23.45
-25.3
-27.26
-29.15
-30.96
-32.89
-34.77
-36.64
-38.55
-40.41
-42.29
-44.2
-46.08
-47.98
-49.83
-51.75
-53.64
-55.47
-57.44
-59.33
-61.18
-63.13
-64.98
-66.91
-68.79
-70.62
-72.56
-74.46
-75.73
-75.71
-75.73
-75.73
-75.74
-75.65
-75.76
-75.75
-75.75
-75.73
-75.73
-75.43
-73.68
-71.82
-69.8
-67.87
-65.98
-64.08
-62.17
-60.31
-58.42
-56.47
-54.62
-52.73
-50.84
-48.93
-47.03
-45.22
-43.29
-41.31
-39.51
-37.6
-35.74
-33.84
-31.97
-30.15
-28.26
-26.28
-24.45
-22.56
-20.57
-18.76
-16.88
-15
-13.04
-11.06
-8.9
-6.26
-3.62
-1.09
1.53
4.09
6.68
9.49
11.4
13.29
15.19
17.05
18.94
20.85
22.75
24.73
26.52
28.41
30.24
32.07
33.99
35.89
37.78
39.75
41.54
43.44
45.29
47.2
49.1
51.01
52.89
54.93
56.69
58.56
60.45
62.35
64.26
