154
66
89
223.55
197.06
194.7
203.11
211.25
175.59
207.85
211.91
176.25
203.12
205.29
187.88
191.38
207.37
192.05
186.94
199.8
186.18
168.3
176.25
179.56
168.87
193.94
193.18
182.87
194.32
204.91
194.98
187.03
213.33
198.01
190.16
213.14
195.55
178.8
208.7
217.78
190.82
193.47
192.71
188.36
183.82
189.68
181.45
178.9
193.75
192.52
171.14
203.87
199.33
184.95
197.16
191.2
187.88
193.09
190.82
186.09
188.26
193.09
169.06
176.53
199.71
189.87
154.96
185.61
180.88
168.96
166.31
180.69
174.26
181.92
882.75
830.91
832.9
4.33
2.6
4.16
9.01
1.13
5.55
4.16
1.3
6.15
3.38
-182.7
-177.67
-180.36
-167.53
-175.16
-166.41
-181.49
-163.03
-160.86
-181.23
-161.21
-170.05
-163.89
-164.07
-175.25
-170.39
-168.92
-173.17
-175.85
-160.08
-163.81
-166.84
-182.09
-159.99
-177.85
-177.67
-172.13
-168.14
-161.9
-174.03
-171.26
-172.3
-189.63
-164.93
-177.59
-188.85
-160.25
-185.99
-185.3
-170.74
-186.17
-175.59
-185.56
-180.71
-179.23
-180.71
-157.13
-173.08
-162.25
-155.14
-187.47
-175.33
-167.27
-177.41
-173.34
-183.65
-176.2
-172.73
-181.75
-163.72
-182.09
-177.85
-156.44
-188.07
-180.71
-172.56
-185.04
-177.33
-177.76
-173.77
63.18
61.28
59.36
57.55
55.79
53.71
51.9
50
48.1
46.19
44.3
42.44
40.66
38.63
36.76
34.89
33.06
31.13
29.28
27.46
25.56
23.7
21.79
19.88
18.01
16.15
14.26
12.34
10.59
8.07
5.35
2.87
0.21
-2.42
-5.09
-7.58
-10.09
-12.12
-14.05
-15.85
-17.8
-19.69
-21.61
-23.47
-25.4
-27.26
-29.18
-31.08
-32.89
-34.78
-36.68
-38.6
-40.38
-42.35
-44.24
-46.1
-48.02
-49.9
-51.79
-53.69
-55.61
-57.46
-59.38
-61.26
-63.14
-65.01
-66.91
-68.83
-70.69
-72.59
-74.46
-75.44
-75.56
-75.54
-75.54
-75.57
-75.41
-75.53
-75.54
-75.44
-75.55
-75.54
-75.27
-73.7
-71.85
-69.82
-67.89
-66.02
-64.13
-62.19
-60.35
-58.47
-56.5
-54.65
-52.75
-50.86
-48.96
-47.09
-45.24
-43.3
-41.34
-39.57
-37.66
-35.72
-33.86
-31.98
-30.18
-28.28
-26.28
-24.43
-22.56
-20.62
-18.77
-16.9
-15.02
-13.11
-11.11
-8.99
-6.32
-3.64
-1.15
1.48
4.11
6.69
9.28
11.35
13.25
15.15
17.06
18.94
20.84
22.72
24.74
26.52
28.35
30.19
32.08
33.95
35.83
37.73
39.7
41.5
43.42
45.35
47.15
49.09
51
52.87
54.94
56.63
58.56
60.43
62.33
64.26
