154
66
89
210.87
215.13
183.06
195.45
212.77
175.87
184.38
192.8
171.23
184.67
199.71
203.68
191.01
209.74
203.4
188.26
200.85
201.32
175.87
185.05
197.63
184.76
179.37
184.38
179.46
164.99
189.78
178.14
169.63
196.97
187.7
170.38
185.71
203.78
180.22
212.1
207.21
206.57
218.35
228.19
220.24
228.28
207.44
216.64
210.78
205.67
207.85
196.3
194.79
186.28
187.32
183.25
192.8
188.07
189.97
200.75
204.06
202.26
208.04
198.39
210.59
224.87
228.85
216.08
211.54
206.99
213.24
196.3
180.03
172.18
189.78
836.4
938.76
932.14
1.47
1.04
-1.47
5.72
1.13
-0.09
2.08
2.43
4.68
3.81
-160.6
-157.48
-163.72
-166.49
-168.92
-152.89
-170.05
-171.43
-162.25
-159.21
-161.03
-149.42
-149.59
-153.49
-149.94
-148.12
-149.07
-147.43
-157.05
-151.67
-152.71
-171.61
-144.31
-155.83
-169.53
-150.72
-165.11
-187.21
-170.13
-173.34
-191.45
-181.92
-182.53
-196.05
-195.53
-154.45
-151.33
-171.87
-141.79
-150.37
-145.52
-148.12
-143.27
-154.1
-167.97
-152.19
-168.92
-163.98
-156.27
-166.93
-172.82
-150.03
-152.63
-165.02
-164.67
-147.95
-153.23
-167.45
-151.33
-154.45
-173.86
-141.36
-153.06
-161.38
-147.17
-145.69
-158.61
-157.48
-147.77
-163.11
63.22
61.49
59.4
57.57
55.88
53.78
51.91
50.03
48.1
46.4
44.37
42.51
40.72
38.71
36.82
34.95
33.1
31.31
29.37
27.53
25.75
23.69
21.84
19.93
18.05
16.29
14.28
12.39
10.63
8.12
5.49
2.83
0.31
-2.21
-4.95
-7.5
-10.02
-12.05
-14
-15.8
-17.78
-19.55
-21.54
-23.42
-25.47
-27.23
-29.1
-31.03
-32.86
-34.64
-36.62
-38.48
-40.33
-42.32
-44.15
-46.07
-47.97
-49.8
-51.73
-53.62
-55.43
-57.42
-59.3
-61.12
-63.1
-64.97
-66.87
-68.78
-70.63
-72.55
-74.41
-75.36
-75.37
-75.25
-75.36
-75.38
-75.26
-75.37
-75.37
-75.36
-75.35
-75.27
-75.1
-73.72
-71.77
-69.82
-67.86
-66
-64.12
-62.18
-60.35
-58.5
-56.5
-54.7
-52.8
-50.94
-49.02
-47.08
-45.32
-43.38
-41.39
-39.67
-37.68
-35.77
-33.97
-32
-30.24
-28.37
-26.39
-24.55
-22.63
-20.83
-18.88
-16.94
-15.16
-13.21
-11.21
-9.15
-6.47
-3.93
-1.3
1.45
3.95
6.51
9.29
11.23
13.17
15.03
16.94
18.93
20.7
22.62
24.62
26.36
28.26
30.23
31.94
33.96
35.74
37.62
39.59
41.36
43.32
45.13
46.99
49.09
50.85
52.75
54.79
56.53
58.43
60.31
62.21
64.23
