154
66
89
180.69
185.42
167.83
174.64
166.6
155.34
160.83
162.63
154.02
168.3
166.88
162.72
166.6
172.56
179.09
181.55
187.13
175.21
164.52
164.14
170.67
179.37
185.42
176.63
185.33
179.28
173.5
181.07
181.55
192.33
185.33
172.75
179.09
172.65
182.68
195.74
186.75
180.13
193.56
180.88
186.56
172.94
176.63
174.26
171.9
185.99
168.02
164.71
164.61
171.33
178.05
169.63
180.03
172.09
181.92
178.9
179.75
186.65
177.86
178.33
174.45
177.86
180.6
170.19
172.56
179.46
166.79
162.91
165.46
166.98
165.37
931.85
937.72
930.91
0.61
-0.61
-0.78
2.34
0.52
1.73
-1.3
1.65
-1.04
1.99
-195.87
-191.02
-209.91
-211.56
-200.9
-218.75
-211.91
-206.88
-218.58
-217.89
-200.64
-215.2
-216.15
-210.26
-196.57
-196.65
-189.81
-192.49
-182.44
-177.15
-177.59
-194.92
-202.03
-202.72
-213.64
-202.81
-214.51
-215.89
-212.95
-213.03
-206.85
-206.07
-206.52
-218.41
-207.76
-209.62
-194.75
-196.74
-194.49
-201.68
-208.27
-195.18
-186.69
-183.74
-182.61
-187.38
-189.89
-185.3
-196.05
-180.19
-186.17
-191.54
-195.44
-197.26
-201.94
-182.7
-180.01
-180.62
-167.01
-175.51
-178.37
-172.91
-174.9
-198.82
-197.26
-209.57
-217.63
-205.98
-206.26
-208.19
63.28
61.43
59.65
57.66
55.76
53.89
52
50.09
48.21
46.31
44.56
42.57
40.61
38.76
36.94
35
33.15
31.24
29.56
27.59
25.67
23.81
21.91
20.01
18.12
16.25
14.46
12.46
10.61
8.29
5.58
2.94
0.39
-2.25
-4.65
-7.42
-10.08
-11.89
-13.93
-15.82
-17.68
-19.56
-21.39
-23.35
-25.27
-27.16
-29.04
-30.95
-32.78
-34.65
-36.44
-38.45
-40.34
-42.17
-44.14
-45.99
-47.88
-49.82
-51.63
-53.58
-55.46
-57.34
-59.27
-61.16
-63.05
-64.9
-66.77
-68.71
-70.62
-72.46
-74.35
-75.62
-75.64
-75.62
-75.63
-75.61
-75.64
-75.64
-75.64
-75.64
-75.64
-75.61
-75.31
-73.65
-71.78
-69.71
-67.77
-65.95
-63.99
-62.09
-60.19
-58.32
-56.44
-54.54
-52.62
-50.74
-48.85
-46.95
-45.1
-43.18
-41.3
-39.45
-37.46
-35.63
-33.75
-31.87
-30.04
-28.11
-26.27
-24.33
-22.45
-20.59
-18.66
-16.79
-14.91
-12.97
-11.04
-8.78
-6.19
-3.63
-0.95
1.68
4.24
6.84
9.46
11.47
13.42
15.27
17.14
19.05
20.94
22.83
24.69
26.64
28.49
30.29
32.15
34.08
35.95
37.88
39.72
41.6
43.55
45.39
47.29
49.2
51.08
53
54.84
56.74
58.64
60.52
62.44
64.31
